 0. 0.
 0.25932918364117835 0.06338287067815308
 0.7817260926579719 0.17651371584552397
 1.3116512396485576 0.27825855761361423
 1.849221143207471 0.3694984824847309
 2.3945352704276086 0.451041984675177
 2.947707297986567 0.5237187818019085
 3.508850902561941 0.5884200864073489
 4.0780797608313275 0.646081099178735
 4.655514654264672 0.6976334970383217
 5.24126215474722 0.7439576436380971
 5.835450148541269 0.7858336036142531
 6.438192312324412 0.823934471031363
 7.049616532358947 0.8588199566023944
 7.669836485322467 0.8909329157601689
 8.29903689581607 0.9206264888835198
 8.937189344670353 0.9481750262594137
 9.584649071502803 0.9737880642720964
 10.241345028389926 0.997628095739662
 10.907490359102212 1.0198194694616707
 11.583298207410154 1.040463395804479
 12.268768573313753 1.0596334939545633
 12.9641146005835 1.0774001630192633
 13.669478385066391 1.0938216035513573
 14.384930974685922 1.108961597007382
 15.110756561136084 1.1228878572880463
 15.846955144416876 1.1356705488695031
 16.59373986829879 1.147380915687915
 17.351252828628823 1.1580957517189467
 18.11970716917747 1.1678844426317805
 18.899173937868223 1.176811765593094
 19.689866278471577 1.1849348077665294
 20.491855238911025 1.1923092624791243
 21.305425010880565 1.1989898374159187
 22.130646642303688 1.2050287629488343
 22.96773327695089 1.2104724668210383
 23.81682701066916 1.2153601218955243
 24.678140987229 1.219729475701108
 25.5518173024774 1.2236115806348742
 26.437998052261353 1.2270455717854878
 27.336896380351355 1.2300768750678115
 28.248725430517897 1.2327482357141344
 29.17362729860797 1.2350998836023748
 30.11181512839207 1.2371624655333118
 31.063431015717196 1.2389554138119858
 32.02868810435383 1.2404906773644755
 33.00779953807248 1.2417799805326941
 34.000907412720125 1.2428420211326
 35.008295919990765 1.243697093403647
 36.030036107807895 1.2443635344235415
 37.06648321578899 1.2448595504265525
 38.11777933978107 1.2452086128623983
 39.18413762355461 1.2454233718877432
 40.26570016295661 1.2455253694528132
 41.36282219760456 1.2455271588092247
 42.47557477542194 1.2454341088669096
 43.60431313602626 1.245246198365515
 44.749179375264504 1.2449615941845473
 45.91038663690717 1.2445730671029918
 47.08821911264824 1.2440661881861914
 48.282889946258216 1.243426473756267
 49.494683329431076 1.242650131672626
 50.723741358013825 1.2417422901128514
 51.970419271623946 1.2407206234169785
 53.23485916610843 1.2396082230483476
 54.51734523316128 1.2384300392903453
 55.81816166447646 1.2371984940747056
 57.1375216038245 1.235920640957352
 58.47578029082286 1.2345999465371158
 59.83307982131855 1.2332308515980832
 61.20970438700554 1.2317987204610914
 62.60600922750133 1.230305144490182
 64.02220748657642 1.2287517134077262
 65.45865440384829 1.2271418322351553
 66.91549207516393 1.2254734598657318
 68.39314678806433 1.223744535866498
 69.89176063839648 1.2219584509575396
 71.41168886577786 1.2201149541111296
 72.95342880567298 1.2182156141591218
 74.51719360185233 1.2162674991120368
 76.10298325431587 1.214270374212881
 77.7115082422986 1.21222767425399
 79.34276856580054 1.2101483768153198
 80.99676422482166 1.2080341378108699
 82.67491617783192 1.2058662915274663
 84.37651394559634 1.2036297352755572
 86.10297848658487 1.2013259404879157
 87.85288884232759 1.1989508018386668
 89.62837645052939 1.1964796795224566
 91.42873083195529 1.1938671756068189
 93.2546624658403 1.1910805506763562
 95.10688183141936 1.188109200465329
 96.98538892869249 1.1849630202537522
 98.89018375765968 1.181687765078155
 100.82197679755592 1.1783126217701734
 102.78076804838119 1.1748310383578318
 104.76797846860543 1.1712325513874111
 106.78289757899371 1.167521806642989
 108.82623585878098 1.1637264575807609
 110.8987037872022 1.1598533597883776
 113.00030136425738 1.1558901630859209
 115.13173906918149 1.151826262892381
 117.29301690197457 1.1476625313665583
 119.48484534187153 1.1433998270691723
 121.70793486810742 1.1390429087389191
 123.96228548068216 1.1346103339607996
 126.24860765883078 1.1301012124975676
 128.56619092331826 1.1254888820736328
 130.91716671184957 1.1207342857447724
 133.30153502442468 1.1158176288169248
 135.71929586104363 1.1107146875263478
 138.17044922170638 1.1054128012937816
 140.65712654411786 1.0999070669515907
 143.1779068698081 1.0941882968401597
 145.7342111572471 1.0882162686917023
 148.3267498856698 1.0819703103105525
 150.95552305507624 1.0754684444350642
 153.62124114470137 1.068737281048843
 156.32461463378013 1.061759864984982
 159.06564352231254 1.0545355350603236
 161.8450382895336 1.047095364717846
 164.6627989354433 1.0394390073402389
 167.52105689774655 1.0315400440106146
 170.4183912179734 1.0233993903686462
 173.3569333338288 1.0150178183418197
 176.33597276607773 1.0063339435349044
 179.3569304731902 0.9972750629794767
 182.41980645516617 0.9878060418690846
 185.5260216704756 0.9779582667389245
 188.6748656398835 0.9678192000603578
 191.86775932185984 0.9575029582740494
 195.10541319563958 0.9471072956814454
 198.38782726122272 0.9367009494594577
 201.71642247707925 0.9262859655851722
 205.09048836397415 0.9157476708134368
 208.5121563596123 0.9049093721151812
 211.98071598475886 0.8936653931948682
 215.49758819788366 0.8819825308311303
 219.06348347822174 0.8698917812399293
 222.679112305008 0.857430474804623
 226.34376419900755 0.8446719243609523
 230.06028107716025 0.8316533673015939
 233.82724198099618 0.8183596717606537
 237.64677834822018 0.8047633564967688
 241.51889017883232 0.7908713581726196
 245.44499843130257 0.7767510232122982
 249.42439262639593 0.7624744354102384
 253.4592042018173 0.7480654210329294
 257.5494331575667 0.7335161760550264
 261.6957899728791 0.7188646913947003
 265.8989851269895 0.7041615574558386
 270.16043957836774 0.6894616572246227
 274.48015332701397 0.6747354751749418
 278.8588368521631 0.6599569379032806
 283.2979111122851 0.6450820263414359
 287.79737610737993 0.6300271571624606
 292.35936327515253 0.6147718595425179
 296.9824516571329 0.5993011997454327
 301.66948317026106 0.5835629161038103
 306.420457814537 0.5675096115080047
 311.23608606919555 0.551200292337423
 316.11707841347175 0.5349099315533997
 321.06485580583563 0.5188362299645597
 326.0794182462871 0.5029959707375927
 331.1628971725312 0.48739773917939994
 336.31458210533276 0.472124066091454
 341.53660448239685 0.45704268945405085
 346.82896430372347 0.4419211985394482
 352.19308252778256 0.42675271797350345
 357.630380113044 0.4116852846508911
 363.1401465802728 0.39687532052831276
 368.72451336717404 0.3825357282586717
 374.3841909529826 0.36861620314599075
 380.1206002961684 0.3547944596276189
 385.9337413967314 0.3409601742949695
 391.82432473390674 0.32726910385330915
 397.7944817453992 0.31382451953154145
 403.8449229104438 0.3006387332925424
 409.97635870827554 0.28765514108894413
 416.18949961812933 0.2747580470126443
 422.48505611924026 0.2619151321465461
 428.8658701285481 0.2493172013939325
 435.33052068758303 0.2371452766536916
 441.88184971328474 0.2255286510735622
 448.51985720565347 0.2145440350220905
 455.24667460239397 0.2040151345555899
 462.0615914242714 0.19381755701468706
 468.9674495882256 0.1839778094854371
 475.96424909425645 0.17465252970687525
 483.05412138006915 0.16589771925778116
 490.23635596642845 0.15763284898501478
 497.51379477027444 0.1497546815873776
 504.88714827084186 0.14244609133320527
 512.357126947366 0.13585469604103106
 519.9251517583165 0.12976003573058184
 527.5919331829286 0.12407960651800738
 535.3588921796721 0.11903187489948544
 543.2274497070171 0.11450787862861062
 551.1983162441983 0.11034836678479261
 559.2729127496858 0.10667501813310702
 567.4526601819497 0.10368392169551358
 575.7382690202247 0.10146291022573316
 584.131160222981 0.0999125978010053
 592.6327547486883 0.09881241152039935
 601.2437630765817 0.09797888066601428
 609.9656061651314 0.09722190536406991
 618.7997049728068 0.0963352984182158
 627.7474804580783 0.09527732176105577
 636.8096431001807 0.09410734106197344
 645.9883243368189 0.09290655949073158
 655.283524167993 0.09179329942599064
 664.697374031408 0.09087359977834313
 674.2312948855335 0.09018699898436029
 683.8859972096049 0.08971599621334728
 693.6629019620918 0.0894002003020054
 703.5634301014644 0.08924750216932821
 713.5911340238974 0.08938648809854674
 723.743882291686 0.08985301730403991
 734.0174120294203 0.0904399410611063
 744.4259328217997 0.09086722301062772
 754.9694446688244 0.09107986760595564
 765.6408427781445 0.09133668132498092
 776.4401271497601 0.09185203689127744
 787.3815073683706 0.09256240653291864
 798.4507738492765 0.09340585813517452
 809.6621361771774 0.09425122024194978
 821.0155943520732 0.09455600088513683
 832.5040435816143 0.09384267297921318
 844.1345886581503 0.09227712765441753
 855.9072295816812 0.09032281207023782
 867.821966352207 0.08814239068301093
 879.8859037620775 0.08574278755340699
 892.0919370189431 0.08341205119486617
 904.4471709151533 0.08183297142199249
 916.9587102430579 0.08125656312206612
 929.6123454179573 0.08129385639958132
 942.4222860245513 0.081872179891115
 955.3885320628399 0.0833468312256183
 968.5110835328227 0.0851323845925201
 981.7828356421503 0.08639454781690394
 995.217997975522 0.08769471871305691
 1008.8165705329379 0.08997199645746236
 1022.5714485220482 0.09209580843911158
 1036.482631942853 0.0931600122660171
 1050.5643303800516 0.09427722755782873
 1064.8165438336443 0.09588845599478436
 1079.2250627189314 0.09782362556878399
 1093.8112014129622 0.09932577762406516
 1108.560750331037 0.09999242282620886
 1123.480814265506 0.1000704024949445
 1138.5784980087187 0.09936503669323368
 1153.846696768325 0.09796272921978014
 1169.2854105443255 0.09626309102241991
 1184.9088489214193 0.09502787452270646
 1200.702802314907 0.0946829582658415
 1216.6814803094883 0.09532292449639145
 1232.837778112813 0.09565761221879077
 1249.1788005172314 0.0932903028767423
 1265.704547522743 0.08885432567351395
 1282.4150191293481 0.08465590023534164
 1299.3031105446971 0.08339120773499432
 1316.3901361458388 0.08298532525806471
 1333.661886348074 0.08228517850917047
 1351.1183611514025 0.08237721588552037
 1368.773770140524 0.0836710908989923
 1386.6210085230887 0.08523782113055453
 1404.6600762990965 0.08487754217051863
 1422.8980782608974 0.08214258809661788
 1441.3279096161411 0.07636952597953713
 1459.956675157178 0.07024313269457975
 1478.7914796763575 0.06672134417642138
 1497.8181135889804 0.06545518274904161
 1517.0507864797455 0.06600812006871475
 1536.482393556304 0.06783788208947349
 1556.1200396110048 0.06842244983563768
 1575.970829436198 0.06701251709560874
 1596.0205534471845 0.06519022111726645
 1616.2763164363134 0.06451065556266995
 1636.7452231959346 0.06338867219967297
 1657.4201689336987 0.06104889555548367
 1678.3011536496053 0.05870272584089124
 1699.4023869283542 0.05642714777920889
 1720.7167639775953 0.05354779375635667
 1742.2371800049793 0.05011404607477783
 1763.9778445952054 0.04607995765842104
 1785.9316529559237 0.04270654275499954
 1808.1057098794847 0.03825811691193547
 1830.4929105735375 0.03132103308592732
 1853.1074646227823 0.024320108749263568
 1875.9280576501703 0.019235281069429407
 1898.9760040327496 0.016223985253216323
 1922.2441989781717 0.015247471725058154
 1945.7326424864352 0.015111455139113961
 1969.448439349891 0.014706056758872309
 1993.377379983839 0.013622216224987929
 2017.5407787653292 0.011574297025686863
 2041.9173213173112 0.009394402742034366
 2066.5283220168353 0.007677671037437403
 2091.359571279201 0.0063656441100653875
 2116.418173896759 0.005369330969868578
 2141.697025077159 0.004600405769807026
 2167.210334405101 0.003983981556323944
 2192.9438922958852 0.00347329345844347
 2218.9119083342102 0.003040663250570582
 2245.1001729353784 0.0026687248285156844
 2271.5228956840874 0.0023458269450818366
 2298.165866995639 0.0020636622732045553
 2325.043296454732 0.001816013388960377
 2352.1480792690177 0.0015980343239485753
 2379.4802154384947 0.0014058252759332208
 2407.039704963164 0.001236162254630576
 2434.833652635374 0.001086324300084952
 2462.847848870427 0.0009539817975602059
 2491.096503253021 0.0008371130208791874
 2519.565406198458 0.0007339535703104347
 2548.2687672914362 0.0006429430096271134
 2577.199481739606 0.0005627087963507623
 2606.357549542968 0.0004920297535195163
 2635.7358659091724 0.0004298213579652494
 2665.348640422918 0.00037511827156990374
 2695.181663499506 0.0003270599711765329
 2725.242039931286 0.0002848804480360353
 2755.5297697182577 0.00024789809101369395
 2786.0448528604215 0.00021550588832556166
 2816.773079773078 0.00018716213380855174
 2847.7286600409257 0.00016238718374853232
 2878.9115936639655 0.00014075411361210718
 2910.307671057498 0.00012188429612546002
 2941.931101806222 0.00010544171761591544
 2973.767676325439 0.00009112928284783271
 3005.824499407498 0.00007868397694307992
 3038.094466260049 0.00006787335425380972
 3070.5846816754424 0.00005849239869637729
 3103.288040861328 0.00005036052841046219
 3136.2045438177065 0.000043318631483767086
 3169.3341905445773 0.00003722674974223042
 3202.6698762495907 0.000031962136876748695
 3236.2187057250962 0.00002741693350637032
 3269.973574178745 0.000023496715618494198
 3303.934481610536 0.000020119003600424065
 3338.101428020469 0.000017211500395593825
 3372.474413408546 0.000014711208527609475
 3407.0392281900654 0.000012563167600306072
 3441.8100819497276 0.000010719522246250828
 3476.772765102833 0.000009138620157611946
 3511.9272776493817 0.000007784277229369791
 3547.280724381723 0.000006625148045029045
 3582.826000507508 0.0000056339634054341365
 3618.556001234386 0.000004787174948714069
 3654.4707265623574 0.000004064396724625987
 3690.577281283772 0.000003448009669034439
 3726.86145581393 0.000002922820956613944
 3763.3232501528328 0.0000024757242645902572
 3799.962664300478 0.0000020954259305396787
 3836.7725934645177 0.000001772223884798623
 3873.760142437301 0.0000014977730093766657
 3910.911101634128 0.0000012649124819708757
 3948.23257584735 0.000001067497864963139
 3985.7174602846153 9.002647601861253E-7
 4023.3657549459253 7.587120584849724E-7
 4061.16325024658 6.389888732740457E-7
 4099.124155771278 5.378040541038995E-7
 4137.234261935321 4.523509865904606E-7
 4175.48646394636 3.80236833805761E-7
 4213.8949713890925 3.194218813443364E-7
 4252.438469886471 2.6817292788095056E-7
 4291.124064230843 2.2501518702273264E-7
 4329.9446496298615 1.886943505587442E-7
 4368.900226083525 1.5814848465990656E-7
 4407.976584007133 1.3247574345994714E-7
 4447.187932985388 1.1091223620963507E-7
 4486.520063433588 9.281151635646348E-8
 4525.965870559384 7.762630980042612E-8
 4565.532459155125 6.4894993152283E-8
 4605.212724428462 5.422677417085895E-8
 4644.992456794696 4.529241152731603E-8
 4684.878761046177 3.7814149933967904E-8
 4724.871637182903 3.1558082879158164E-8
 4764.956875620176 2.632713921056197E-8
 4805.1344763579955 2.1955589388193664E-8
 4845.404439396362 1.8304047020242964E-8
 4885.752555150576 1.5255567275702268E-8
 4926.185928412986 1.2711817589963447E-8
 4966.697454391244 1.0590359981414775E-8
 5007.287133085349 8.82212449665755E-9
 5047.940754910602 7.34921592995282E-9
 5088.658319867002 6.123166628420151E-9
 5129.432723162202 5.103509900405459E-9
 5170.271069588547 4.256409791561047E-9
 5211.159149561342 3.5536625609995917E-9
 5252.096963080585 2.9717760982690897E-9
 5293.0845101462755 2.491231457477698E-9
 5334.107581173715 2.0958715306379462E-9
 5375.166176162903 1.7723584393676396E-9
 5416.25319032149 1.509762960995178E-9
 5457.375728441827 1.2992001255379148E-9
 5498.519580939212 1.1335432290606642E-9
 5539.677643021298 1.007195078942852E-9
 5580.8570194804315 9.15900983508284E-10
 5622.043500731915 8.566191197434728E-10
 5663.237086775748 8.274326426284761E-10
