 0. 0.
 0.25932918364117835 0.002918899005968478
 0.7817260926579719 0.010616003249581044
 1.3116512396485576 0.022284651918251363
 1.849221143207471 0.03721561263152158
 2.3945352704276086 0.054791255109543656
 2.947707297986567 0.074475108690283
 3.508850902561941 0.09580358319549909
 4.0780797608313275 0.11838001089823286
 4.655514654264672 0.14186679919936956
 5.24126215474722 0.16598085564957457
 5.835450148541269 0.1904864447610388
 6.438192312324412 0.21519023627525138
 7.049616532358947 0.23993603707643524
 7.669836485322467 0.264599644563418
 8.29903689581607 0.28908184428107286
 8.937189344670353 0.313307088550562
 9.584649071502803 0.33721444086816815
 10.241345028389926 0.3607571392176224
 10.907490359102212 0.3838983559730824
 11.583298207410154 0.40661017190274906
 12.268768573313753 0.42887090521072213
 12.9641146005835 0.450663329514906
 13.669478385066391 0.47197440058859264
 14.384930974685922 0.49279465876350786
 15.110756561136084 0.5131169609256605
 15.846955144416876 0.5329367982831021
 16.59373986829879 0.5522513673684798
 17.351252828628823 0.5710608105003119
 18.11970716917747 0.5893658435579339
 18.899173937868223 0.6071698754643989
 19.689866278471577 0.6244761426334452
 20.491855238911025 0.641288105656747
 21.305425010880565 0.6576094459028553
 22.130646642303688 0.6734427411159339
 22.96773327695089 0.6887954386720941
 23.81682701066916 0.7036676400061558
 24.678140987229 0.7180705780394546
 25.5518173024774 0.7320136845803202
 26.437998052261353 0.7454988441615124
 27.336896380351355 0.758535790086226
 28.248725430517897 0.7711299142911863
 29.17362729860797 0.7832883500736357
 30.11181512839207 0.7950114635117433
 31.063431015717196 0.8063099502265306
 32.02868810435383 0.8171877866284427
 33.00779953807248 0.8276507874296875
 34.000907412720125 0.8377065152228058
 35.008295919990765 0.8473615790284104
 36.030036107807895 0.856616518010988
 37.06648321578899 0.8654841683092661
 38.11777933978107 0.8739737686148518
 39.18413762355461 0.8820937078604799
 40.26570016295661 0.8898490964725233
 41.36282219760456 0.8972493874974758
 42.47557477542194 0.9042959050662012
 43.60431313602626 0.9109944120448084
 44.749179375264504 0.9173476730090225
 45.91038663690717 0.9233604007825408
 47.08821911264824 0.9290416060825029
 48.282889946258216 0.934399721132807
 49.494683329431076 0.9394473912560865
 50.723741358013825 0.9441943162550696
 51.970419271623946 0.9486544081528608
 53.23485916610843 0.9528293558321357
 54.51734523316128 0.9567275512354017
 55.81816166447646 0.9603500437857321
 57.1375216038245 0.9637045678091483
 58.47578029082286 0.9667962178890545
 59.83307982131855 0.9696412994552276
 61.20970438700554 0.972237392465708
 62.60600922750133 0.9745933470760553
 64.02220748657642 0.9767063373485217
 65.45865440384829 0.9785870470159203
 66.91549207516393 0.9802481811157293
 68.39314678806433 0.9816976650370893
 69.89176063839648 0.9829500392939351
 71.41168886577786 0.9840151161084736
 72.95342880567298 0.9848980288572882
 74.51719360185233 0.9856083120703661
 76.10298325431587 0.9861485987600751
 77.7115082422986 0.9865214273752874
 79.34276856580054 0.986740539660461
 80.99676422482166 0.986812813453204
 82.67491617783192 0.986740539660461
 84.37651394559634 0.9865191682323065
 86.10297848658487 0.9861463387629885
 87.85288884232759 0.9856105733011437
 89.62837645052939 0.9849048174262374
 91.42873083195529 0.9840309702421274
 93.2546624658403 0.982988583464613
 95.10688183141936 0.9817862004484342
 96.98538892869249 0.9804255057290663
 98.89018375765968 0.9789103925604014
 100.82197679755592 0.9772447038938555
 102.78076804838119 0.9754368076327845
 104.76797846860543 0.9734973583711302
 106.78289757899371 0.9714255681732809
 108.82623585878098 0.9692320856350872
 110.8987037872022 0.9669229973835998
 113.00030136425738 0.9644951623798851
 115.13173906918149 0.9619407309376449
 117.29301690197457 0.959256368358543
 119.48484534187153 0.9564409806427742
 121.70793486810742 0.953493407154094
 123.96228548068216 0.9503960030802767
 126.24860765883078 0.9471355331222532
 128.56619092331826 0.9436984989273252
 130.91716671184957 0.9400782224017722
 133.30153502442468 0.9362773386841998
 135.71929586104363 0.9322960293581516
 138.17044922170638 0.9281415775772304
 140.65712654411786 0.9238212973668352
 143.1779068698081 0.9193449720230253
 145.7342111572471 0.9147298024118798
 148.3267498856698 0.9099761251586406
 150.95552305507624 0.9050743705665022
 153.62124114470137 0.900024595494
 156.32461463378013 0.8948242939661946
 159.06564352231254 0.8894733314557798
 161.8450382895336 0.8839664507265874
 164.6627989354433 0.8783032564953075
 167.52105689774655 0.8724781504831713
 170.4183912179734 0.8664801509374248
 173.3569333338288 0.8603030510718128
 176.33597276607773 0.8539429642636085
 179.3569304731902 0.8474089204558515
 182.41980645516617 0.8406995145846002
 185.5260216704756 0.8338051676006722
 188.6748656398835 0.8267212526314778
 191.86775932185984 0.8194482928710828
 195.10541319563958 0.8119839532335071
 198.38782726122272 0.8043145928480154
 201.71642247707925 0.7964342889203072
 205.09048836397415 0.7883338885441123
 208.5121563596123 0.7800179636192854
 211.98071598475886 0.7715026551085782
 215.49758819788366 0.762798816152978
 219.06348347822174 0.7539294785530681
 222.679112305008 0.7449006984045508
 226.34376419900755 0.7356975175565053
 230.06028107716025 0.7263225119321239
 233.82724198099618 0.7167844860133414
 237.64677834822018 0.7070957543174331
 241.51889017883232 0.6972500344154741
 245.44499843130257 0.687234093147091
 249.42439262639593 0.6770337922778215
 253.4592042018173 0.6666403348593977
 257.5494331575667 0.65604725836973
 261.6957899728791 0.6452471491697005
 265.8989851269895 0.6342262682278916
 270.16043957836774 0.6229814847363808
 274.48015332701397 0.6115223142606544
 278.8588368521631 0.5998424148579868
 283.2979111122851 0.5879532709080653
 287.79737610737993 0.5759022957984117
 292.35936327515253 0.5637396005180607
 296.9824516571329 0.551507904705559
 301.66948317026106 0.5392347514372392
 306.420457814537 0.5269257030820226
 311.23608606919555 0.5145677889952628
 316.11707841347175 0.5021374290499482
 321.06485580583563 0.4896209123671867
 326.0794182462871 0.47702594046356284
 331.1628971725312 0.46437588606380287
 336.31458210533276 0.4517287832436466
 341.53660448239685 0.43915797194014533
 346.82896430372347 0.4267025796054783
 352.19308252778256 0.41435042413582224
 357.630380113044 0.4020899574600086
 363.1401465802728 0.3899143960406465
 368.72451336717404 0.37779419502287953
 374.3841909529826 0.36571718601340664
 380.1206002961684 0.35370228621447863
 385.9337413967314 0.3417840866889995
 391.82432473390674 0.3300034579829067
 397.7944817453992 0.3183812718715201
 403.8449229104438 0.30690212439089887
 409.97635870827554 0.29556533852291694
 416.18949961812933 0.28436442864333
 422.48505611924026 0.27328511253451254
 428.8658701285481 0.2623504418615661
 435.33052068758303 0.25162622524655265
 441.88184971328474 0.24117473686648488
 448.51985720565347 0.2310243106571158
 455.24667460239397 0.22115996729790197
 462.0615914242714 0.2115753725954001
 468.9674495882256 0.20231789136993378
 475.96424909425645 0.19345949521813272
 483.05412138006915 0.18504666441518478
 490.23635596642845 0.17710011077638163
 497.51379477027444 0.16961586135446416
 504.88714827084186 0.16254891560869522
 512.357126947366 0.15587968261163462
 519.9251517583165 0.14962306443510487
 527.5919331829286 0.14377712361213577
 535.3588921796721 0.13832287587887585
 543.2274497070171 0.13327730802469817
 551.1983162441983 0.12866823488083812
 559.2729127496858 0.12448774534452485
 567.4526601819497 0.12069377754936823
 575.7382690202247 0.11726018094880689
 584.131160222981 0.11417457272144897
 592.6327547486883 0.11142425968783119
 601.2437630765817 0.1089945473054557
 609.9656061651314 0.10686100671779634
 618.7997049728068 0.1050081579143072
 627.7474804580783 0.10341143639400394
 636.8096431001807 0.10203787727021592
 645.9883243368189 0.10084312584014157
 655.283524167993 0.09978648704986577
 664.697374031408 0.0988595397337836
 674.2312948855335 0.09808777656088684
 683.8859972096049 0.09750071682259717
 693.6629019620918 0.09709734962812613
 703.5634301014644 0.09682313128436641
 713.5911340238974 0.09660790244549324
 723.743882291686 0.09641854744940329
 734.0174120294203 0.09626401710100826
 744.4259328217997 0.09616881590870573
 754.9694446688244 0.09613010624838156
 765.6408427781445 0.09610251320417107
 776.4401271497601 0.0960435906080844
 787.3815073683706 0.09593725289360028
 798.4507738492765 0.09581451623881915
 809.6621361771774 0.0958024200323576
 821.0155943520732 0.0960667927939001
 832.5040435816143 0.09664826553715472
 844.1345886581503 0.09744972971592943
 855.9072295816812 0.0983974347163249
 867.821966352207 0.09950713698725805
 879.8859037620775 0.10074959706307719
 892.0919370189431 0.10198959548020238
 904.4471709151533 0.10305868024863157
 916.9587102430579 0.10390229632220717
 929.6123454179573 0.10462777205797116
 942.4222860245513 0.10534317452595932
 955.3885320628399 0.1061388267548242
 968.5110835328227 0.10715072059415749
 981.7828356421503 0.10849447566806557
 995.217997975522 0.11012395345722405
 1008.8165705329379 0.11188116505375977
 1022.5714485220482 0.11350149031524112
 1036.482631942853 0.11459504061723633
 1050.5643303800516 0.1150676347061073
 1064.8165438336443 0.11521764299862015
 1079.2250627189314 0.11534910250055977
 1093.8112014129622 0.1154292578944257
 1108.560750331037 0.11527063147907451
 1123.480814265506 0.11486486126555884
 1138.5784980087187 0.11425886810763011
 1153.846696768325 0.1133655292783308
 1169.2854105443255 0.11209172218672638
 1184.9088489214193 0.11051244526332465
 1200.702802314907 0.10878762439865867
 1216.6814803094883 0.1071263823168514
 1232.837778112813 0.1055910483712567
 1249.1788005172314 0.10388835297327326
 1265.704547522743 0.10181988170837686
 1282.4150191293481 0.0994428359836351
 1299.3031105446971 0.09688388017134476
 1316.3901361458388 0.09454303646458023
 1333.661886348074 0.09252531943589042
 1351.1183611514025 0.09056061011896502
 1368.773770140524 0.08860088158982139
 1386.6210085230887 0.08701402628356075
 1404.6600762990965 0.0858744696528
 1422.8980782608974 0.08522814629090361
 1441.3279096161411 0.08472616273280845
 1459.956675157178 0.0832371252147691
 1478.7914796763575 0.08109787536866939
 1497.8181135889804 0.07866754697273647
 1517.0507864797455 0.07608094472150492
 1536.482393556304 0.07398812808583256
 1556.1200396110048 0.07273497191253217
 1575.970829436198 0.07181978193083309
 1596.0205534471845 0.07060769588162467
 1616.2763164363134 0.06920202885519235
 1636.7452231959346 0.0682427393444294
 1657.4201689336987 0.06766913537806991
 1678.3011536496053 0.06643573884298662
 1699.4023869283542 0.0640957863887792
 1720.7167639775953 0.06122817200751456
 1742.2371800049793 0.05790588450863044
 1763.9778445952054 0.05366221136116349
 1785.9316529559237 0.04837985925194273
 1808.1057098794847 0.04292558039846333
 1830.4929105735375 0.038360042242304423
 1853.1074646227823 0.03492937021965855
 1875.9280576501703 0.0321905204129997
 1898.9760040327496 0.029487155854620594
 1922.2441989781717 0.02642937172533276
 1945.7326424864352 0.02310368514104454
 1969.448439349891 0.01970195412748393
 1993.377379983839 0.016316064135659576
 2017.5407787653292 0.013096820215168142
 2041.9173213173112 0.010325701104744098
 2066.5283220168353 0.008216239204894163
 2091.359571279201 0.006705806483341742
 2116.418173896759 0.0056037112005507045
 2141.697025077159 0.004760906129221443
 2167.210334405101 0.004089613638480501
 2192.9438922958852 0.0035390512137509636
 2218.9119083342102 0.003078077985028444
 2245.1001729353784 0.0026863709132522633
 2271.5228956840874 0.0023499560980596505
 2298.165866995639 0.00205876745041983
 2325.043296454732 0.0018053097366754248
 2352.1480792690177 0.0015837971269443306
 2379.4802154384947 0.001389647480739583
 2407.039704963164 0.0012191482874513763
 2434.833652635374 0.0010692272258012725
 2462.847848870427 0.0009373027184767428
 2491.096503253021 0.0008211708008232258
 2519.565406198458 0.0007189421945151906
 2548.2687672914362 0.000628966798176798
 2577.199481739606 0.0005498096506643529
 2606.357549542968 0.0004802077427369792
 2635.7358659091724 0.00041904742668503775
 2665.348640422918 0.00036534526124747097
 2695.181663499506 0.00031823073483095755
 2725.242039931286 0.00027693224004245447
 2755.5297697182577 0.0002407640878422883
 2786.0448528604215 0.00020911885268294354
 2816.773079773078 0.00018145867717965044
 2847.7286600409257 0.0001573053441149533
 2878.9115936639655 0.0001362354137751665
 2910.307671057498 0.00011787400063994589
 2941.931101806222 0.00010188924481163106
 2973.767676325439 0.00008798776300458045
 3005.824499407498 0.00007591055767937829
 3038.094466260049 0.00006542875530834809
 3070.5846816754424 0.00005634109768603355
 3103.288040861328 0.00004847011146069012
 3136.2045438177065 0.000041659909747654145
 3169.3341905445773 0.00003577340238590635
 3202.6698762495907 0.00003069050291343755
 3236.2187057250962 0.00002630588254418187
 3269.973574178745 0.000022527256000678067
 3303.934481610536 0.000019274241676432917
 3338.101428020469 0.000016476349484440752
 3372.474413408546 0.00001407227589436783
 3407.0392281900654 0.000012008564851569619
 3441.8100819497276 0.000010238718493265153
 3476.772765102833 0.000008722303349068365
 3511.9272776493817 0.000007424252514106724
 3547.280724381723 0.000006314169039833294
 3582.826000507508 0.0000053656687342045996
 3618.556001234386 0.000004555974988966459
 3654.4707265623574 0.000003865388678021984
 3690.577281283772 0.000003276903694179331
 3726.86145581393 0.000002775873594225361
 3763.3232501528328 0.000002349652591543617
 3799.962664300478 0.0000019873893277119314
 3836.7725934645177 0.000001679737359569248
 3873.760142437301 0.000001418682130688457
 3910.911101634128 0.0000011973436633679186
 3948.23257584735 0.0000010098314623522031
 3985.7174602846153 8.510986757661964E-7
 4023.3657549459253 7.168342329174961E-7
 4061.16325024658 6.03352173481396E-7
 4099.124155771278 5.075067134506108E-7
 4137.234261935321 4.26616390517943E-7
 4175.48646394636 3.5839690691042815E-7
 4213.8949713890925 3.009040082631724E-7
 4252.438469886471 2.524856721614807E-7
 4291.124064230843 2.117354256548422E-7
 4329.9446496298615 1.7746254682563353E-7
 4368.900226083525 1.4865606041650009E-7
 4407.976584007133 1.2445945556396676E-7
 4447.187932985388 1.0414739371451587E-7
 4486.520063433588 8.710669600334179E-8
 4525.965870559384 7.281888053619036E-8
 4565.532459155125 6.084568993254598E-8
 4605.212724428462 5.081799153982048E-8
 4644.992456794696 4.242411674955963E-8
 4684.878761046177 3.540134204878427E-8
 4724.871637182903 2.9528772023613647E-8
 4764.956875620176 2.4620210384036932E-8
 4805.1344763579955 2.0519231046064237E-8
 4845.404439396362 1.709443318028351E-8
 4885.752555150576 1.4235359431887943E-8
 4926.185928412986 1.1849348077665294E-8
 4966.697454391244 9.858683196125487E-9
 5007.287133085349 8.19812657695799E-9
 5047.940754910602 6.813062936039684E-9
 5088.658319867002 5.657719401939828E-9
 5129.432723162202 4.693700835842776E-9
 5170.271069588547 3.8888704836217074E-9
 5211.159149561342 3.216267615378107E-9
 5252.096963080585 2.6532722314793833E-9
 5293.0845101462755 2.1808722159972586E-9
 5334.107581173715 1.7830611592418017E-9
 5375.166176162903 1.4462947772154284E-9
 5416.25319032149 1.159057574305902E-9
 5457.375728441827 9.114860132334683E-10
 5498.519580939212 6.950313989951082E-10
 5539.677643021298 5.021653902371334E-10
 5580.8570194804315 3.261325906644913E-10
 5622.043500731915 1.606972708854061E-10
 5663.237086775748 3.944667844177634E-17
