 1.3116512396485576 1.2876088388104248
 1.849221143207471 1.8159867452446568
 2.3945352704276086 2.3320032686714502
 2.947707297986567 2.8268630969374797
 3.508850902561941 3.2908343763958423
 4.0780797608313275 3.714745582568995
 4.655514654264672 4.091324325003858
 5.24126215474722 4.416064892079184
 5.835450148541269 4.686881750875519
 6.438192312324412 4.904565869181071
 7.049616532358947 5.0714262729252155
 7.669836485322467 5.19113135586083
 8.29903689581607 5.269076712572011
 8.937189344670353 5.309512359887002
 9.584649071502803 5.318216569559819
 10.241345028389926 5.300711053429859
 10.907490359102212 5.260547808058815
 11.583298207410154 5.202997269577179
 12.268768573313753 5.131613368497018
 12.9641146005835 5.049309045328949
 13.669478385066391 4.959724973359129
 14.384930974685922 4.864194396439184
 15.110756561136084 4.765046115591699
 15.846955144416876 4.664231765465024
 16.59373986829879 4.562396215759347
 17.351252828628823 4.461193269199185
 18.11970716917747 4.361376816027369
 18.899173937868223 4.262978591000398
 19.689866278471577 4.166838307336785
 20.491855238911025 4.0729668624572195
 21.305425010880565 3.98166518956326
 22.130646642303688 3.8929848090078134
 22.96773327695089 3.807309157728338
 23.81682701066916 3.7248520721666343
 24.678140987229 3.6453974443512904
 25.5518173024774 3.569674342566625
 26.437998052261353 3.49712899829625
 27.336896380351355 3.427737001207655
 28.248725430517897 3.362344812666446
 29.17362729860797 3.299983946435467
 30.11181512839207 3.240869636522166
 31.063431015717196 3.185554728898621
 32.02868810435383 3.133053095211355
 33.00779953807248 3.0835728846678068
 34.000907412720125 3.0367101134045447
 35.008295919990765 2.9929348993979055
 36.030036107807895 2.9521535757292203
 37.06648321578899 2.913475995658154
 38.11777933978107 2.8781478322370657
 39.18413762355461 2.846476371672588
 40.26570016295661 2.8174015944472366
 41.36282219760456 2.7908668328647996
 42.47557477542194 2.7663083736991485
 43.60431313602626 2.7434144099435933
 44.749179375264504 2.722130138709466
 45.91038663690717 2.7020142876245368
 47.08821911264824 2.6832127276540354
 48.282889946258216 2.665857437210979
 49.494683329431076 2.6501611126796463
 50.723741358013825 2.6370266895905963
 51.970419271623946 2.6261866694133937
 53.23485916610843 2.617386748849143
 54.51734523316128 2.6097298950916654
 55.81816166447646 2.6033479211021007
 57.1375216038245 2.5987422425113746
 58.47578029082286 2.595598177800659
 59.83307982131855 2.5945438512501036
 61.20970438700554 2.5940666957878693
 62.60600922750133 2.5933516208503806
 64.02220748657642 2.592425892844511
 65.45865440384829 2.592810627866992
 66.91549207516393 2.5954762909267406
 68.39314678806433 2.6000221410259976
 69.89176063839648 2.6056055929632
 71.41168886577786 2.611474273503713
 72.95342880567298 2.618777549891319
 74.51719360185233 2.627505820860869
 76.10298325431587 2.6372650220999523
 77.7115082422986 2.648116441502379
 79.34276856580054 2.6601533173773935
 80.99676422482166 2.6738067358851083
 82.67491617783192 2.6886866282380724
 84.37651394559634 2.7043209522242484
 86.10297848658487 2.7223183353656983
 87.85288884232759 2.7406285245836566
 89.62837645052939 2.758670306590595
 91.42873083195529 2.7776091005808783
 93.2546624658403 2.7968738849813324
 95.10688183141936 2.817603631383845
 96.98538892869249 2.8387328652489643
 98.89018375765968 2.8602710802414535
 100.82197679755592 2.88332231662864
 102.78076804838119 2.907965827275883
 104.76797846860543 2.9331100977001063
 106.78289757899371 2.9598324259865363
 108.82623585878098 2.9871419208093837
 110.8987037872022 3.0155492317222823
 113.00030136425738 3.0456758264780928
 115.13173906918149 3.0752715532590016
 117.29301690197457 3.1048986028596537
 119.48484534187153 3.1346405112001747
 121.70793486810742 3.165010503207516
 123.96228548068216 3.196036661920427
 126.24860765883078 3.2264847495884705
 128.56619092331826 3.2570838465931145
 130.91716671184957 3.286802859382172
 133.30153502442468 3.3153524507207996
 135.71929586104363 3.3444812480950254
 138.17044922170638 3.3727425590518956
 140.65712654411786 3.401100025483976
 143.1779068698081 3.4312486397104824
 145.7342111572471 3.461767988313222
 148.3267498856698 3.4930331074584715
 150.95552305507624 3.525667221853395
 153.62124114470137 3.558015408896498
 156.32461463378013 3.590539039637342
 159.06564352231254 3.62386945791675
 161.8450382895336 3.6561832426082006
 164.6627989354433 3.685939227696829
 167.52105689774655 3.7140425796979533
 170.4183912179734 3.7423381439720713
 173.3569333338288 3.77038347723471
 176.33597276607773 3.797396928815053
 179.3569304731902 3.824780078216419
 182.41980645516617 3.850714804956846
 185.5260216704756 3.873727773252124
 188.6748656398835 3.893817863247373
 191.86775932185984 3.910701499716954
 195.10541319563958 3.926513868698915
 198.38782726122272 3.9395719811767114
 201.71642247707925 3.950254883331525
 205.09048836397415 3.960062771916546
 208.5121563596123 3.9702614890563157
 211.98071598475886 3.9806665263385272
 215.49758819788366 3.987897818534857
 219.06348347822174 3.9917086814331237
 222.679112305008 3.9909421613509632
 226.34376419900755 3.9824389580343236
 230.06028107716025 3.968471897955904
 233.82724198099618 3.9539539613576244
 237.64677834822018 3.9388197084511987
 241.51889017883232 3.9182452230653424
 245.44499843130257 3.891202855008426
 249.42439262639593 3.857324643368782
 253.4592042018173 3.816211485774593
 257.5494331575667 3.771155136712819
 261.6957899728791 3.719836974461597
 265.8989851269895 3.6612212809880926
 270.16043957836774 3.5969542645421684
 274.48015332701397 3.5272806808122374
 278.8588368521631 3.4542573737172573
 283.2979111122851 3.3768599236945605
 287.79737610737993 3.2941216519245637
 292.35936327515253 3.210561539865345
 296.9824516571329 3.1259513071568406
 301.66948317026106 3.0371165957708164
 306.420457814537 2.9440855626782128
 311.23608606919555 2.8459141011937352
 316.11707841347175 2.741021242494314
 321.06485580583563 2.6309291099402032
 326.0794182462871 2.518852534863395
 331.1628971725312 2.406347727439434
 336.31458210533276 2.2927371355626804
 341.53660448239685 2.1826182803497414
 346.82896430372347 2.0796702264074036
 352.19308252778256 1.9809111359700637
 357.630380113044 1.886081964591796
 363.1401465802728 1.7930008701165205
 368.72451336717404 1.699367101513038
 374.3841909529826 1.6046387200261498
 380.1206002961684 1.507526329469645
 385.9337413967314 1.4108460076975928
 391.82432473390674 1.3171538308508413
 397.7944817453992 1.224415922918543
 403.8449229104438 1.1334804084752808
 409.97635870827554 1.0464608775463724
 416.18949961812933 0.9619708201206784
 422.48505611924026 0.879855009135193
 428.8658701285481 0.8017180126240302
 435.33052068758303 0.7296758183582464
 441.88184971328474 0.6630050252870617
 448.51985720565347 0.5982298200634255
 455.24667460239397 0.5381995861674783
 462.0615914242714 0.48295405619546167
 468.9674495882256 0.4317447707262601
 475.96424909425645 0.3853709425800097
 483.05412138006915 0.34313495801956806
 490.23635596642845 0.3071895194662295
 497.51379477027444 0.27683916728001495
 504.88714827084186 0.2507127471114187
 512.357126947366 0.22667155373779488
 519.9251517583165 0.2025503228206999
 527.5919331829286 0.18049974198210986
 535.3588921796721 0.16270626208714292
 543.2274497070171 0.14776153035992395
 551.1983162441983 0.13349866825351375
 559.2729127496858 0.11846279669888392
 567.4526601819497 0.10192428600470818
 575.7382690202247 0.08170288206722731
 584.131160222981 0.05774918804237522
 592.6327547486883 0.035888812495752744
 601.2437630765817 0.019816369322602438
 609.9656061651314 0.011017325118365954
 618.7997049728068 0.008086597996511293
 627.7474804580783 0.00955280612165785
 636.8096431001807 0.013258108196245275
 645.9883243368189 0.014765435205596878
 655.283524167993 0.011115653185804644
 664.697374031408 0.0007827845696551942
 674.2312948855335 -0.014043424973509152
 683.8859972096049 -0.028937075063656243
 693.6629019620918 -0.03646448218219997
 703.5634301014644 -0.031344393160191615
 713.5911340238974 -0.01722504167884117
 723.743882291686 0.0006853361265775574
 734.0174120294203 0.01868428147606792
 744.4259328217997 0.032971520366476666
 754.9694446688244 0.03757648046307305
 765.6408427781445 0.03165002768372458
 776.4401271497601 0.021899626890272125
 787.3815073683706 0.018117067074308865
 798.4507738492765 0.02568856969877096
 809.6621361771774 0.03934786693535204
 821.0155943520732 0.05157383903107225
 832.5040435816143 0.056259812626816
 844.1345886581503 0.05105738700382882
 855.9072295816812 0.03819362314369302
 867.821966352207 0.02297190273254818
 879.8859037620775 0.013026728362076164
 892.0919370189431 0.009973609581345234
 904.4471709151533 0.0107417496674456
 916.9587102430579 0.012308822822302275
 929.6123454179573 0.010033678638735213
 942.4222860245513 -0.0007235272779976667
 955.3885320628399 -0.015426679150649826
 968.5110835328227 -0.017841842466774067
 981.7828356421503 -0.007797606368447525
 995.217997975522 0.0023089731530938702
 1008.8165705329379 0.0023601048246197497
 1022.5714485220482 -0.017072574443862745
 1036.482631942853 -0.04449315769269231
 1050.5643303800516 -0.056363473645653334
 1064.8165438336443 -0.05257727833913763
 1079.2250627189314 -0.04950440431355503
 1093.8112014129622 -0.04490404346772492
 1108.560750331037 -0.02924849738555668
 1123.480814265506 -0.018964763528176703
 1138.5784980087187 -0.03552337375378861
 1153.846696768325 -0.06497789727474873
 1169.2854105443255 -0.0834179694412842
 1184.9088489214193 -0.08839065673640038
 1200.702802314907 -0.07983165190743825
 1216.6814803094883 -0.06160870793338402
 1232.837778112813 -0.04010912909313786
 1249.1788005172314 -0.02809000244375679
 1265.704547522743 -0.024938517790111144
 1282.4150191293481 -0.0017312411527174636
 1299.3031105446971 0.0418616051311371
 1316.3901361458388 0.0840172467894846
 1333.661886348074 0.12232572085812939
 1351.1183611514025 0.1526765498806379
 1368.773770140524 0.1660446398528238
 1386.6210085230887 0.1664287924656897
 1404.6600762990965 0.15293860507228033
 1422.8980782608974 0.09936106397727547
 1441.3279096161411 0.02154173991092349
 1459.956675157178 -0.00908084098867492
 1478.7914796763575 0.03606982430395803
 1497.8181135889804 0.11468242300999058
 1517.0507864797455 0.18621987488510328
 1536.482393556304 0.24150666749655686
 1556.1200396110048 0.252984853565437
 1575.970829436198 0.20533512445433813
 1596.0205534471845 0.14476332836681055
 1616.2763164363134 0.12149434895830566
 1636.7452231959346 0.12429433105939652
 1657.4201689336987 0.10788018257140862
 1678.3011536496053 0.053351964712013075
 1699.4023869283542 -0.008332791009772028
 1720.7167639775953 -0.033924767018961126
 1742.2371800049793 -0.03824121801748458
 1763.9778445952054 -0.04431339882619014
 1785.9316529559237 -0.046141422036419986
 1808.1057098794847 -0.040291443249977694
 1830.4929105735375 -0.03606076215410488
 1853.1074646227823 -0.03446053791654629
 1875.9280576501703 -0.02077194438796422
 1898.9760040327496 0.0025373727067278316
 1922.2441989781717 0.024263672736716323
 1945.7326424864352 0.03220348439703506
 1969.448439349891 0.029680458607594173
 1993.377379983839 0.02713220009689395
 2017.5407787653292 0.028073140141027984
 2041.9173213173112 0.032549037861368584
 2066.5283220168353 0.036176074330878896
 2091.359571279201 0.03629054704946347
 2116.418173896759 0.04434290743074503
 2141.697025077159 0.044551597060472486
 2167.210334405101 0.03571383508147852
