 0. 0.
 0.0006557001652437595 0.11778623765064614
 0.0019765532013567002 0.3532230829540658
 0.003316440990188563 0.5903191465062173
 0.004675658142861082 0.8272737108231998
 0.006054456156673302 1.0608652914798686
 0.007453122457109838 1.2870425796935077
 0.008871944469655314 1.5016991668522353
 0.010311209619794346 1.7012910732856452
 0.011771223297104344 1.8832311641236128
 0.013252254962977137 2.0460015752859735
 0.014754627971082925 2.1890730833491707
 0.016278629746906324 2.3127210554125406
 0.017824583644117535 2.4178202861276024
 0.019392777088201172 2.505637817972394
 0.020983677145569746 2.5776809892681727
 0.0225972119598521 2.635531382516584
 0.024234279735687664 2.6807816976951964
 0.02589470083214857 2.714965364186425
 0.027579014172018457 2.7395139438135674
 0.029287758678080998 2.755736610165296
 0.03102093435033619 2.764836151811852
 0.0327790801115677 2.767873420521627
 0.03456255524363129 2.765771051281837
 0.03637153938745486 2.759349335774398
 0.03820675110674995 2.74931577574488
 0.040068190401516574 2.73629044882487
 0.04195639619453837 2.7207792557822112
 0.04387172776767113 2.703234114600722
 0.04581472404369851 2.684022037142677
 0.047785564663548406 2.6634333086809088
 0.04978478855000446 2.641739468078559
 0.051812575343994575 2.6191683398266954
 0.0538696436092303 2.5959030965399377
 0.055956172986639505 2.572124199492757
 0.058072702399005874 2.547983462991239
 0.06021959112818516 2.523594145285874
 0.06239737809696105 2.4990649060108194
 0.0646064225871893 2.4744906592200766
 0.06684708388072567 2.449961020616462
 0.06911990090035386 2.4255324749880325
 0.07142541256885751 2.4012916401147764
 0.07376397816809238 2.377281758387758
 0.07613613662084215 2.353538306949812
 0.07854224720896259 2.330126819356594
 0.08098284885523738 2.3070574017083443
 0.08345848048245015 2.284379442866233
 0.0859695013724567 2.2621047161709
 0.08851663008896854 2.2402452496491576
 0.09110004627291361 2.218823361098611
 0.0937206481289313 2.19783156471335
 0.09637879493887742 2.17728230045068
 0.0990750256255356 2.157177883477675
 0.10180969947076166 2.1375100127396665
 0.10458371467919497 2.118311890223766
 0.10739725089176345 2.0995826023564352
 0.11025120631310656 2.081320885441519
 0.11314594022508004 2.063526192677325
 0.11608199155046757 2.0461911030825335
 0.11906007885298069 2.029304331682218
 0.12208074105540308 2.0128539101530944
 0.12514469672144626 1.9968338811040562
 0.128252305132966 1.9812299370658095
 0.13140446449460177 1.9660077746969904
 0.13460153408820932 1.9511374932861887
 0.13784423247750022 1.9366295001630331
 0.141133278226186 1.9225012714688476
 0.1444692102570503 1.9087542343411015
 0.1478529267747326 1.8953719900990138
 0.15128478706108867 1.8823232470654307
 0.15476550967983002 1.8695994913183067
 0.15829599283559612 1.8572470026635908
 0.1618767754511706 1.845302223614906
 0.16550875573119297 1.8337500294281939
 0.16919229295751892 1.8225257378935122
 0.1729284649757158 1.811581313739883
 0.17671763106763938 1.8009230968673824
 0.1805606894379291 1.790564911017366
 0.1844588975730802 1.7804819511471293
 0.18841279439587633 1.7706172433794818
 0.19242237990631741 1.7609326902457136
 0.19648945051368244 1.7514389152109526
 0.20061400621797132 1.7421211271433776
 0.2047960470191841 1.7329217196543487
 0.2090391657358785 1.7238167305518532
 0.21334156595877565 1.7148297581262162
 0.21770684050643335 1.7059757315777158
 0.22213139656029376 1.6972790542910183
 0.22662062334819358 1.6887791093647064
 0.23117272446085385 1.6804987752804899
 0.23578949630755355 1.6724013355616394
 0.2404727352975715 1.6644345610509028
 0.24522244143090763 1.6565747752458542
 0.25003861470756206 1.6488167497222705
 0.2549230515368136 1.6411293353763396
 0.25987575191866225 1.6334534964391574
 0.2649003086716657 1.6257441586508796
 0.2699949253865452 1.6180091077593186
 0.27516139847257953 1.6102604297661216
 0.28040152433904764 1.6024687207636197
 0.28571530298594944 1.594608192630129
 0.2911045308225638 1.5867087240512865
 0.29656920784889085 1.5788134914431766
 0.3021111304742093 1.5709112089180026
 0.30773209510779814 1.5629803808403835
 0.3134321017496573 1.5550564005998313
 0.3192129468090657 1.5471912313858103
 0.3250728338767444 1.539377087947909
 0.3310171521805302 1.5315827381941056
 0.33704590172042276 1.5237821592104361
 0.3431590824964224 1.5159326202826453
 0.34935669450852896 1.5080215338033522
 0.3556441269845791 1.5000508974773057
 0.3620177871060151 1.492006313201541
 0.3684812676913946 1.4838640492089494
 0.3750363651499966 1.4755847295925508
 0.381683079481821 1.4671873005790574
 0.3884232070961468 1.4586529154212997
 0.3952585444022527 1.4499038383998721
 0.40218909140013887 1.4408619154937508
 0.40921664449908407 1.4314515368224643
 0.41634120369908834 1.4216638180241818
 0.42356815822798827 1.4115745918393738
 0.4308939152672261 1.4012346050975406
 0.4383238640446385 1.3907039709016138
 0.4458562081509465 1.3800316193367763
 0.45349454040470805 1.3692126088396037
 0.4612388608059229 1.3582155398595264
 0.469092762173149 1.347031087896081
 0.47705444809710734 1.3356311848716915
 0.48512751139635574 1.3239244151477183
 0.493313748480173 1.311809125170733
 0.5016131593485592 1.299208702673207
 0.510029336820072 1.2861140874076642
 0.5185604844854327 1.2725065203367452
 0.5272119915724777 1.2583498787404497
 0.5359820616719282 1.2436899254305427
 0.5448742876023419 1.2286174860477423
 0.5538904657729978 1.2130877909070044
 0.5630323925931747 1.1970886295658947
 0.5722982716535938 1.1807424894311982
 0.5816952885913704 1.1641055920638832
 0.591219850587947 1.1470487145565555
 0.60087734687116 1.129400894412574
 0.6106677774410094 1.1111740895525273
 0.6205947351160532 1.092529048108258
 0.6306564234870123 1.0736287431857474
 0.6408582317817234 1.054489038504944
 0.6512001600001864 1.0350535907582277
 0.6616840045516803 1.0152900505629792
 0.672311561845484 0.9952370960330219
 0.683086424700155 0.9750208830465659
 0.6940085931156935 0.9547337569699361
 0.7050798635013784 0.9343496314849161
 0.7163038286757674 0.9137522649572678
 0.7276804886388604 0.8929593474644358
 0.7392152326184941 0.8719415537178188
 0.7509044677961106 0.8507084142935599
 0.7627553798088258 0.8292837006033351
 0.7747679686566393 0.8076880393195793
 0.7869440307488301 0.7858506199362828
 0.7992853624946771 0.7637711317764326
 0.811795556712738 0.7415391605252004
 0.8244746134030129 0.7192738135100496
 0.8373279217933381 0.6971189696737956
 0.8503536854744352 0.6752538561512751
 0.8635572936741405 0.6536243537489974
 0.8769387463924541 0.6319746977074315
 0.8905016364479338 0.6101109947708767
 0.9042495566591371 0.5880343839614203
 0.9181807106167853 0.5658806517467242
 0.9323004875487151 0.5437223551205119
 0.9466106838642052 0.521577286476202
 0.9611148923818135 0.4994204307661699
 0.9758131131015397 0.4772104508675945
 0.9907071424326631 0.45481462796276656
 1.00580236960302 0.43229481924254304
 1.0211005910218895 0.41000037941156114
 1.0366036030985502 0.3879575243401846
 1.0523132022422812 0.36623602907253233
 1.0682311848623613 0.3450852525584277
 1.084364736595906 0.3246449192286685
 1.1007102646243576 0.3047874374769523
 1.1172749545848313 0.2854540968787679
 1.1340588064773274 0.26692759470823785
 1.1510672095296826 0.24946733435173038
 1.1682983673326177 0.23318956127555515
 1.1857594655232484 0.21805860578938874
 1.2034505041015746 0.20395329453660438
 1.221376872295433 0.1908371218135633
 1.2395367736955447 0.1786396585797161
 1.2579373939390253 0.16738359615935366
 1.2765805294351533 0.15711920912813807
 1.295467976593208 0.14783762879289
 1.3146033282317466 0.13951008627175093
 1.3339883807600488 0.13215790490669813
 1.3536267269966715 0.1258463225405544
 1.373521959760173 0.12046810083757392
 1.3936758754598322 0.11573257181210247
 1.4140920669142065 0.11151183334041902
 1.4347741269418537 0.10774539448046346
 1.4557238519520528 0.10441390307934194
 1.4769448347633614 0.10144072257655817
 1.4984406681943374 0.09864762435326652
 1.5202131486542596 0.0958728822343373
 1.542265868961686 0.09316527523269212
 1.5646024219351735 0.0907022525552757
 1.587226400393281 0.08871551090423817
 1.6101396007452866 0.08743256068416476
 1.633347412219027 0.08707010068936565
 1.6568498348145024 0.08771123638217913
 1.6806522577595495 0.08928894609980298
 1.7047582738727256 0.09154141879110671
 1.72916967956331 0.09406659846489904
 1.7538900676498603 0.09647885807872254
 1.7789230309509343 0.09848029839784368
 1.8042775515129261 0.09987623175020449
 1.8299482401079994 0.10062254192032141
 1.855924318280481 0.10082743321553678
 1.882241714215948 0.10060327042994024
 1.9089004279144004 0.09991415923682861
 1.93588249528305 0.09856037895932476
 1.9631879163218964 0.09635287920318952
 1.990852619216517 0.0933213545009446
 2.0188406757813344 0.08981232996703221
 2.0471880142019265 0.08651261582341621
 2.075894634478292 0.08416321475970925
 2.104942572517644 0.08293535723607243
 2.13434979241277 0.0824580697426271
 2.1641162941636702 0.08242671110712282
 2.194242077770345 0.08276696367504799
 2.224745107325582 0.08362952790826597
 2.255607418736594 0.08521350120097453
 2.286846976096169 0.08732594583508715
 2.3184817434970957 0.08938025458337223
 2.3504757927537963 0.0912021336766991
 2.382865052051849 0.09357963795662914
 2.4156495213912534 0.0970776079088661
 2.448829200772009 0.1009383343458464
 2.4823861261013285 0.10428190899115244
 2.5163562255647878 0.10675855477173705
 2.550739499162388 0.10809749476564766
 2.5855179828013393 0.10836313297009537
 2.6206916764816426 0.10796876547565616
 2.656296508388875 0.10711327480001784
 2.692332478523037 0.10596755584265459
 2.7287636586985506 0.10456491482527473
 2.765643941193782 0.10236258495228859
 2.8029373978231535 0.10016345295215102
 2.840661992679454 0.09897557328735988
 2.8788356898554732 0.09821107620055927
 2.917440525258421 0.09739597002339254
 2.9564764988882977 0.09701307498076496
 2.9959795389306816 0.09775525344953691
 3.0359137171999944 0.09984454010042991
 3.0763149618818137 0.10234625426709512
 3.117165308883351 0.10394733128240793
 3.1584827222973946 0.10412085509310076
 3.200267202123945 0.10265565883803619
 3.242518748363002 0.0990766256359748
 3.285219396921777 0.09413670269327733
 3.3284230400786354 0.08911730297439137
 3.3720937496480006 0.08498224587730845
 3.416231525629873 0.08147459605104124
 3.460872296209829 0.07783647329234337
 3.5059980972950804 0.07487592696418258
 3.5516089288856265 0.07426413571507602
 3.5977227550742574 0.07741960607745026
 3.6443216117681834 0.0802489257057959
 3.691423463060193 0.08311359990081081
 3.739046273043076 0.08751230924695264
 3.787154113531254 0.09032404579798306
 3.8357829127103042 0.08971400886198497
 3.8849147064874394 0.08746212454275863
 3.9345674589554465 0.08509232112103385
 3.984759134207115 0.08209074967289645
 4.035453804056869 0.07765214495404017
 4.0866694325974935 0.07235433083683404
 4.138423983921781 0.06634177557707092
 4.190699493936941 0.059409680489944994
 4.243495962642973 0.05381259509629191
 4.296849318225456 0.05162200835690634
 4.350741596591599 0.05074184376262877
 4.405154833648616 0.04941928579061928
 4.460124957582083 0.04791614279399984
 4.515634004299212 0.04637280052853105
 4.571699937892791 0.04411539683999161
 4.62830479427003 0.03837886178894226
 4.685484501616509 0.03045072484500758
 4.743185167653861 0.024434025171239736
 4.8014606846604515 0.021020660866396722
 4.860293088543492 0.01833938402578966
 4.919682379302983 0.01564458364672848
 4.979646521031713 0.012892381541808265
 5.040149585544103 0.010233928571494322
 5.101245465118523 0.008305807432266612
 5.162880267476602 0.006943191679974361
 5.22510788489671 0.005674970445168551
 5.287892389193267 0.004557329815247019
 5.351251744459065 0.003672976087845059
 5.415167986601311 0.002990242546068805
 5.4796770438055855 0.0024562842614398814
 5.544742987886311 0.002031498553981527
 5.610401747029062 0.0016889717753193279
 5.676617393048265 0.001409993258896249
 5.7434258541294945 0.0011810387949325776
 5.8107912020871755 0.0009920161684534362
 5.8787493651068825 0.0008352019322790678
 5.947282379095829 0.0007045823803124351
 6.016390244054015 0.0005954113391436809
 6.086072959981439 0.0005038963959343035
 6.156348490970891 0.0004269855752622379
 6.227180908836793 0.0003622041700108535
 6.298606141764722 0.0003075318107289054
 6.370588261569103 0.0002613119857293102
 6.44316319643551 0.00022217845037615031
 6.516312982271155 0.0001890026050603987
 6.590037619076041 0.00016084462946600934
 6.664319142757376 0.00013692272582127004
 6.739193481500739 0.00011658292883551831
 6.814624707120552 0.00009927685032500427
 6.890630783709604 0.00008454367511761903
 6.967211711267894 0.00007199551670625813
 7.044367489795424 0.0000613044911268912
 7.1220621911066155 0.000052193481254071465
 7.2003317433870455 0.000044427764813160184
 7.279176146636714 0.00003780825567448627
 7.358559472670044 0.00003216572495885583
 7.438517649672613 0.000027356306296486418
 7.519014749458844 0.000023257516556954875
 7.600068736121525 0.000019764985724080715
 7.681661645567867 0.000016789809081908477
 7.763811441890659 0.000014256041663045725
 7.846500160997113 0.000012098905159538028
 7.929727802887228 0.000010263112320905775
 8.013494367561004 0.00000870137701531664
 8.097781890925654 0.000007373406235385137
 8.182608337073965 0.000006244711461590592
 8.267955741913148 0.000005285857479785114
 8.353824105443206 0.000004471707382730266
 8.440213427664133 0.000003780784304190909
 8.527123708575935 0.0000031947629935864613
 8.614519019993033 0.0000026979854959527916
 8.702435290101002 0.0000022771190349980843
 8.790836590714267 0.0000019207615853041494
 8.879722921832828 0.0000016192084027326658
 8.969112247549472 0.0000013641851278911663
 9.05898660377141 0.0000011486447321056159
 9.149328026405858 9.665841131995708E-7
 9.24013651545281 8.129001817567735E-7
 9.33143003500506 6.832498864163851E-7
 9.423172656877025 5.739403922677984E-7
 9.515364381068709 4.818400268189644E-7
 9.60800520758011 4.0428720331379087E-7
 9.70107717231844 3.3902444735038054E-7
 9.794598239376489 2.841370518501165E-7
 9.888532480568678 2.3800457626190724E-7
 9.982897859987796 1.9925344532422435E-7
 10.077676413541054 1.6672240542336942E-7
 10.172868141228454 1.3942922873141962E-7
 10.268437114864417 1.1654392407590101E-7
 10.364419262634518 9.736553117154207E-8
 10.460778656353183 8.130317704611614E-8
 10.557497331927625 6.785791957230288E-8
 10.654611217543417 5.660948626665982E-8
 10.752066420922194 4.720409769081727E-8
 10.849880906156743 3.934394281884856E-8
 10.948036709154282 3.2778557250227E-8
 11.046533829914804 2.729742231860599E-8
 11.145336340252735 2.272377032188226E-8
 11.244480168353652 1.8909161257113922E-8
 11.343929386031975 1.5729145893508432E-8
 11.443666029194919 1.3079366124362569E-8
 11.543708061935273 1.0872368736465686E-8
 11.644037520160243 9.034970351562571E-9
 11.744618475684257 7.505905611285396E-9
 11.8454688926001 6.2339347172871645E-9
 11.946588770907777 5.1762561840101125E-9
 12.047942182421705 4.297093440193432E-9
 12.149529127141886 3.5665835105078823E-9
 12.251349605068322 2.9598203069631658E-9
 12.353367688015432 2.456012043690629E-9
 12.455601340076008 2.0378516097948293E-9
 12.558032597157258 1.6909051357473941E-9
 12.660661459259185 1.403164166742303E-9
 12.76345199819621 1.1646377038978119E-9
 12.866404213968336 9.670174949206506E-10
 12.969500142482769 8.034024433500634E-10
 13.0727577478323 6.680633398307314E-10
 13.176141101831353 5.562551454464741E-10
 13.279650204479928 4.640465356338551E-10
 13.383285055778023 3.881952810864856E-10
 13.48700972754006 3.2603417061686656E-10
 13.590824219766043 2.75383540170708E-10
 13.69471056836318 2.344781639594161E-10
 13.79868673742426 2.0191994031011829E-10
 13.902716798763707 1.7663639948519943E-10
 14.006782788288733 1.5786652640055295E-10
 14.110902670092123 1.4515292106969957E-10
 14.215040515988301 1.3833270399185694E-10
 14.319196325977268 1.3722351981844736E-10
