 0.25932918364117835 0.9998704960882134
 0.7817260926579719 0.9999155146547276
 1.3116512396485576 1.0003902884667417
 1.849221143207471 1.001331619882701
 2.3945352704276086 1.0026957504051486
 2.947707297986567 1.004375668626004
 3.508850902561941 1.0062997779823224
 4.0780797608313275 1.008301708743219
 4.655514654264672 1.010220219999
 5.24126215474722 1.0119665856055597
 5.835450148541269 1.01343299669659
 6.438192312324412 1.014628951106682
 7.049616532358947 1.0155109485150637
 7.669836485322467 1.0160605996832386
 8.29903689581607 1.0163810170839787
 8.937189344670353 1.0163821311155161
 9.584649071502803 1.0161596488827596
 10.241345028389926 1.0157782116687382
 10.907490359102212 1.0151489781673457
 11.583298207410154 1.0143909925854244
 12.268768573313753 1.0135131348054052
 12.9641146005835 1.0125064172066973
 13.669478385066391 1.011454434419399
 14.384930974685922 1.0102949973618285
 15.110756561136084 1.0090744964181375
 15.846955144416876 1.0078143621932483
 16.59373986829879 1.0064857279474182
 17.351252828628823 1.0051403891446635
 18.11970716917747 1.0037802560310067
 18.899173937868223 1.0023844811282234
 19.689866278471577 1.0009745071957366
 20.491855238911025 0.9995498639221256
 21.305425010880565 0.9981068328570749
 22.130646642303688 0.9966450483931807
 22.96773327695089 0.9951889398378659
 23.81682701066916 0.9937403521155939
 24.678140987229 0.9922950539921777
 25.5518173024774 0.9908763372227465
 26.437998052261353 0.9894434450533947
 27.336896380351355 0.9879923127220194
 28.248725430517897 0.9865501124921494
 29.17362729860797 0.9850777084043162
 30.11181512839207 0.9835833690449348
 31.063431015717196 0.9820751882016987
 32.02868810435383 0.980527337263491
 33.00779953807248 0.9789387278802333
 34.000907412720125 0.9772961813673043
 35.008295919990765 0.9756193254738247
 36.030036107807895 0.9738900446693934
 37.06648321578899 0.9719403910767874
 38.11777933978107 0.9702505103102176
 39.18413762355461 0.9683811276880195
 40.26570016295661 0.9664696613674074
 41.36282219760456 0.9645113824451413
 42.47557477542194 0.962508516292398
 43.60431313602626 0.9604534386421799
 44.749179375264504 0.958354593450749
 45.91038663690717 0.9562082516693572
 47.08821911264824 0.9540068087608328
 48.282889946258216 0.9517469505538074
 49.494683329431076 0.9494226768333989
 50.723741358013825 0.9470460254733682
 51.970419271623946 0.9446096402037532
 53.23485916610843 0.9421073367186296
 54.51734523316128 0.9395264245845596
 55.81816166447646 0.936865591588709
 57.1375216038245 0.934143375807795
 58.47578029082286 0.9313459465219674
 59.83307982131855 0.9284848766832936
 61.20970438700554 0.9255449373123334
 62.60600922750133 0.9225467636581527
 64.02220748657642 0.9195075863055988
 65.45865440384829 0.9164407316709344
 66.91549207516393 0.9133404113752455
 68.39314678806433 0.9102019593522762
 69.89176063839648 0.9070061590155893
 71.41168886577786 0.9037451484087127
 72.95342880567298 0.900433664380632
 74.51719360185233 0.8970562486675557
 76.10298325431587 0.8936014212152645
 77.7115082422986 0.8900730029842528
 79.34276856580054 0.8864796844325031
 80.99676422482166 0.8828209314905665
 82.67491617783192 0.8790948319177434
 84.37651394559634 0.875294509896307
 86.10297848658487 0.8714333113905417
 87.85288884232759 0.8674814877240645
 89.62837645052939 0.8634231712621362
 91.42873083195529 0.8592710464673649
 93.2546624658403 0.8550048078326437
 95.10688183141936 0.8506226460542091
 96.98538892869249 0.8461035701018726
 98.89018375765968 0.8414517305594018
 100.82197679755592 0.8366821457026555
 102.78076804838119 0.831807960432222
 104.76797846860543 0.8268043885473053
 106.78289757899371 0.8216722453202512
 108.82623585878098 0.8163925993211615
 110.8987037872022 0.8109429524685473
 113.00030136425738 0.8052952843274324
 115.13173906918149 0.799568051521305
 117.29301690197457 0.7936719846813817
 119.48484534187153 0.7876585008039099
 121.70793486810742 0.7815139175465785
 123.96228548068216 0.7752426217283459
 126.24860765883078 0.76883454028637
 128.56619092331826 0.7622733024995844
 130.91716671184957 0.755519759122278
 133.30153502442468 0.7485899229964603
 135.71929586104363 0.7415060475507579
 138.17044922170638 0.7342574104333637
 140.65712654411786 0.7268511766968668
 143.1779068698081 0.7192679214573269
 145.7342111572471 0.7114704708614573
 148.3267498856698 0.7034567528206646
 150.95552305507624 0.6952127968155717
 153.62124114470137 0.68670952671478
 156.32461463378013 0.6779544560130344
 159.06564352231254 0.6689782457234916
 161.8450382895336 0.6597693740620589
 164.6627989354433 0.650296528085352
 167.52105689774655 0.6405569954068966
 170.4183912179734 0.630579921890621
 173.3569333338288 0.6204250787035279
 176.33597276607773 0.6101282017013827
 179.3569304731902 0.5996795497905818
 182.41980645516617 0.5890333658481115
 185.5260216704756 0.5781419659896762
 188.6748656398835 0.567041759977442
 191.86775932185984 0.5557676556986028
 195.10541319563958 0.5443848572494889
 198.38782726122272 0.532907365680532
 201.71642247707925 0.5213242971818031
 205.09048836397415 0.5095988851132649
 208.5121563596123 0.49768828165783563
 211.98071598475886 0.48556022387286296
 215.49758819788366 0.4732390009939656
 219.06348347822174 0.4607379332777205
 222.679112305008 0.44802573948488794
 226.34376419900755 0.43511787409856917
 230.06028107716025 0.4220395622369391
 233.82724198099618 0.4087896292966671
 237.64677834822018 0.3953708610028469
 241.51889017883232 0.3818189558315447
 245.44499843130257 0.36819705524013774
 249.42439262639593 0.3545756352513007
 253.4592042018173 0.34100281506285685
 257.5494331575667 0.3275139128148035
 261.6957899728791 0.31406891149705557
 265.8989851269895 0.3008863573236067
 270.16043957836774 0.2875173393944858
 274.48015332701397 0.2745545678233956
 278.8588368521631 0.26181660565247944
 283.2979111122851 0.24929119415322598
 287.79737610737993 0.23698610178900947
 292.35936327515253 0.22489462246595043
 296.9824516571329 0.21302695569139576
 301.66948317026106 0.20139651271414652
 306.420457814537 0.18999571814164246
 311.23608606919555 0.1788553056985673
 316.11707841347175 0.1680465126912269
 321.06485580583563 0.1576010543716805
 326.0794182462871 0.1475096085165914
 331.1628971725312 0.13779510922083862
 336.31458210533276 0.12850966416745052
 341.53660448239685 0.1196745992003436
 346.82896430372347 0.1112716684023919
 352.19308252778256 0.10325328431382721
 357.630380113044 0.09557111292106046
 363.1401465802728 0.08820636205944483
 368.72451336717404 0.08111400593425643
 374.3841909529826 0.07430625881105278
 380.1206002961684 0.06785764562467941
 385.9337413967314 0.06179425161751677
 391.82432473390674 0.056093807306493604
 397.7944817453992 0.05073460066807564
 403.8449229104438 0.04572774189503744
 409.97635870827554 0.0410385471197353
 416.18949961812933 0.03663249623661324
 422.48505611924026 0.03251118559889659
 428.8658701285481 0.028680617606320454
 435.33052068758303 0.02513964711648167
 441.88184971328474 0.021885023532197467
 448.51985720565347 0.018915771236159746
 455.24667460239397 0.01625019097870654
 462.0615914242714 0.01386403768306047
 468.9674495882256 0.011720611483689735
 475.96424909425645 0.009823393497318034
 483.05412138006915 0.008179903120462503
 490.23635596642845 0.006754989813110686
 497.51379477027444 0.00549750614798569
 504.88714827084186 0.004391301958697171
 512.357126947366 0.0034376033758473975
 519.9251517583165 0.002618148725303896
 527.5919331829286 0.0019179886351644913
 535.3588921796721 0.0013166334394074247
 543.2274497070171 0.0007963333726892832
 551.1983162441983 0.00035464426134946224
 559.2729127496858 0.00019537052268638717
 567.4526601819497 0.00003260133015249588
 575.7382690202247 -0.00048645806492569226
 584.131160222981 -0.0006579892151552253
 592.6327547486883 -0.0007813596562100513
 601.2437630765817 -0.0008692722833743064
 609.9656061651314 -0.0009271027978218606
 618.7997049728068 -0.0009387136495443313
 627.7474804580783 -0.0009312195486975216
 636.8096431001807 -0.0009202044813392998
 645.9883243368189 -0.0009065776969486509
 655.283524167993 -0.0009207357940400067
 664.697374031408 -0.0009654276407911345
 674.2312948855335 -0.0010298731904601556
 683.8859972096049 -0.0011018194881630638
 693.6629019620918 -0.001163593355423818
 703.5634301014644 -0.0011699524287062811
 713.5911340238974 -0.0011231001139490777
 723.743882291686 -0.0010712448017001278
 734.0174120294203 -0.0009215154254948651
 744.4259328217997 -0.000734822766693033
 754.9694446688244 -0.0005303906694800319
 765.6408427781445 -0.0003193266368807305
 776.4401271497601 -0.00010413139098867672
 787.3815073683706 0.00010867475726039653
 798.4507738492765 0.0003054336228372298
 809.6621361771774 0.00047392408717225105
 821.0155943520732 0.0006156985065288301
 832.5040435816143 0.0007438987072313733
 844.1345886581503 0.0008587361124702799
 855.9072295816812 0.0009320399051823698
 867.821966352207 0.0009366728216545099
 879.8859037620775 0.000875735030726647
 892.0919370189431 0.0007890822963331328
 904.4471709151533 0.0007899471634788396
 916.9587102430579 0.0007916646357848101
 929.6123454179573 0.0008680414827509843
 942.4222860245513 0.0009008400475955987
 955.3885320628399 0.0008479204619242993
 968.5110835328227 0.0007300878666136738
 981.7828356421503 0.0005419958733709288
 995.217997975522 0.00026964750309405435
 1008.8165705329379 -0.000039030186952429114
 1022.5714485220482 -0.0003120969122277775
 1036.482631942853 -0.0005089957835028135
 1050.5643303800516 -0.0006682483750704464
 1064.8165438336443 -0.0008172195122513134
 1079.2250627189314 -0.0009194150547231991
 1093.8112014129622 -0.000999412712762096
 1108.560750331037 -0.0011328046172677123
 1123.480814265506 -0.0011705351102725724
 1138.5784980087187 -0.0012326516441104206
 1153.846696768325 -0.0014504572975181612
 1169.2854105443255 -0.0014994188248787133
 1184.9088489214193 -0.0014417924621187709
 1200.702802314907 -0.0013721353996392902
 1216.6814803094883 -0.0012354092361039771
 1232.837778112813 -0.0011359724094661158
 1249.1788005172314 -0.0010653849339474926
 1265.704547522743 -0.0009489070099705213
 1282.4150191293481 -0.0008039058808331216
 1299.3031105446971 -0.0007082233830699902
 1316.3901361458388 -0.0006383640735528542
 1333.661886348074 -0.0005639219272770426
 1351.1183611514025 -0.00043396817958336377
 1368.773770140524 -0.0001791185541983773
 1386.6210085230887 0.0001687933182698072
 1404.6600762990965 0.00048044863617535916
 1422.8980782608974 0.0007777389775275147
 1441.3279096161411 0.0012627406871522388
 1459.956675157178 0.0017558004498064252
 1478.7914796763575 0.0021167309317732135
 1497.8181135889804 0.002279311338165631
 1517.0507864797455 0.002293377062507936
 1536.482393556304 0.002227115282944126
 1556.1200396110048 0.0021035424185906412
 1575.970829436198 0.0019209746423659204
 1596.0205534471845 0.0017043784152475227
 1616.2763164363134 0.0015249780131659871
 1636.7452231959346 0.001344502763979767
 1657.4201689336987 0.0010608734970099672
 1678.3011536496053 0.0007050502469148152
 1699.4023869283542 0.00044426237968154565
 1720.7167639775953 0.00026272616584805335
 1742.2371800049793 0.000018238712835967155
 1763.9778445952054 -0.000151901538875064
 1785.9316529559237 -0.0001593230923882422
 1808.1057098794847 -0.00016254490645003434
 1830.4929105735375 -0.00013834468687523477
 1853.1074646227823 -0.00011540486635795502
 1875.9280576501703 -0.00004093451980589637
 1898.9760040327496 0.00000764107061659768
 1922.2441989781717 0.000012089738800922054
 1945.7326424864352 -0.000013224293267436363
 1969.448439349891 -0.00000893088621105239
 1993.377379983839 -0.000004564547252406353
 2017.5407787653292 0.00001578911953838283
 2041.9173213173112 0.000025729185490901793
 2066.5283220168353 0.00002789124439416525
 2091.359571279201 0.000026257159078176866
 2116.418173896759 0.000028125847353417222
 2141.697025077159 0.000026582491565773032
 2167.210334405101 0.00002085326121371561
 2192.9438922958852 0.00001970409952044038
 2218.9119083342102 0.00002280573262154852
 2245.1001729353784 0.000022055769935865905
 2271.5228956840874 0.000017417331155722574
 2298.165866995639 0.00002084941050240049
 2325.043296454732 0.000020436643559456447
 2352.1480792690177 0.000016168061788512046
 2379.4802154384947 0.000019709844201201546
 2407.039704963164 0.00001945865052554189
 2434.833652635374 0.00001918008464568723
 2462.847848870427 0.000018988252383746608
 2491.096503253021 0.000018755025647621263
 2519.565406198458 0.00001859648796215231
 2548.2687672914362 0.000018390392154254296
 2577.199481739606 0.000018252873726052196
 2606.357549542968 0.000018068953138111593
 2635.7358659091724 0.000017944772442029776
 2665.348640422918 0.0000177719747649353
 2695.181663499506 0.000021170431184404698
 2725.242039931286 0.000017519720159863963
 2755.5297697182577 0.000017360049275026798
 2786.0448528604215 0.000020692263097292228
 2816.773079773078 0.000020542427053579515
 2847.7286600409257 0.00001700476109340677
 2878.9115936639655 0.000016860109184801257
 2910.307671057498 0.000020103548789462686
 2941.931101806222 0.000019963370353632766
 2973.767676325439 0.00001982750899121632
 3005.824499407498 0.000019693574788654735
 3038.094466260049 0.000019561534047961654
 3070.5846816754424 0.00001943130233888576
 3103.288040861328 0.00001930493628220637
 3136.2045438177065 0.000019180235683861373
 3169.3341905445773 0.000022225738513659235
 3202.6698762495907 0.000022105790611523236
 3236.2187057250962 0.000018821678068335006
 3269.973574178745 0.000018707109625164644
 3303.934481610536 0.00002168414558333834
 3338.101428020469 0.00002157140227360907
 3372.474413408546 0.00002142893729573632
 3407.0392281900654 0.00002132393634400987
 3441.8100819497276 0.000021184548395819884
 3476.772765102833 0.000021085848108742085
 3511.9272776493817 0.00002095269323220061
 3547.280724381723 0.00002382289784489405
 3582.826000507508 0.00002074269792145864
 3618.556001234386 0.000020620468322442146
 3654.4707265623574 0.000023451569546305286
 3690.577281283772 0.0000233318744642175
 3726.86145581393 0.0000232179391044584
 3763.3232501528328 0.000023105106119419475
 3799.962664300478 0.000022995580581700662
 3836.7725934645177 0.000022887098722977658
 3873.760142437301 0.000025623210234654187
 3910.911101634128 0.00002552064909617689
 3948.23257584735 0.000022578407920853593
 3985.7174602846153 0.0000252842693666002
 4023.3657549459253 0.000025191340172095675
 4061.16325024658 0.000025075820770842828
 4099.124155771278 0.000027753797484068196
 4137.234261935321 0.00002764791834871377
 4175.48646394636 0.00002479148079472611
 4213.8949713890925 0.000024687276766988565
 4252.438469886471 0.000030066304652015827
 4291.124064230843 0.00002996871569603579
 4329.9446496298615 0.000027145303099157384
 4368.900226083525 0.000027056314190629253
 4407.976584007133 0.00002966054095153998
 4447.187932985388 0.000029572161064426544
 4486.520063433588 0.000029476106992100293
 4525.965870559384 0.000032064672367462396
 4565.532459155125 0.00003196980240462639
 4605.212724428462 0.00003188403914608155
 4644.992456794696 0.0000318015759373454
 4684.878761046177 0.00003435670418616954
 4724.871637182903 0.00003427752056757549
 4764.956875620176 0.00003419247309681871
 4805.1344763579955 0.00003674138850524405
 4845.404439396362 0.000036663667679911926
 4885.752555150576 0.00003658950007582122
 4926.185928412986 0.00003912175395953308
 4966.697454391244 0.00003905067726514648
 5007.287133085349 0.000038977754020936024
 5047.940754910602 0.00004151351662717378
 5088.658319867002 0.00004404064321465039
 5129.432723162202 0.00004397918597818091
 5170.271069588547 0.00004391496649956518
 5211.159149561342 0.000046443158072971456
 5252.096963080585 0.0000489626405109212
 5293.0845101462755 0.000051487271479493945
 5334.107581173715 0.00005144270531114334
 5375.166176162903 0.00005397176501596126
 5416.25319032149 0.00005906634747700997
 5457.375728441827 0.00006159262317209309
 5498.519580939212 0.0000615660362935626
 5539.677643021298 0.00006666674919800814
 5580.8570194804315 0.00007177127839051381
