 0. 0.
 0.0006557001652437595 0.06338287067815308
 0.0019765532013567002 0.17651371584552397
 0.003316440990188563 0.27825855761361423
 0.004675658142861082 0.3694984824847309
 0.006054456156673302 0.451041984675177
 0.007453122457109838 0.5237187818019085
 0.008871944469655314 0.5884200864073489
 0.010311209619794346 0.646081099178735
 0.011771223297104344 0.6976334970383217
 0.013252254962977137 0.7439576436380971
 0.014754627971082925 0.7858336036142531
 0.016278629746906324 0.823934471031363
 0.017824583644117535 0.8588199566023944
 0.019392777088201172 0.8909329157601689
 0.020983677145569746 0.9206264888835198
 0.0225972119598521 0.9481750262594137
 0.024234279735687664 0.9737880642720964
 0.02589470083214857 0.997628095739662
 0.027579014172018457 1.0198194694616707
 0.029287758678080998 1.040463395804479
 0.03102093435033619 1.0596334939545633
 0.0327790801115677 1.0774001630192633
 0.03456255524363129 1.0938216035513573
 0.03637153938745486 1.108961597007382
 0.03820675110674995 1.1228878572880463
 0.040068190401516574 1.1356705488695031
 0.04195639619453837 1.147380915687915
 0.04387172776767113 1.1580957517189467
 0.04581472404369851 1.1678844426317805
 0.047785564663548406 1.176811765593094
 0.04978478855000446 1.1849348077665294
 0.051812575343994575 1.1923092624791243
 0.0538696436092303 1.1989898374159187
 0.055956172986639505 1.2050287629488343
 0.058072702399005874 1.2104724668210383
 0.06021959112818516 1.2153601218955243
 0.06239737809696105 1.219729475701108
 0.0646064225871893 1.2236115806348742
 0.06684708388072567 1.2270455717854878
 0.06911990090035386 1.2300768750678115
 0.07142541256885751 1.2327482357141344
 0.07376397816809238 1.2350998836023748
 0.07613613662084215 1.2371624655333118
 0.07854224720896259 1.2389554138119858
 0.08098284885523738 1.2404906773644755
 0.08345848048245015 1.2417799805326941
 0.0859695013724567 1.2428420211326
 0.08851663008896854 1.243697093403647
 0.09110004627291361 1.2443635344235415
 0.0937206481289313 1.2448595504265525
 0.09637879493887742 1.2452086128623983
 0.0990750256255356 1.2454233718877432
 0.10180969947076166 1.2455253694528132
 0.10458371467919497 1.2455271588092247
 0.10739725089176345 1.2454341088669096
 0.11025120631310656 1.245246198365515
 0.11314594022508004 1.2449615941845473
 0.11608199155046757 1.2445730671029918
 0.11906007885298069 1.2440661881861914
 0.12208074105540308 1.243426473756267
 0.12514469672144626 1.242650131672626
 0.128252305132966 1.2417422901128514
 0.13140446449460177 1.2407206234169785
 0.13460153408820932 1.2396082230483476
 0.13784423247750022 1.2384300392903453
 0.141133278226186 1.2371984940747056
 0.1444692102570503 1.235920640957352
 0.1478529267747326 1.2345999465371158
 0.15128478706108867 1.2332308515980832
 0.15476550967983002 1.2317987204610914
 0.15829599283559612 1.230305144490182
 0.1618767754511706 1.2287517134077262
 0.16550875573119297 1.2271418322351553
 0.16919229295751892 1.2254734598657318
 0.1729284649757158 1.223744535866498
 0.17671763106763938 1.2219584509575396
 0.1805606894379291 1.2201149541111296
 0.1844588975730802 1.2182156141591218
 0.18841279439587633 1.2162674991120368
 0.19242237990631741 1.214270374212881
 0.19648945051368244 1.21222767425399
 0.20061400621797132 1.2101483768153198
 0.2047960470191841 1.2080341378108699
 0.2090391657358785 1.2058662915274663
 0.21334156595877565 1.2036297352755572
 0.21770684050643335 1.2013259404879157
 0.22213139656029376 1.1989508018386668
 0.22662062334819358 1.1964796795224566
 0.23117272446085385 1.1938671756068189
 0.23578949630755355 1.1910805506763562
 0.2404727352975715 1.188109200465329
 0.24522244143090763 1.1849630202537522
 0.25003861470756206 1.181687765078155
 0.2549230515368136 1.1783126217701734
 0.25987575191866225 1.1748310383578318
 0.2649003086716657 1.1712325513874111
 0.2699949253865452 1.167521806642989
 0.27516139847257953 1.1637264575807609
 0.28040152433904764 1.1598533597883776
 0.28571530298594944 1.1558901630859209
 0.2911045308225638 1.151826262892381
 0.29656920784889085 1.1476625313665583
 0.3021111304742093 1.1433998270691723
 0.30773209510779814 1.1390429087389191
 0.3134321017496573 1.1346103339607996
 0.3192129468090657 1.1301012124975676
 0.3250728338767444 1.1254888820736328
 0.3310171521805302 1.1207342857447724
 0.33704590172042276 1.1158176288169248
 0.3431590824964224 1.1107146875263478
 0.34935669450852896 1.1054128012937816
 0.3556441269845791 1.0999070669515907
 0.3620177871060151 1.0941882968401597
 0.3684812676913946 1.0882162686917023
 0.3750363651499966 1.0819703103105525
 0.381683079481821 1.0754684444350642
 0.3884232070961468 1.068737281048843
 0.3952585444022527 1.061759864984982
 0.40218909140013887 1.0545355350603236
 0.40921664449908407 1.047095364717846
 0.41634120369908834 1.0394390073402389
 0.42356815822798827 1.0315400440106146
 0.4308939152672261 1.0233993903686462
 0.4383238640446385 1.0150178183418197
 0.4458562081509465 1.0063339435349044
 0.45349454040470805 0.9972750629794767
 0.4612388608059229 0.9878060418690846
 0.469092762173149 0.9779582667389245
 0.47705444809710734 0.9678192000603578
 0.48512751139635574 0.9575029582740494
 0.493313748480173 0.9471072956814454
 0.5016131593485592 0.9367009494594577
 0.510029336820072 0.9262859655851722
 0.5185604844854327 0.9157476708134368
 0.5272119915724777 0.9049093721151812
 0.5359820616719282 0.8936653931948682
 0.5448742876023419 0.8819825308311303
 0.5538904657729978 0.8698917812399293
 0.5630323925931747 0.857430474804623
 0.5722982716535938 0.8446719243609523
 0.5816952885913704 0.8316533673015939
 0.591219850587947 0.8183596717606537
 0.60087734687116 0.8047633564967688
 0.6106677774410094 0.7908713581726196
 0.6205947351160532 0.7767510232122982
 0.6306564234870123 0.7624744354102384
 0.6408582317817234 0.7480654210329294
 0.6512001600001864 0.7335161760550264
 0.6616840045516803 0.7188646913947003
 0.672311561845484 0.7041615574558386
 0.683086424700155 0.6894616572246227
 0.6940085931156935 0.6747354751749418
 0.7050798635013784 0.6599569379032806
 0.7163038286757674 0.6450820263414359
 0.7276804886388604 0.6300271571624606
 0.7392152326184941 0.6147718595425179
 0.7509044677961106 0.5993011997454327
 0.7627553798088258 0.5835629161038103
 0.7747679686566393 0.5675096115080047
 0.7869440307488301 0.551200292337423
 0.7992853624946771 0.5349099315533997
 0.811795556712738 0.5188362299645597
 0.8244746134030129 0.5029959707375927
 0.8373279217933381 0.48739773917939994
 0.8503536854744352 0.472124066091454
 0.8635572936741405 0.45704268945405085
 0.8769387463924541 0.4419211985394482
 0.8905016364479338 0.42675271797350345
 0.9042495566591371 0.4116852846508911
 0.9181807106167853 0.39687532052831276
 0.9323004875487151 0.3825357282586717
 0.9466106838642052 0.36861620314599075
 0.9611148923818135 0.3547944596276189
 0.9758131131015397 0.3409601742949695
 0.9907071424326631 0.32726910385330915
 1.00580236960302 0.31382451953154145
 1.0211005910218895 0.3006387332925424
 1.0366036030985502 0.28765514108894413
 1.0523132022422812 0.2747580470126443
 1.0682311848623613 0.2619151321465461
 1.084364736595906 0.2493172013939325
 1.1007102646243576 0.2371452766536916
 1.1172749545848313 0.2255286510735622
 1.1340588064773274 0.2145440350220905
 1.1510672095296826 0.2040151345555899
 1.1682983673326177 0.19381755701468706
 1.1857594655232484 0.1839778094854371
 1.2034505041015746 0.17465252970687525
 1.221376872295433 0.16589771925778116
 1.2395367736955447 0.15763284898501478
 1.2579373939390253 0.1497546815873776
 1.2765805294351533 0.14244609133320527
 1.295467976593208 0.13585469604103106
 1.3146033282317466 0.12976003573058184
 1.3339883807600488 0.12407960651800738
 1.3536267269966715 0.11903187489948544
 1.373521959760173 0.11450787862861062
 1.3936758754598322 0.11034836678479261
 1.4140920669142065 0.10667501813310702
 1.4347741269418537 0.10368392169551358
 1.4557238519520528 0.10146291022573316
 1.4769448347633614 0.0999125978010053
 1.4984406681943374 0.09881241152039935
 1.5202131486542596 0.09797888066601428
 1.542265868961686 0.09722190536406991
 1.5646024219351735 0.0963352984182158
 1.587226400393281 0.09527732176105577
 1.6101396007452866 0.09410734106197344
 1.633347412219027 0.09290655949073158
 1.6568498348145024 0.09179329942599064
 1.6806522577595495 0.09087359977834313
 1.7047582738727256 0.09018699898436029
 1.72916967956331 0.08971599621334728
 1.7538900676498603 0.0894002003020054
 1.7789230309509343 0.08924750216932821
 1.8042775515129261 0.08938648809854674
 1.8299482401079994 0.08985301730403991
 1.855924318280481 0.0904399410611063
 1.882241714215948 0.09086722301062772
 1.9089004279144004 0.09107986760595564
 1.93588249528305 0.09133668132498092
 1.9631879163218964 0.09185203689127744
 1.990852619216517 0.09256240653291864
 2.0188406757813344 0.09340585813517452
 2.0471880142019265 0.09425122024194978
 2.075894634478292 0.09455600088513683
 2.104942572517644 0.09384267297921318
 2.13434979241277 0.09227712765441753
 2.1641162941636702 0.09032281207023782
 2.194242077770345 0.08814239068301093
 2.224745107325582 0.08574278755340699
 2.255607418736594 0.08341205119486617
 2.286846976096169 0.08183297142199249
 2.3184817434970957 0.08125656312206612
 2.3504757927537963 0.08129385639958132
 2.382865052051849 0.081872179891115
 2.4156495213912534 0.0833468312256183
 2.448829200772009 0.0851323845925201
 2.4823861261013285 0.08639454781690394
 2.5163562255647878 0.08769471871305691
 2.550739499162388 0.08997199645746236
 2.5855179828013393 0.09209580843911158
 2.6206916764816426 0.0931600122660171
 2.656296508388875 0.09427722755782873
 2.692332478523037 0.09588845599478436
 2.7287636586985506 0.09782362556878399
 2.765643941193782 0.09932577762406516
 2.8029373978231535 0.09999242282620886
 2.840661992679454 0.1000704024949445
 2.8788356898554732 0.09936503669323368
 2.917440525258421 0.09796272921978014
 2.9564764988882977 0.09626309102241991
 2.9959795389306816 0.09502787452270646
 3.0359137171999944 0.0946829582658415
 3.0763149618818137 0.09532292449639145
 3.117165308883351 0.09565761221879077
 3.1584827222973946 0.0932903028767423
 3.200267202123945 0.08885432567351395
 3.242518748363002 0.08465590023534164
 3.285219396921777 0.08339120773499432
 3.3284230400786354 0.08298532525806471
 3.3720937496480006 0.08228517850917047
 3.416231525629873 0.08237721588552037
 3.460872296209829 0.0836710908989923
 3.5059980972950804 0.08523782113055453
 3.5516089288856265 0.08487754217051863
 3.5977227550742574 0.08214258809661788
 3.6443216117681834 0.07636952597953713
 3.691423463060193 0.07024313269457975
 3.739046273043076 0.06672134417642138
 3.787154113531254 0.06545518274904161
 3.8357829127103042 0.06600812006871475
 3.8849147064874394 0.06783788208947349
 3.9345674589554465 0.06842244983563768
 3.984759134207115 0.06701251709560874
 4.035453804056869 0.06519022111726645
 4.0866694325974935 0.06451065556266995
 4.138423983921781 0.06338867219967297
 4.190699493936941 0.06104889555548367
 4.243495962642973 0.05870272584089124
 4.296849318225456 0.05642714777920889
 4.350741596591599 0.05354779375635667
 4.405154833648616 0.05011404607477783
 4.460124957582083 0.04607995765842104
 4.515634004299212 0.04270654275499954
 4.571699937892791 0.03825811691193547
 4.62830479427003 0.03132103308592732
 4.685484501616509 0.024320108749263568
 4.743185167653861 0.019235281069429407
 4.8014606846604515 0.016223985253216323
 4.860293088543492 0.015247471725058154
 4.919682379302983 0.015111455139113961
 4.979646521031713 0.014706056758872309
 5.040149585544103 0.013622216224987929
 5.101245465118523 0.011574297025686863
 5.162880267476602 0.009394402742034366
 5.22510788489671 0.007677671037437403
 5.287892389193267 0.0063656441100653875
 5.351251744459065 0.005369330969868578
 5.415167986601311 0.004600405769807026
 5.4796770438055855 0.003983981556323944
 5.544742987886311 0.00347329345844347
 5.610401747029062 0.003040663250570582
 5.676617393048265 0.0026687248285156844
 5.7434258541294945 0.0023458269450818366
 5.8107912020871755 0.0020636622732045553
 5.8787493651068825 0.001816013388960377
 5.947282379095829 0.0015980343239485753
 6.016390244054015 0.0014058252759332208
 6.086072959981439 0.001236162254630576
 6.156348490970891 0.001086324300084952
 6.227180908836793 0.0009539817975602059
 6.298606141764722 0.0008371130208791874
 6.370588261569103 0.0007339535703104347
 6.44316319643551 0.0006429430096271134
 6.516312982271155 0.0005627087963507623
 6.590037619076041 0.0004920297535195163
 6.664319142757376 0.0004298213579652494
 6.739193481500739 0.00037511827156990374
 6.814624707120552 0.0003270599711765329
 6.890630783709604 0.0002848804480360353
 6.967211711267894 0.00024789809101369395
 7.044367489795424 0.00021550588832556166
 7.1220621911066155 0.00018716213380855174
 7.2003317433870455 0.00016238718374853232
 7.279176146636714 0.00014075411361210718
 7.358559472670044 0.00012188429612546002
 7.438517649672613 0.00010544171761591544
 7.519014749458844 0.00009112928284783271
 7.600068736121525 0.00007868397694307992
 7.681661645567867 0.00006787335425380972
 7.763811441890659 0.00005849239869637729
 7.846500160997113 0.00005036052841046219
 7.929727802887228 0.000043318631483767086
 8.013494367561004 0.00003722674974223042
 8.097781890925654 0.000031962136876748695
 8.182608337073965 0.00002741693350637032
 8.267955741913148 0.000023496715618494198
 8.353824105443206 0.000020119003600424065
 8.440213427664133 0.000017211500395593825
 8.527123708575935 0.000014711208527609475
 8.614519019993033 0.000012563167600306072
 8.702435290101002 0.000010719522246250828
 8.790836590714267 0.000009138620157611946
 8.879722921832828 0.000007784277229369791
 8.969112247549472 0.000006625148045029045
 9.05898660377141 0.0000056339634054341365
 9.149328026405858 0.000004787174948714069
 9.24013651545281 0.000004064396724625987
 9.33143003500506 0.000003448009669034439
 9.423172656877025 0.000002922820956613944
 9.515364381068709 0.0000024757242645902572
 9.60800520758011 0.0000020954259305396787
 9.70107717231844 0.000001772223884798623
 9.794598239376489 0.0000014977730093766657
 9.888532480568678 0.0000012649124819708757
 9.982897859987796 0.000001067497864963139
 10.077676413541054 9.002647601861253E-7
 10.172868141228454 7.587120584849724E-7
 10.268437114864417 6.389888732740457E-7
 10.364419262634518 5.378040541038995E-7
 10.460778656353183 4.523509865904606E-7
 10.557497331927625 3.80236833805761E-7
 10.654611217543417 3.194218813443364E-7
 10.752066420922194 2.6817292788095056E-7
 10.849880906156743 2.2501518702273264E-7
 10.948036709154282 1.886943505587442E-7
 11.046533829914804 1.5814848465990656E-7
 11.145336340252735 1.3247574345994714E-7
 11.244480168353652 1.1091223620963507E-7
 11.343929386031975 9.281151635646348E-8
 11.443666029194919 7.762630980042612E-8
 11.543708061935273 6.4894993152283E-8
 11.644037520160243 5.422677417085895E-8
 11.744618475684257 4.529241152731603E-8
 11.8454688926001 3.7814149933967904E-8
 11.946588770907777 3.1558082879158164E-8
 12.047942182421705 2.632713921056197E-8
 12.149529127141886 2.1955589388193664E-8
 12.251349605068322 1.8304047020242964E-8
 12.353367688015432 1.5255567275702268E-8
 12.455601340076008 1.2711817589963447E-8
 12.558032597157258 1.0590359981414775E-8
 12.660661459259185 8.82212449665755E-9
 12.76345199819621 7.34921592995282E-9
 12.866404213968336 6.123166628420151E-9
 12.969500142482769 5.103509900405459E-9
 13.0727577478323 4.256409791561047E-9
 13.176141101831353 3.5536625609995917E-9
 13.279650204479928 2.9717760982690897E-9
 13.383285055778023 2.491231457477698E-9
 13.48700972754006 2.0958715306379462E-9
 13.590824219766043 1.7723584393676396E-9
 13.69471056836318 1.509762960995178E-9
 13.79868673742426 1.2992001255379148E-9
 13.902716798763707 1.1335432290606642E-9
 14.006782788288733 1.007195078942852E-9
 14.110902670092123 9.15900983508284E-10
 14.215040515988301 8.566191197434728E-10
 14.319196325977268 8.274326426284761E-10
