 0. 0.
 0.001311399948406401 0.002918899005968478
 0.0026417055730946124 0.010616003249581044
 0.003991187637772583 0.022284651918251363
 0.00536012073188809 0.03721561263152158
 0.0067487833231607165 0.054791255109543656
 0.008157457810796192 0.074475108690283
 0.009586430579386351 0.09580358319549909
 0.011035992053493043 0.11838001089823286
 0.012506436752940133 0.14186679919936956
 0.013998063348803944 0.16598085564957457
 0.015511174720119768 0.1904864447610388
 0.01704607801132055 0.21519023627525138
 0.018603084690386868 0.23993603707643524
 0.020182510607748283 0.264599644563418
 0.021784676055918505 0.28908184428107286
 0.023409905829899602 0.313307088550562
 0.02505852928832158 0.33721444086816815
 0.026730880415371937 0.3607571392176224
 0.028427297883489466 0.3838983559730824
 0.030148125116843182 0.40661017190274906
 0.031893710355601235 0.42887090521072213
 0.033664406721005805 0.450663329514906
 0.0354605722812444 0.47197440058859264
 0.03728257011813678 0.49279465876350786
 0.03913076839465516 0.5131169609256605
 0.041005540423263376 0.5329367982831021
 0.0429072647350956 0.5522513673684798
 0.044836325149987824 0.5710608105003119
 0.04679311084735052 0.5893658435579339
 0.04877801643791482 0.6071698754643989
 0.05079144203634254 0.6244761426334452
 0.052833793334709556 0.641288105656747
 0.05490548167688517 0.6576094459028553
 0.05700692413378973 0.6734427411159339
 0.05913854357955781 0.6887954386720941
 0.06130076876861815 0.7036676400061558
 0.06349403441367596 0.7180705780394546
 0.06571878126462496 0.7320136845803202
 0.06797545618838403 0.7454988441615124
 0.07026451224968625 0.758535790086226
 0.0725864087927941 0.7711299142911863
 0.07494161152417983 0.7832883500736357
 0.0773305925961659 0.7950114635117433
 0.07975383069152876 0.8063099502265306
 0.08221181110907724 0.8171877866284427
 0.08470502585021364 0.8276507874296875
 0.08723397370648371 0.8377065152228058
 0.08979916034812871 0.8473615790284104
 0.09240109841362153 0.856616518010988
 0.09504030760023374 0.8654841683092661
 0.09771731475560448 0.8739737686148518
 0.1004326539703321 0.8820937078604799
 0.10318686667160297 0.8898490964725233
 0.10598050171784644 0.8972493874974758
 0.10881411549443006 0.9042959050662012
 0.11168827201040811 0.9109944120448084
 0.11460354299631861 0.9173476730090225
 0.1175605080030353 0.9233604007825408
 0.12055975450168224 0.9290416060825029
 0.12360187798463096 0.934399721132807
 0.1266874820675441 0.9394473912560865
 0.12981717859252895 0.9441943162550696
 0.13299158773234046 0.9486544081528608
 0.13621133809570232 0.9528293558321357
 0.13947706683369868 0.9567275512354017
 0.14278941974726087 0.9603500437857321
 0.14614905139576853 0.9637045678091483
 0.14955662520673782 0.9667962178890545
 0.1530128135866153 0.9696412994552276
 0.1565182980326888 0.972237392465708
 0.1600737692460952 0.9745933470760553
 0.16367992724595334 0.9767063373485217
 0.16733748148460068 0.9785870470159203
 0.17104715096394957 0.9802481811157293
 0.17480966435295436 0.9816976650370893
 0.17862576010620593 0.9829500392939351
 0.18249618658363512 0.9840151161084736
 0.18642170217133108 0.9848980288572882
 0.19040307540347848 0.9856083120703661
 0.19444108508541844 0.9861485987600751
 0.19853652041780942 0.9865214273752874
 0.20269018112190268 0.986740539660461
 0.2069028775659397 0.986812813453204
 0.21117543089264137 0.986740539660461
 0.21550867314780212 0.9865191682323065
 0.21990344740999349 0.9861463387629885
 0.22436060792134468 0.9856105733011437
 0.22888102021943302 0.9849048174262374
 0.23346556127024035 0.9840309702421274
 0.2381151196021867 0.982988583464613
 0.24283059544124952 0.9817862004484342
 0.247612900847128 0.9804255057290663
 0.25246295985046874 0.9789103925604014
 0.2573817085911304 0.9772447038938555
 0.26237009545749496 0.9754368076327845
 0.26742908122677916 0.9734973583711302
 0.2725596392063839 0.9714255681732809
 0.27776275537623 0.9692320856350872
 0.2830394285320758 0.9669229973835998
 0.2883906704298202 0.9644951623798851
 0.2938175059307518 0.9619407309376449
 0.29932097314774636 0.959256368358543
 0.3049021235923895 0.9564409806427742
 0.3105620223229983 0.953493407154094
 0.31630174809353934 0.9503960030802767
 0.32212239350341776 0.9471355331222532
 0.32802506514809393 0.9436984989273252
 0.33401088377055876 0.9400782224017722
 0.34008098441357304 0.9362773386841998
 0.3462365165727186 0.9322960293581516
 0.3524786443501751 0.9281415775772304
 0.3588085466092425 0.9238212973668352
 0.3652274171295417 0.9193449720230253
 0.3717364647629015 0.9147298024118798
 0.3783369135898654 0.9099761251586406
 0.38503000307682045 0.9050743705665022
 0.39181698823367495 0.900024595494
 0.39869913977210003 0.8948242939661946
 0.40567774426424136 0.8894733314557798
 0.41275410430191883 0.8839664507265874
 0.4199295386562265 0.8783032564953075
 0.4272053824375274 0.8724781504831713
 0.43458298725577854 0.8664801509374248
 0.4420637213811473 0.8603030510718128
 0.44964896990488107 0.8539429642636085
 0.4573401349003664 0.8474089204558515
 0.46513863558434415 0.8406995145846002
 0.4730459084782107 0.8338051676006722
 0.48106340756936794 0.8267212526314778
 0.489192604472559 0.8194482928710828
 0.4974349885911245 0.8119839532335071
 0.5057920672781386 0.8043145928480154
 0.5142653659973342 0.7964342889203072
 0.5228564284837853 0.7883338885441123
 0.5315668169042576 0.7800179636192854
 0.5403981120171573 0.7715026551085782
 0.5493519133320237 0.762798816152978
 0.5584298392684804 0.7539294785530681
 0.5676335273145744 0.7449006984045508
 0.5769646341844022 0.7356975175565053
 0.5864248359749931 0.7263225119321239
 0.5960158283223032 0.7167844860133414
 0.6057393265562798 0.7070957543174331
 0.6155970658548945 0.6972500344154741
 0.6255908013970343 0.687234093147091
 0.6357223085141889 0.6770337922778215
 0.6459933828408098 0.6666403348593977
 0.6564058404632547 0.65604725836973
 0.6669615180671996 0.6452471491697005
 0.6776622730834467 0.6342262682278916
 0.6885099838319584 0.6229814847363808
 0.6995065496640744 0.6115223142606544
 0.710653891102734 0.5998424148579868
 0.7219539499806308 0.5879532709080653
 0.7334086895761497 0.5759022957984117
 0.7450200947469646 0.5637396005180607
 0.7567901720611868 0.551507904705559
 0.7687209499258932 0.5392347514372392
 0.7808144787129389 0.5269257030820226
 0.7930728308818921 0.5145677889952628
 0.8054981010999367 0.5021374290499482
 0.8180924063586329 0.4896209123671867
 0.83085788608734 0.47702594046356284
 0.843796702263173 0.46437588606380287
 0.8569110395173407 0.4517287832436466
 0.8702031052376651 0.43915797194014533
 0.8836751296671684 0.4267025796054783
 0.8973293659984984 0.41435042413582224
 0.9111680904640759 0.4020899574600086
 0.9251936024217345 0.3899143960406465
 0.9394082244356975 0.37779419502287953
 0.953814302352707 0.36571718601340664
 0.9684142053730881 0.35370228621447863
 0.9832103261165855 0.3417840866889995
 0.9982050806827374 0.3300034579829067
 1.0134009087056148 0.3183812718715201
 1.0288002734026973 0.30690212439089887
 1.0444056616176696 0.29556533852291694
 1.0602195838569393 0.28436442864333
 1.0762445743196332 0.27328511253451254
 1.0924831909208588 0.2623504418615661
 1.108938015307995 0.25162622524655265
 1.1256116528697633 0.24117473686648488
 1.1425067327378782 0.2310243106571158
 1.1596259077809785 0.22115996729790197
 1.1769718545906303 0.2115753725954001
 1.1945472734591331 0.20231789136993378
 1.2123548883488666 0.19345949521813272
 1.230397446852926 0.18504666441518478
 1.2486777201467667 0.17710011077638163
 1.2671985029305965 0.16961586135446416
 1.2859626133622288 0.16254891560869522
 1.3049728929801294 0.15587968261163462
 1.3242322066163503 0.14962306443510487
 1.343743442299093 0.14377712361213577
 1.3635095111445648 0.13832287587887585
 1.3835333472378737 0.13327730802469817
 1.403817907502637 0.12866823488083812
 1.4243661715589808 0.12448774534452485
 1.4451811415696674 0.12069377754936823
 1.466265842073985 0.11726018094880689
 1.487623319809117 0.11417457272144897
 1.5092566435186539 0.11142425968783119
 1.5311689037479261 0.1089945473054557
 1.553363212625825 0.10686100671779634
 1.5758427036327864 0.1050081579143072
 1.5986105313545977 0.10341143639400394
 1.6216698712216893 0.10203787727021592
 1.645023919233574 0.10084312584014157
 1.6686758916680806 0.09978648704986577
 1.6926290247750457 0.0988595397337836
 1.7168865744541102 0.09808777656088684
 1.7414518159162684 0.09750071682259717
 1.7663280433288253 0.09709734962812613
 1.7915185694433833 0.09682313128436641
 1.817026725206543 0.09660790244549324
 1.8428558593529185 0.09641854744940329
 1.8690093379801411 0.09626401710100826
 1.895490544105474 0.09616881590870573
 1.9223028772036908 0.09613010624838156
 1.9494497527258388 0.09610251320417107
 1.9769346015985703 0.0960435906080844
 2.0047608697036305 0.09593725289360028
 2.032932017337186 0.09581451623881915
 2.06145151864862 0.0958024200323576
 2.0903228610584437 0.0960667927939001
 2.1195495446549804 0.09664826553715472
 2.149135081569453 0.09744972971592943
 2.179082995329159 0.0983974347163249
 2.2093968201883545 0.09950713698725805
 2.240080100436551 0.10074959706307719
 2.2711363896838455 0.10198959548020238
 2.3025692501229993 0.10305868024863157
 2.3343822517678974 0.10390229632220717
 2.366578971668119 0.10462777205797116
 2.399162993099256 0.10534317452595932
 2.4321379047287333 0.1061388267548242
 2.465507299756766 0.10715072059415749
 2.4992747750322453 0.10849447566806557
 2.533443930143195 0.11012395345722405
 2.5680183664815974 0.11188116505375977
 2.603001686282262 0.11350149031524112
 2.6383974916355744 0.11459504061723633
 2.674209383473785 0.1150676347061073
 2.7104409605307076 0.11521764299862015
 2.747095818274557 0.11534910250055977
 2.784177547813759 0.1154292578944257
 2.82168973477551 0.11527063147907451
 2.859635958156985 0.11486486126555884
 2.8980197891489663 0.11425886810763011
 2.9368447899318175 0.1133655292783308
 2.976114512443652 0.11209172218672638
 3.01583249712059 0.11051244526332465
 3.056002271609078 0.10878762439865867
 3.096627349450126 0.1071263823168514
 3.1377112287355104 0.1055910483712567
 3.179257390735855 0.10388835297327326
 3.2212692985006526 0.10181988170837686
 3.2637503954301854 0.0994428359836351
 3.306704103819513 0.09688388017134476
 3.350133823374439 0.09454303646458023
 3.394042929699755 0.09252531943589042
 3.4384347727597286 0.09056061011896502
 3.4833126753110837 0.08860088158982139
 3.528679931308646 0.08701402628356075
 3.5745398042838676 0.0858744696528
 3.620895525696469 0.08522814629090361
 3.667750293259492 0.08472616273280845
 3.715107269238098 0.0832371252147691
 3.7629695787223905 0.08109787536866939
 3.811340307874738 0.07866754697273647
 3.8602225021519216 0.07608094472150492
 3.9096191645026113 0.07398812808583256
 3.9595332535406738 0.07273497191253217
 4.00996768169475 0.07181978193083309
 4.06092531333481 0.07060769588162467
 4.1124089628761045 0.06920202885519235
 4.164421392861354 0.0682427393444294
 4.21696531202169 0.06766913537806991
 4.270043373317178 0.06643573884298662
 4.323658171957626 0.0640957863887792
 4.377812243404543 0.06122817200751456
 4.432508061355025 0.05790588450863044
 4.4877480357085515 0.05366221136116349
 4.543534510517548 0.04837985925194273
 4.599869761922734 0.04292558039846333
 4.656755996074297 0.038360042242304423
 4.714195347039946 0.03492937021965855
 4.772189874700945 0.0321905204129997
 4.830741562637299 0.029487155854620594
 4.889852316003374 0.02642937172533276
 4.949523959395031 0.02310368514104454
 5.009758234709798 0.01970195412748393
 5.070556799001194 0.016316064135659576
 5.131921222328801 0.013096820215168142
 5.1938529856053774 0.010325701104744098
 5.256353478442559 0.008216239204894163
 5.319423996996656 0.006705806483341742
 5.383065741816133 0.0056037112005507045
 5.4472798156923306 0.004760906129221443
 5.512067221515193 0.004089613638480501
 5.577428860135565 0.0035390512137509636
 5.643365528235913 0.003078077985028444
 5.709877916211207 0.0026863709132522633
 5.776966606061765 0.0023499560980596505
 5.844632069299954 0.00205876745041983
 5.9128746648726525 0.0018053097366754248
 5.981694637101367 0.0015837971269443306
 6.051092113641998 0.001389647480739583
 6.121067103466281 0.0012191482874513763
 6.1916194948668934 0.0010692272258012725
 6.262749053488327 0.0009373027184767428
 6.334455420385589 0.0008211708008232258
 6.406738110112902 0.0007189421945151906
 6.479596508844466 0.000628966798176798
 6.553029872529577 0.0005498096506643529
 6.627037325084104 0.0004802077427369792
 6.701617856620762 0.00041904742668503775
 6.776770321720165 0.00036534526124747097
 6.852493437745096 0.00031823073483095755
 6.928785783200084 0.00027693224004245447
 7.005645796138637 0.0002407640878422883
 7.083071772620342 0.00020911885268294354
 7.1610618652201286 0.00018145867717965044
 7.239614081591862 0.0001573053441149533
 7.318726283088671 0.0001362354137751665
 7.398396183442098 0.00011787400063994589
 7.478621347502407 0.00010188924481163106
 7.559399190042234 0.00008798776300458045
 7.640726974625791 0.00007591055767937829
 7.722601812545806 0.00006542875530834809
 7.805020661830323 0.00005634109768603355
 7.887980326321583 0.00004847011146069012
 7.971477454828953 0.000041659909747654145
 8.055508540358105 0.00003577340238590635
 8.140069919418314 0.00003069050291343755
 8.225157771410057 0.00002630588254418187
 8.310768118094602 0.000022527256000678067
 8.396896823147696 0.000019274241676432917
 8.483539591799037 0.000016476349484440752
 8.570691970559377 0.00001407227589436783
 8.658349347036895 0.000012008564851569619
 8.746506949844578 0.000010238718493265153
 8.835159848600105 0.000008722303349068365
 8.924302954019758 0.000007424252514106724
 9.013931018107805 0.000006314169039833294
 9.104038634442695 0.0000053656687342045996
 9.194620238561269 0.000004555974988966459
 9.285670108442282 0.000003865388678021984
 9.37718236509018 0.000003276903694179331
 9.46915097322023 0.000002775873594225361
 9.561569742045807 0.000002349652591543617
 9.654432326168717 0.0000019873893277119314
 9.747732226573183 0.000001679737359569248
 9.841462791724068 0.000001418682130688457
 9.935617218769888 0.0000011973436633679186
 10.030188554850856 0.0000010098314623522031
 10.125169698512327 8.510986757661964E-7
 10.22055340122367 7.168342329174961E-7
 10.316332269002682 6.03352173481396E-7
 10.412498764145308 5.075067134506108E-7
 10.509045207060607 4.26616390517943E-7
 10.605963778210429 3.5839690691042815E-7
 10.70324652015347 3.009040082631724E-7
 10.800885339693037 2.524856721614807E-7
 10.898872010127807 2.117354256548422E-7
 10.997198173604671 1.7746254682563353E-7
 11.095855343572838 1.4865606041650009E-7
 11.194834907337842 1.2445945556396676E-7
 11.294128128714464 1.0414739371451587E-7
 11.39372615077698 8.710669600334179E-8
 11.493619998705437 7.281888053619036E-8
 11.593800582726152 6.084568993254598E-8
 11.69425870114484 5.081799153982048E-8
 11.794985043470374 4.242411674955963E-8
 11.895970193627292 3.540134204878427E-8
 11.997204633254839 2.9528772023613647E-8
 12.098678745090355 2.4620210384036932E-8
 12.200382816434693 2.0519231046064237E-8
 12.302307042697088 1.709443318028351E-8
 12.404441531017037 1.4235359431887943E-8
 12.506776303960372 1.1849348077665294E-8
 12.609301303286856 9.858683196125487E-9
 12.712006393786256 8.19812657695799E-9
 12.814881367180107 6.813062936039684E-9
 12.917915946085802 5.657719401939828E-9
 13.02109978804014 4.693700835842776E-9
 13.124422489578752 3.8888704836217074E-9
 13.227873590368349 3.216267615378107E-9
 13.3314425773881 2.6532722314793833E-9
 13.43511888915685 2.1808722159972586E-9
 13.538891920002479 1.7830611592418017E-9
 13.642751024369838 1.4462947772154284E-9
 13.746685521163519 1.159057574305902E-9
 13.85068469812179 9.114860132334683E-10
 13.954737816217847 6.950313989951082E-10
 14.058834114084569 5.021653902371334E-10
 14.162962812458925 3.261325906644913E-10
 14.267113118642161 1.606972708854061E-10
 14.371274230971753 3.944667844177634E-17
