 0. 0.
 0.25932918364117835 0.25932918364117835
 0.7817260926579719 0.7814858938414508
 1.3116512396485576 1.3102360409352967
 1.849221143207471 1.8442242017764867
 2.3945352704276086 2.38132223535038
 2.947707297986567 2.9186989540571435
 3.508850902561941 3.4530776963345517
 4.0780797608313275 3.981038235551934
 4.655514654264672 4.499181457588683
 5.24126215474722 5.0044460484852475
 5.835450148541269 5.494235169503525
 6.438192312324412 5.966458682146992
 7.049616532358947 6.4196809357311695
 7.669836485322467 6.85286741726283
 8.29903689581607 7.265595876540657
 8.937189344670353 7.657718525994187
 9.584649071502803 8.029509828254279
 10.241345028389926 8.381455371052445
 10.907490359102212 8.714251867220861
 11.583298207410154 9.028701592142031
 12.268768573313753 9.325733496258852
 12.9641146005835 9.606255417504158
 13.669478385066391 9.871280756361111
 14.384930974685922 10.121759575782672
 15.110756561136084 10.358620826211745
 15.846955144416876 10.58277234558116
 16.59373986829879 10.795079746803616
 17.351252828628823 10.99634530526162
 18.11970716917747 11.187392408847739
 18.899173937868223 11.368896657884084
 19.689866278471577 11.54153365269276
 20.491855238911025 11.705915656065676
 21.305425010880565 11.862612705774614
 22.130646642303688 12.01215261457122
 22.96773327695089 12.154999857676943
 23.81682701066916 12.291640022823296
 24.678140987229 12.422474247701535
 25.5518173024774 12.547903670002908
 26.437998052261353 12.668308314908604
 27.336896380351355 12.78400487006961
 28.248725430517897 12.895331135646979
 29.17362729860797 13.002603799291698
 30.11181512839207 13.106055098614496
 31.063431015717196 13.20598060875629
 32.02868810435383 13.30261256732781
 33.00779953807248 13.39616209942971
 34.000907412720125 13.48684033016265
 35.008295919990765 13.574816159607158
 36.030036107807895 13.660300712863895
 37.06648321578899 13.743441777503318
 38.11777933978107 13.82438714109589
 39.18413762355461 13.903326816232202
 40.26570016295661 13.98040859048272
 41.36282219760456 14.055759138907833
 42.47557477542194 14.12950513656794
 43.60431313602626 14.201731033503304
 44.749179375264504 14.272542392264258
 45.91038663690717 14.34200255038099
 47.08821911264824 14.410195957893773
 48.282889946258216 14.4771859523328
 49.494683329431076 14.543056983738337
 50.723741358013825 14.607872389640578
 51.970419271623946 14.671758845099921
 53.23485916610843 14.734758575136498
 54.51734523316128 14.796977142300637
 55.81816166447646 14.858414546592337
 57.1375216038245 14.919176350561933
 58.47578029082286 14.979283666719482
 59.83307982131855 15.038820945105256
 61.20970438700554 15.097830410739382
 62.60600922750133 15.156333176131925
 64.02220748657642 15.21432924128289
 65.45865440384829 15.271839718702338
 66.91549207516393 15.32892794592047
 68.39314678806433 15.38565726046748
 69.89176063839648 15.442069887363504
 71.41168886577786 15.498186939118604
 72.95342880567298 15.554029528242848
 74.51719360185233 15.609660992266434
 76.10298325431587 15.665081331189361
 77.7115082422986 15.720353882541826
 79.34276856580054 15.775478646323831
 80.99676422482166 15.830497847555506
 82.67491617783192 15.885474823767048
 84.37651394559634 15.94040957495846
 86.10297848658487 15.995344326149871
 87.85288884232759 16.050321302361414
 89.62837645052939 16.105319391083025
 91.42873083195529 16.160380817334833
 93.2546624658403 16.21548446860677
 95.10688183141936 16.270693682429037
 96.98538892869249 16.326008458801635
 98.89018375765968 16.381428797724563
 100.82197679755592 16.43697581170788
 102.78076804838119 16.49269172577173
 104.76797846860543 16.54861876493624
 106.78289757899371 16.604735816691342
 108.82623585878098 16.661106218567234
 110.8987037872022 16.717708858053847
 113.00030136425738 16.774607072681384
 115.13173906918149 16.831800862449846
 117.29301690197457 16.889269114849164
 119.48484534187153 16.947032942389402
 121.70793486810742 17.005092345070565
 123.96228548068216 17.063468435402715
 126.24860765883078 17.12216121338585
 128.56619092331826 17.181128453999843
 130.91716671184957 17.240433494774894
 133.30153502442468 17.300012998180797
 135.71929586104363 17.359866964217556
 138.17044922170638 17.419995392885177
 140.65712654411786 17.48039828418365
 143.1779068698081 17.54107563811298
 145.7342111572471 17.602069679693297
 148.3267498856698 17.663380408924603
 150.95552305507624 17.725028938316964
 153.62124114470137 17.787036380380442
 156.32461463378013 17.849381622604977
 159.06564352231254 17.912085777500632
 161.8450382895336 17.975148845067405
 164.6627989354433 18.03852860028517
 167.52105689774655 18.102203930643853
 170.4183912179734 18.166132611123327
 173.3569333338288 18.230356866743726
 176.33597276607773 18.29483447248491
 179.3569304731902 18.35956542834689
 182.41980645516617 18.42457084683973
 185.5260216704756 18.48978739043322
 188.6748656398835 18.55517283410724
 191.86775932185984 18.62066384033159
 195.10541319563958 18.686239296596202
 198.38782726122272 18.751878090391013
 201.71642247707925 18.817516884185828
 205.09048836397415 18.88313456547057
 208.5121563596123 18.94873113424525
 211.98071598475886 19.01432770301993
 215.49758819788366 19.079903159284545
 219.06348347822174 19.145394165508893
 222.679112305008 19.21075849667285
 226.34376419900755 19.27586947771601
 230.06028107716025 19.34062154608806
 233.82724198099618 19.404951364258782
 237.64677834822018 19.468901157248325
 241.51889017883232 19.532428700036547
 245.44499843130257 19.59540731756306
 249.42439262639593 19.657752559787593
 253.4592042018173 19.719337751649753
 257.5494331575667 19.780078443109282
 261.6957899728791 19.839932409146044
 265.8989851269895 19.898751862189577
 270.16043957836774 19.956473464709685
 274.48015332701397 20.012991654156036
 278.8588368521631 20.068243092998436
 283.2979111122851 20.122206668726818
 287.79737610737993 20.17477681879085
 292.35936327515253 20.225911318170404
 296.9824516571329 20.275631279375546
 301.66948317026106 20.32389447738614
 306.420457814537 20.37063757467199
 311.23608606919555 20.4157972337029
 316.11707841347175 20.459289004438606
 321.06485580583563 20.50100732432878
 326.0794182462871 20.540909968353287
 331.1628971725312 20.578996936512127
 336.31458210533276 20.615268228805306
 341.53660448239685 20.64970273272275
 346.82896430372347 20.682448235834926
 352.19308252778256 20.713589188182095
 357.630380113044 20.743188927294455
 363.1401465802728 20.771310790702202
 368.72451336717404 20.797954778405337
 374.3841909529826 20.82312089040386
 380.1206002961684 20.84678801418771
 385.9337413967314 20.86891392473675
 391.82432473390674 20.889561959581176
 397.7944817453992 20.908774343741122
 403.8449229104438 20.92655107721659
 409.97635870827554 20.942955497537778
 416.18949961812933 20.95805094223488
 422.48505611924026 20.971858523817964
 428.8658701285481 20.984441579817226
 435.33052068758303 20.995863447762865
 441.88184971328474 21.00625080271528
 448.51985720565347 21.01564586969459
 455.24667460239397 21.02406976121088
 462.0615914242714 21.031649152324526
 468.9674495882256 21.038405155545608
 475.96424909425645 21.04444333342445
 483.05412138006915 21.04980591098118
 490.23635596642845 21.05457733825607
 497.51379477027444 21.05886317779944
 504.88714827084186 21.0627267671415
 512.357126947366 21.066231443812434
 519.9251517583165 21.06937720781225
 527.5919331829286 21.072164059140945
 535.3588921796721 21.074655335328718
 543.2274497070171 21.07691437390577
 551.1983162441983 21.078962287382158
 559.2729127496858 21.080799075757888
 567.4526601819497 21.082403626522893
 575.7382690202247 21.083754827167112
 584.131160222981 21.084768227650272
 592.6327547486883 21.085422715462315
 601.2437630765817 21.0858027406435
 609.9656061651314 21.085992753234095
 618.7997049728068 21.08611942829449
 627.7474804580783 21.08622499084482
 636.8096431001807 21.086393890925347
 645.9883243368189 21.086605016026006
 655.283524167993 21.086816141126665
 664.697374031408 21.086921703676992
 674.2312948855335 21.08683725363673
 683.8859972096049 21.08652056598574
 693.6629019620918 21.08601386574416
 703.5634301014644 21.085486052992515
 713.5911340238974 21.085127140321394
 723.743882291686 21.085000465260997
 734.0174120294203 21.08514825283146
 744.4259328217997 21.085528278012646
 754.9694446688244 21.086077203274357
 765.6408427781445 21.08658390351594
 776.4401271497601 21.086963928697124
 787.3815073683706 21.08719616630785
 798.4507738492765 21.087470628938707
 809.6621361771774 21.08791399165009
 821.0155943520732 21.088568479462133
 832.5040435816143 21.089349642334568
 844.1345886581503 21.090130805207007
 855.9072295816812 21.090764180508984
 867.821966352207 21.0911864307103
 879.8859037620775 21.09139755581096
 892.0919370189431 21.09154534338142
 904.4471709151533 21.091672018441816
 916.9587102430579 21.091840918522344
 929.6123454179573 21.092009818602868
 942.4222860245513 21.0921153811532
 955.3885320628399 21.091988706092803
 968.5110835328227 21.09169313095188
 981.7828356421503 21.091503118361288
 995.217997975522 21.091482005851223
 1008.8165705329379 21.091566455891485
 1022.5714485220482 21.09154534338142
 1036.482631942853 21.09110198067004
 1050.5643303800516 21.090341930307666
 1064.8165438336443 21.089581879945293
 1079.2250627189314 21.08892739213325
 1093.8112014129622 21.088251791811146
 1108.560750331037 21.087723979059497
 1123.480814265506 21.087470628938707
 1138.5784980087187 21.087217278817914
 1153.846696768325 21.08652056598574
 1169.2854105443255 21.085486052992515
 1184.9088489214193 21.084303752428823
 1200.702802314907 21.0831425643752
 1216.6814803094883 21.082192501422238
 1232.837778112813 21.081516901100127
 1249.1788005172314 21.081136875918943
 1265.704547522743 21.080777963247822
 1282.4150191293481 21.0804823881069
 1299.3031105446971 21.08073573822769
 1316.3901361458388 21.081580238630327
 1333.661886348074 21.082931439274542
 1351.1183611514025 21.084768227650272
 1368.773770140524 21.086900591166927
 1386.6210085230887 21.089075179703713
 1404.6600762990965 21.091207543220367
 1422.8980782608974 21.09302321908603
 1441.3279096161411 21.093762156938336
 1459.956675157178 21.093572144347743
 1478.7914796763575 21.09352991932761
 1497.8181135889804 21.094501094790644
 1517.0507864797455 21.09646455822677
 1536.482393556304 21.099251409555468
 1556.1200396110048 21.102608298655937
 1575.970829436198 21.105669612615493
 1596.0205534471845 21.107801976132144
 1616.2763164363134 21.109322076856888
 1636.7452231959346 21.110863290091697
 1657.4201689336987 21.11244672834664
 1678.3011536496053 21.11356569138013
 1699.4023869283542 21.113776816480787
 1720.7167639775953 21.113354566279472
 1742.2371800049793 21.11293231607815
 1763.9778445952054 21.112404503326506
 1785.9316529559237 21.11183446555473
 1808.1057098794847 21.11126442778295
 1830.4929105735375 21.11084217758163
 1853.1074646227823 21.110377702360182
 1875.9280576501703 21.109997677178995
 1898.9760040327496 21.109871002118602
 1922.2441989781717 21.110061014709196
 1945.7326424864352 21.110462152400444
 1969.448439349891 21.11084217758163
 1993.377379983839 21.111179977742687
 2017.5407787653292 21.111496665393673
 2041.9173213173112 21.111855578064795
 2066.5283220168353 21.112277828266112
 2091.359571279201 21.112721190977496
 2116.418173896759 21.113143441178813
 2141.697025077159 21.113776816480787
