 0.0006557001652437595 0.00010039670821365769
 0.0019765532013567002 0.0012540618047821416
 0.003316440990188563 0.004830374439234076
 0.004675658142861082 0.01219637452764752
 0.006054456156673302 0.02450610024936499
 0.007453122457109838 0.04250117062402306
 0.008871944469655314 0.06639759032581087
 0.010311209619794346 0.09589163342614304
 0.011771223297104344 0.13026160539761628
 0.013252254962977137 0.1685175219617038
 0.014754627971082925 0.2095535069387456
 0.016278629746906324 0.25227126169646347
 0.017824583644117535 0.29566252669499804
 0.019392777088201172 0.3388625700566628
 0.020983677145569746 0.38116757135111373
 0.0225972119598521 0.4220359588095936
 0.024234279735687664 0.4610759286586557
 0.02589470083214857 0.49801870083528726
 0.027579014172018457 0.5327104957014459
 0.029287758678080998 0.5650799951641267
 0.03102093435033619 0.5951361139849551
 0.0327790801115677 0.6229278833528723
 0.03456255524363129 0.6485399935033217
 0.03637153938745486 0.6720794215758109
 0.03820675110674995 0.693670974233099
 0.040068190401516574 0.713430543376319
 0.04195639619453837 0.7314918504298555
 0.04387172776767113 0.747988616818093
 0.04581472404369851 0.7630456492037907
 0.047785564663548406 0.776787754249707
 0.04978478855000446 0.7893219090953498
 0.051812575343994575 0.8007640056418523
 0.0538696436092303 0.8111987341246581
 0.055956172986639505 0.8207152421600236
 0.058072702399005874 0.8294026773642048
 0.06021959112818516 0.8373279004493944
 0.06239737809696105 0.8445622295085972
 0.0646064225871893 0.8511591531115671
 0.06684708388072567 0.8571543303048067
 0.06911990090035386 0.862592334896444
 0.07142541256885751 0.8675132833137945
 0.07376397816809238 0.8719528346033607
 0.07613613662084215 0.8759466478116453
 0.07854224720896259 0.879517009842712
 0.08098284885523738 0.8826995797430637
 0.08345848048245015 0.8855121870359517
 0.0859695013724567 0.8879771186254396
 0.08851663008896854 0.8901211187964049
 0.09110004627291361 0.89194864492966
 0.0937206481289313 0.8933338820857656
 0.09637879493887742 0.8947389653184838
 0.0990750256255356 0.8957329612397422
 0.10180969947076166 0.896495173358734
 0.10458371467919497 0.897034516437085
 0.10739725089176345 0.8973777347596718
 0.11025120631310656 0.8975337430881204
 0.11314594022508004 0.897520370945682
 0.11608199155046757 0.8973509904747948
 0.11906007885298069 0.8970211442946464
 0.12208074105540308 0.8965308324052365
 0.12514469672144626 0.8958755974257523
 0.128252305132966 0.8950554393561939
 0.13140446449460177 0.8940748155773741
 0.13460153408820932 0.8929381834701057
 0.13784423247750022 0.891654457796014
 0.141133278226186 0.8902236385550997
 0.1444692102570503 0.8886590978898007
 0.1478529267747326 0.8869563784193045
 0.15128478706108867 0.8851199375244237
 0.15476550967983002 0.8831631473475969
 0.15829599283559612 0.8811216669353265
 0.1618767754511706 0.8790133258108637
 0.16550875573119297 0.8768292092125831
 0.16919229295751892 0.8745514876172333
 0.1729284649757158 0.8721846184056272
 0.17671763106763938 0.869724144196952
 0.1805606894379291 0.8671745223720204
 0.1844588975730802 0.8645357529308324
 0.18841279439587633 0.8617944637309497
 0.19242237990631741 0.8589461973915593
 0.19648945051368244 0.8559954112934741
 0.20061400621797132 0.8529510201983198
 0.2047960470191841 0.8498085667252834
 0.2090391657358785 0.8465725082551779
 0.21334156595877565 0.8432428447880032
 0.21770684050643335 0.8398151189429466
 0.22213139656029376 0.8362848733391951
 0.22662062334819358 0.8326431932151231
 0.23117272446085385 0.8288900785707308
 0.23578949630755355 0.8250121572635796
 0.2404727352975715 0.820996057151231
 0.24522244143090763 0.8168328634720594
 0.25003861470756206 0.8125270336068777
 0.2549230515368136 0.8080830249364988
 0.25987575191866225 0.8035142096033607
 0.2649003086716657 0.7988072154650255
 0.2699949253865452 0.7939531277598673
 0.27516139847257953 0.7889430317262603
 0.28040152433904764 0.783750183079328
 0.28571530298594944 0.7783416609420496
 0.2911045308225638 0.7728563443728019
 0.29656920784889085 0.7671999281213365
 0.3021111304742093 0.7614231625879251
 0.30773209510779814 0.7555082182493161
 0.3134321017496573 0.7494595524863229
 0.3192129468090657 0.7432771652989449
 0.3250728338767444 0.7369387697831185
 0.3310171521805302 0.7304131642731536
 0.33704590172042276 0.7237181782923018
 0.3431590824964224 0.7168627266021884
 0.34935669450852896 0.7098468092028137
 0.3556441269845791 0.7026704260941775
 0.3620177871060151 0.6953023756105902
 0.3684812676913946 0.6877159134671748
 0.3750363651499966 0.6799065822831184
 0.381683079481821 0.6718565525351701
 0.3884232070961468 0.6635479947000782
 0.3952585444022527 0.6549853661586558
 0.40218909140013887 0.6461954111957797
 0.40921664449908407 0.6371781298114498
 0.41634120369908834 0.6279112351016022
 0.42356815822798827 0.6183858123046112
 0.4308939152672261 0.608619690943728
 0.4383238640446385 0.5986752743503322
 0.4458562081509465 0.588592678951739
 0.45349454040470805 0.5783540752246972
 0.4612388608059229 0.5679238041227042
 0.469092762173149 0.5572617492184447
 0.47705444809710734 0.5464035695584213
 0.48512751139635574 0.5353849241891364
 0.493313748480173 0.524259301680344
 0.5016131593485592 0.513048988936108
 0.510029336820072 0.5017406138139899
 0.5185604844854327 0.4902896025058617
 0.5272119915724777 0.4786469238227824
 0.5359820616719282 0.4667813760990622
 0.5448742876023419 0.4547330757620165
 0.5538904657729978 0.44251584069216493
 0.5630323925931747 0.4301029266046308
 0.5722982716535938 0.4175228607366159
 0.5816952885913704 0.4047894609686401
 0.591219850587947 0.3918795489204768
 0.60087734687116 0.37879624475869483
 0.6106677774410094 0.3655952657434545
 0.6205947351160532 0.35234302684886676
 0.6306564234870123 0.33911040042985546
 0.6408582317817234 0.3259459719372802
 0.6512001600001864 0.31287113679904266
 0.6616840045516803 0.2998542476113717
 0.672311561845484 0.2871168547574956
 0.683086424700155 0.27420291250976947
 0.6940085931156935 0.2617035252344666
 0.7050798635013784 0.24942923569021103
 0.7163038286757674 0.2373711291153771
 0.7276804886388604 0.22553990322391562
 0.7392152326184941 0.21391282537368114
 0.7509044677961106 0.20250103901670577
 0.7627553798088258 0.19132861400937867
 0.7747679686566393 0.1803875270662368
 0.7869440307488301 0.16971120854337632
 0.7992853624946771 0.1593754339146151
 0.811795556712738 0.14940650172674874
 0.8244746134030129 0.1397847995042009
 0.8373279217933381 0.13052860250830403
 0.8503536854744352 0.12169229078497462
 0.8635572936741405 0.11328388761967567
 0.8769387463924541 0.10527531151328645
 0.8905016364479338 0.09762867472889801
 0.9042495566591371 0.09029717476797579
 0.9181807106167853 0.08326877670232513
 0.9323004875487151 0.07650514705695585
 0.9466106838642052 0.07002010371238766
 0.9611148923818135 0.06389165083284487
 0.9758131131015397 0.058138509417741305
 0.9907071424326631 0.05273215222987496
 1.00580236960302 0.04765653269831966
 1.0211005910218895 0.042920966748974214
 1.0366036030985502 0.03848600656164518
 1.0523132022422812 0.034321074503956626
 1.0682311848623613 0.03042857756154748
 1.084364736595906 0.026811190162905434
 1.1007102646243576 0.02346347430343885
 1.1172749545848313 0.020384583080793283
 1.1340588064773274 0.017581960320926144
 1.1510672095296826 0.01506795296868894
 1.1682983673326177 0.012818803184349355
 1.1857594655232484 0.010799966266608051
 1.2034505041015746 0.009013715479679564
 1.221376872295433 0.007469545044695194
 1.2395367736955447 0.0061283637319265345
 1.2579373939390253 0.004941051204816335
 1.2765805294351533 0.003894721175434741
 1.295467976593208 0.002995186068361665
 1.3146033282317466 0.0022285655997459947
 1.3339883807600488 0.0015758624125635015
 1.3536267269966715 0.001012708005910512
 1.373521959760173 0.0005243217050117234
 1.3936758754598322 0.000112442779860297
 1.4140920669142065 -0.00001644893223146645
 1.4347741269418537 -0.00014701912856340368
 1.4557238519520528 -0.0006283703453253224
 1.4769448347633614 -0.000756854347254787
 1.4984406681943374 -0.0008419190026865964
 1.5202131486542596 -0.00090223182246483
 1.542265868961686 -0.0009451653144538884
 1.5646024219351735 -0.0009517820693765109
 1.587226400393281 -0.0009464374012862031
 1.6101396007452866 -0.0009410244076787809
 1.633347412219027 -0.0009294352175654554
 1.6568498348145024 -0.0009376992015924189
 1.6806522577595495 -0.0009666053161635406
 1.7047582738727256 -0.001009044038882376
 1.72916967956331 -0.001059506047064283
 1.7538900676498603 -0.0011110244544988278
 1.7789230309509343 -0.0011254007781381719
 1.8042775515129261 -0.0010989611153156636
 1.8299482401079994 -0.0010721917528575616
 1.855924318280481 -0.0009469705536830795
 1.882241714215948 -0.0007791145070339977
 1.9089004279144004 -0.0005801637718347012
 1.93588249528305 -0.00036066540256447837
 1.9631879163218964 -0.0001323369619040641
 1.990852619216517 0.00008566506462729583
 2.0188406757813344 0.00027326017646785855
 2.0471880142019265 0.000425325505849453
 2.075894634478292 0.0005528801438794452
 2.104942572517644 0.0006763183907288004
 2.13434979241277 0.0007982500428634232
 2.1641162941636702 0.0008874154886430247
 2.194242077770345 0.0009102016193581478
 2.224745107325582 0.0008609297318532631
 2.255607418736594 0.0007779020994529114
 2.286846976096169 0.0007780704152465528
 2.3184817434970957 0.0007782408603946855
 2.3504757927537963 0.0008572479353018758
 2.382865052051849 0.0009016077891510357
 2.4156495213912534 0.0008640677279454866
 2.448829200772009 0.0007485101303731927
 2.4823861261013285 0.0005499382725429856
 2.5163562255647878 0.0002673274026059985
 2.550739499162388 -0.00004136970907849746
 2.5855179828013393 -0.0002954008784412857
 2.6206916764816426 -0.0004660681951690114
 2.656296508388875 -0.0006145970386137163
 2.692332478523037 -0.0007678417909583822
 2.7287636586985506 -0.0008735441195535365
 2.765643941193782 -0.0009583591616598281
 2.8029373978231535 -0.0011064199801191872
 2.840661992679454 -0.001153654501717167
 2.8788356898554732 -0.0012014513390484567
 2.917440525258421 -0.001394142156273705
 2.9564764988882977 -0.001428076870030589
 2.9959795389306816 -0.001367194209735098
 3.0359137171999944 -0.0013056470729288787
 3.0763149618818137 -0.0011847718200468933
 3.117165308883351 -0.0011034379923554123
 3.1584827222973946 -0.001042897846155725
 3.200267202123945 -0.0009292034337631889
 3.242518748363002 -0.000802555872728605
 3.285219396921777 -0.0007404422711019931
 3.3284230400786354 -0.0007021890289663932
 3.3720937496480006 -0.0006556450585189529
 3.416231525629873 -0.0005469696569216491
 3.460872296209829 -0.00030042924973622514
 3.5059980972950804 0.0000487668662587925
 3.5516089288856265 0.00037156771029454866
 3.5977227550742574 0.000707907848549238
 3.6443216117681834 0.0012477947273593201
 3.691423463060193 0.001762020464830012
 3.739046273043076 0.002092339127344666
 3.787154113531254 0.002202743992697343
 3.8357829127103042 0.00217062410656018
 3.8849147064874394 0.0020699318739986323
 3.9345674589554465 0.0019409664749413837
 3.984759134207115 0.0017906814234564285
 4.035453804056869 0.0016136743739986325
 4.0866694325974935 0.0014498076831770223
 4.138423983921781 0.0012685616645662368
 4.190699493936941 0.000995783330964244
 4.243495962642973 0.0006732606274912076
 4.296849318225456 0.0004491658071268074
 4.350741596591599 0.0002824419352041813
 4.405154833648616 0.000040188458589292695
 4.460124957582083 -0.0001267799452447245
 4.515634004299212 -0.0001334867539419683
 4.571699937892791 -0.0001402608477750098
 4.62830479427003 -0.00011864444497338741
 4.685484501616509 -0.00009680851665933959
 4.743185167653861 -0.000029861509574540842
 4.8014606846604515 0.000006304876012114107
 4.860293088543492 -5.329823959310278E-7
 4.919682379302983 -0.00002977530382962095
 4.979646521031713 -0.000024001528450298992
 5.040149585544103 -0.00001817586174042595
 5.101245465118523 0.0000018743999498827669
 5.162880267476602 0.00000978858656017976
 5.22510788489671 0.000010385296129591639
 5.287892389193267 0.000008904331354533021
 5.351251744459065 0.000007173708680148496
 5.415167986601311 0.000005780258952782156
 5.4796770438055855 0.00000437388515543181
 5.544742987886311 0.000003369641715684838
 5.610401747029062 0.0000025833508255422044
 5.676617393048265 0.0000019732869432151235
 5.7434258541294945 0.0000015028059410414225
 5.8107912020871755 0.0000011415887147323173
 5.8787493651068825 8.652311043376319E-7
 5.947282379095829 6.544192787954279E-7
 6.016390244054015 4.9402043024619E-7
 6.086072959981439 3.722523639873975E-7
 6.156348490970891 2.8000686806613914E-7
 6.227180908836793 2.102622304879836E-7
 6.298606141764722 1.5762724915982807E-7
 6.370588261569103 1.1797572666324739E-7
 6.44316319643551 8.815629476357954E-8
 6.516312982271155 6.576865389312232E-8
 6.590037619076041 4.898884382327081E-8
 6.664319142757376 3.6432312925947644E-8
 6.739193481500739 2.7051621283948808E-8
 6.814624707120552 2.0054736900644784E-8
 6.890630783709604 1.4844281599501759E-8
 6.967211711267894 1.0970327361273935E-8
 7.044367489795424 8.09469270369285E-9
 7.1220621911066155 5.963485215660414E-9
 7.2003317433870455 4.38652628741696E-9
 7.279176146636714 3.221527408655725E-9
 7.358559472670044 2.362242450322392E-9
 7.438517649672613 1.7294548406115672E-9
 7.519014749458844 1.2642068035121143E-9
 7.600068736121525 9.226822856340368E-10
 7.681661645567867 6.723780660902697E-10
 7.763811441890659 4.892153737299727E-10
 7.846500160997113 3.5540391025302853E-10
 7.929727802887228 2.577957394758695E-10
 8.013494367561004 1.867094302730559E-10
 8.097781890925654 1.3501941367721769E-10
 8.182608337073965 9.74922788760258E-11
 8.267955741913148 7.028977525156311E-11
 8.353824105443206 5.060152420134819E-11
 8.440213427664133 3.637409953253224E-11
 8.527123708575935 2.6108528651572884E-11
 8.614519019993033 1.8712797833137946E-11
 8.702435290101002 1.339269096399961E-11
 8.790836590714267 9.571378393171162E-12
 8.879722921832828 6.8307132266021886E-12
 8.969112247549472 4.8679947332942556E-12
 9.05898660377141 3.4644190039077766E-12
 9.149328026405858 2.4621680133841348E-12
 9.24013651545281 1.7475027755226654E-12
 9.33143003500506 1.2386214376465417E-12
 9.423172656877025 8.767801780236421E-13
 9.515364381068709 6.198389184495897E-13
 9.60800520758011 4.376403575591052E-13
 9.70107717231844 3.0861121795623294E-13
 9.794598239376489 2.1735659778966397E-13
 9.888532480568678 1.5290108828399767E-13
 9.982897859987796 1.0743268382669012E-13
 10.077676413541054 7.539793366305198E-14
 10.172868141228454 5.285562167839E-14
 10.268437114864417 3.7012173595887067E-14
 10.364419262634518 2.5889894122704184E-14
 10.460778656353183 1.8090948635941776E-14
 10.557497331927625 1.2628428449833919E-14
 10.654611217543417 8.806580993307933E-15
 10.752066420922194 6.135495541227042E-15
 10.849880906156743 4.2706299289028914E-15
 10.948036709154282 2.9699171765338024E-15
 11.046533829914804 2.063593478482806E-15
 11.145336340252735 1.4326645965709262E-15
 11.244480168353652 9.93853285072294E-16
 11.343929386031975 6.88932778429074E-16
 11.443666029194919 4.772161045818679E-16
 11.543708061935273 3.30343623847206E-16
 11.644037520160243 2.2852590263042206E-16
 11.744618475684257 1.579976575053732E-16
 11.8454688926001 1.0917774841490817E-16
 11.946588770907777 7.54023910438648E-17
 12.047942182421705 5.205106444167644E-17
 12.149529127141886 3.591931296820047E-17
 12.251349605068322 2.4775103181418524E-17
 12.353367688015432 1.7081173586606097E-17
 12.455601340076008 1.1773993121824932E-17
 12.558032597157258 8.112878817409144E-18
 12.660661459259185 5.589288096424385E-18
 12.76345199819621 3.847201038589293E-18
 12.866404213968336 2.651628984832943E-18
 12.969500142482769 1.8234253429073858E-18
 13.0727577478323 1.2517484241402893E-18
 13.176141101831353 8.589239104874952E-19
 13.279650204479928 5.914231157678781E-19
 13.383285055778023 4.033688937035952E-19
 13.48700972754006 2.7601127190552956E-19
 13.590824219766043 1.8649012713706527E-19
 13.69471056836318 1.2291316738960532E-19
 13.79868673742426 7.936277389605314E-20
 13.902716798763707 5.077981943386089E-20
 14.006782788288733 2.847557615841149E-20
 14.110902670092123 1.6350430576152796E-20
