 0.0006557001652437595 0.9998704960882134
 0.0019765532013567002 0.9999155146547276
 0.003316440990188563 1.0003902884667417
 0.004675658142861082 1.001331619882701
 0.006054456156673302 1.0026957504051486
 0.007453122457109838 1.004375668626004
 0.008871944469655314 1.0062997779823224
 0.010311209619794346 1.008301708743219
 0.011771223297104344 1.010220219999
 0.013252254962977137 1.0119665856055597
 0.014754627971082925 1.01343299669659
 0.016278629746906324 1.014628951106682
 0.017824583644117535 1.0155109485150637
 0.019392777088201172 1.0160605996832386
 0.020983677145569746 1.0163810170839787
 0.0225972119598521 1.0163821311155161
 0.024234279735687664 1.0161596488827596
 0.02589470083214857 1.0157782116687382
 0.027579014172018457 1.0151489781673457
 0.029287758678080998 1.0143909925854244
 0.03102093435033619 1.0135131348054052
 0.0327790801115677 1.0125064172066973
 0.03456255524363129 1.011454434419399
 0.03637153938745486 1.0102949973618285
 0.03820675110674995 1.0090744964181375
 0.040068190401516574 1.0078143621932483
 0.04195639619453837 1.0064857279474182
 0.04387172776767113 1.0051403891446635
 0.04581472404369851 1.0037802560310067
 0.047785564663548406 1.0023844811282234
 0.04978478855000446 1.0009745071957366
 0.051812575343994575 0.9995498639221256
 0.0538696436092303 0.9981068328570749
 0.055956172986639505 0.9966450483931807
 0.058072702399005874 0.9951889398378659
 0.06021959112818516 0.9937403521155939
 0.06239737809696105 0.9922950539921777
 0.0646064225871893 0.9908763372227465
 0.06684708388072567 0.9894434450533947
 0.06911990090035386 0.9879923127220194
 0.07142541256885751 0.9865501124921494
 0.07376397816809238 0.9850777084043162
 0.07613613662084215 0.9835833690449348
 0.07854224720896259 0.9820751882016987
 0.08098284885523738 0.980527337263491
 0.08345848048245015 0.9789387278802333
 0.0859695013724567 0.9772961813673043
 0.08851663008896854 0.9756193254738247
 0.09110004627291361 0.9738900446693934
 0.0937206481289313 0.9719403910767874
 0.09637879493887742 0.9702505103102176
 0.0990750256255356 0.9683811276880195
 0.10180969947076166 0.9664696613674074
 0.10458371467919497 0.9645113824451413
 0.10739725089176345 0.962508516292398
 0.11025120631310656 0.9604534386421799
 0.11314594022508004 0.958354593450749
 0.11608199155046757 0.9562082516693572
 0.11906007885298069 0.9540068087608328
 0.12208074105540308 0.9517469505538074
 0.12514469672144626 0.9494226768333989
 0.128252305132966 0.9470460254733682
 0.13140446449460177 0.9446096402037532
 0.13460153408820932 0.9421073367186296
 0.13784423247750022 0.9395264245845596
 0.141133278226186 0.936865591588709
 0.1444692102570503 0.934143375807795
 0.1478529267747326 0.9313459465219674
 0.15128478706108867 0.9284848766832936
 0.15476550967983002 0.9255449373123334
 0.15829599283559612 0.9225467636581527
 0.1618767754511706 0.9195075863055988
 0.16550875573119297 0.9164407316709344
 0.16919229295751892 0.9133404113752455
 0.1729284649757158 0.9102019593522762
 0.17671763106763938 0.9070061590155893
 0.1805606894379291 0.9037451484087127
 0.1844588975730802 0.900433664380632
 0.18841279439587633 0.8970562486675557
 0.19242237990631741 0.8936014212152645
 0.19648945051368244 0.8900730029842528
 0.20061400621797132 0.8864796844325031
 0.2047960470191841 0.8828209314905665
 0.2090391657358785 0.8790948319177434
 0.21334156595877565 0.875294509896307
 0.21770684050643335 0.8714333113905417
 0.22213139656029376 0.8674814877240645
 0.22662062334819358 0.8634231712621362
 0.23117272446085385 0.8592710464673649
 0.23578949630755355 0.8550048078326437
 0.2404727352975715 0.8506226460542091
 0.24522244143090763 0.8461035701018726
 0.25003861470756206 0.8414517305594018
 0.2549230515368136 0.8366821457026555
 0.25987575191866225 0.831807960432222
 0.2649003086716657 0.8268043885473053
 0.2699949253865452 0.8216722453202512
 0.27516139847257953 0.8163925993211615
 0.28040152433904764 0.8109429524685473
 0.28571530298594944 0.8052952843274324
 0.2911045308225638 0.799568051521305
 0.29656920784889085 0.7936719846813817
 0.3021111304742093 0.7876585008039099
 0.30773209510779814 0.7815139175465785
 0.3134321017496573 0.7752426217283459
 0.3192129468090657 0.76883454028637
 0.3250728338767444 0.7622733024995844
 0.3310171521805302 0.755519759122278
 0.33704590172042276 0.7485899229964603
 0.3431590824964224 0.7415060475507579
 0.34935669450852896 0.7342574104333637
 0.3556441269845791 0.7268511766968668
 0.3620177871060151 0.7192679214573269
 0.3684812676913946 0.7114704708614573
 0.3750363651499966 0.7034567528206646
 0.381683079481821 0.6952127968155717
 0.3884232070961468 0.68670952671478
 0.3952585444022527 0.6779544560130344
 0.40218909140013887 0.6689782457234916
 0.40921664449908407 0.6597693740620589
 0.41634120369908834 0.650296528085352
 0.42356815822798827 0.6405569954068966
 0.4308939152672261 0.630579921890621
 0.4383238640446385 0.6204250787035279
 0.4458562081509465 0.6101282017013827
 0.45349454040470805 0.5996795497905818
 0.4612388608059229 0.5890333658481115
 0.469092762173149 0.5781419659896762
 0.47705444809710734 0.567041759977442
 0.48512751139635574 0.5557676556986028
 0.493313748480173 0.5443848572494889
 0.5016131593485592 0.532907365680532
 0.510029336820072 0.5213242971818031
 0.5185604844854327 0.5095988851132649
 0.5272119915724777 0.49768828165783563
 0.5359820616719282 0.48556022387286296
 0.5448742876023419 0.4732390009939656
 0.5538904657729978 0.4607379332777205
 0.5630323925931747 0.44802573948488794
 0.5722982716535938 0.43511787409856917
 0.5816952885913704 0.4220395622369391
 0.591219850587947 0.4087896292966671
 0.60087734687116 0.3953708610028469
 0.6106677774410094 0.3818189558315447
 0.6205947351160532 0.36819705524013774
 0.6306564234870123 0.3545756352513007
 0.6408582317817234 0.34100281506285685
 0.6512001600001864 0.3275139128148035
 0.6616840045516803 0.31406891149705557
 0.672311561845484 0.3008863573236067
 0.683086424700155 0.2875173393944858
 0.6940085931156935 0.2745545678233956
 0.7050798635013784 0.26181660565247944
 0.7163038286757674 0.24929119415322598
 0.7276804886388604 0.23698610178900947
 0.7392152326184941 0.22489462246595043
 0.7509044677961106 0.21302695569139576
 0.7627553798088258 0.20139651271414652
 0.7747679686566393 0.18999571814164246
 0.7869440307488301 0.1788553056985673
 0.7992853624946771 0.1680465126912269
 0.811795556712738 0.1576010543716805
 0.8244746134030129 0.1475096085165914
 0.8373279217933381 0.13779510922083862
 0.8503536854744352 0.12850966416745052
 0.8635572936741405 0.1196745992003436
 0.8769387463924541 0.1112716684023919
 0.8905016364479338 0.10325328431382721
 0.9042495566591371 0.09557111292106046
 0.9181807106167853 0.08820636205944483
 0.9323004875487151 0.08111400593425643
 0.9466106838642052 0.07430625881105278
 0.9611148923818135 0.06785764562467941
 0.9758131131015397 0.06179425161751677
 0.9907071424326631 0.056093807306493604
 1.00580236960302 0.05073460066807564
 1.0211005910218895 0.04572774189503744
 1.0366036030985502 0.0410385471197353
 1.0523132022422812 0.03663249623661324
 1.0682311848623613 0.03251118559889659
 1.084364736595906 0.028680617606320454
 1.1007102646243576 0.02513964711648167
 1.1172749545848313 0.021885023532197467
 1.1340588064773274 0.018915771236159746
 1.1510672095296826 0.01625019097870654
 1.1682983673326177 0.01386403768306047
 1.1857594655232484 0.011720611483689735
 1.2034505041015746 0.009823393497318034
 1.221376872295433 0.008179903120462503
 1.2395367736955447 0.006754989813110686
 1.2579373939390253 0.00549750614798569
 1.2765805294351533 0.004391301958697171
 1.295467976593208 0.0034376033758473975
 1.3146033282317466 0.002618148725303896
 1.3339883807600488 0.0019179886351644913
 1.3536267269966715 0.0013166334394074247
 1.373521959760173 0.0007963333726892832
 1.3936758754598322 0.00035464426134946224
 1.4140920669142065 0.00019537052268638717
 1.4347741269418537 0.00003260133015249588
 1.4557238519520528 -0.00048645806492569226
 1.4769448347633614 -0.0006579892151552253
 1.4984406681943374 -0.0007813596562100513
 1.5202131486542596 -0.0008692722833743064
 1.542265868961686 -0.0009271027978218606
 1.5646024219351735 -0.0009387136495443313
 1.587226400393281 -0.0009312195486975216
 1.6101396007452866 -0.0009202044813392998
 1.633347412219027 -0.0009065776969486509
 1.6568498348145024 -0.0009207357940400067
 1.6806522577595495 -0.0009654276407911345
 1.7047582738727256 -0.0010298731904601556
 1.72916967956331 -0.0011018194881630638
 1.7538900676498603 -0.001163593355423818
 1.7789230309509343 -0.0011699524287062811
 1.8042775515129261 -0.0011231001139490777
 1.8299482401079994 -0.0010712448017001278
 1.855924318280481 -0.0009215154254948651
 1.882241714215948 -0.000734822766693033
 1.9089004279144004 -0.0005303906694800319
 1.93588249528305 -0.0003193266368807305
 1.9631879163218964 -0.00010413139098867672
 1.990852619216517 0.00010867475726039653
 2.0188406757813344 0.0003054336228372298
 2.0471880142019265 0.00047392408717225105
 2.075894634478292 0.0006156985065288301
 2.104942572517644 0.0007438987072313733
 2.13434979241277 0.0008587361124702799
 2.1641162941636702 0.0009320399051823698
 2.194242077770345 0.0009366728216545099
 2.224745107325582 0.000875735030726647
 2.255607418736594 0.0007890822963331328
 2.286846976096169 0.0007899471634788396
 2.3184817434970957 0.0007916646357848101
 2.3504757927537963 0.0008680414827509843
 2.382865052051849 0.0009008400475955987
 2.4156495213912534 0.0008479204619242993
 2.448829200772009 0.0007300878666136738
 2.4823861261013285 0.0005419958733709288
 2.5163562255647878 0.00026964750309405435
 2.550739499162388 -0.000039030186952429114
 2.5855179828013393 -0.0003120969122277775
 2.6206916764816426 -0.0005089957835028135
 2.656296508388875 -0.0006682483750704464
 2.692332478523037 -0.0008172195122513134
 2.7287636586985506 -0.0009194150547231991
 2.765643941193782 -0.000999412712762096
 2.8029373978231535 -0.0011328046172677123
 2.840661992679454 -0.0011705351102725724
 2.8788356898554732 -0.0012326516441104206
 2.917440525258421 -0.0014504572975181612
 2.9564764988882977 -0.0014994188248787133
 2.9959795389306816 -0.0014417924621187709
 3.0359137171999944 -0.0013721353996392902
 3.0763149618818137 -0.0012354092361039771
 3.117165308883351 -0.0011359724094661158
 3.1584827222973946 -0.0010653849339474926
 3.200267202123945 -0.0009489070099705213
 3.242518748363002 -0.0008039058808331216
 3.285219396921777 -0.0007082233830699902
 3.3284230400786354 -0.0006383640735528542
 3.3720937496480006 -0.0005639219272770426
 3.416231525629873 -0.00043396817958336377
 3.460872296209829 -0.0001791185541983773
 3.5059980972950804 0.0001687933182698072
 3.5516089288856265 0.00048044863617535916
 3.5977227550742574 0.0007777389775275147
 3.6443216117681834 0.0012627406871522388
 3.691423463060193 0.0017558004498064252
 3.739046273043076 0.0021167309317732135
 3.787154113531254 0.002279311338165631
 3.8357829127103042 0.002293377062507936
 3.8849147064874394 0.002227115282944126
 3.9345674589554465 0.0021035424185906412
 3.984759134207115 0.0019209746423659204
 4.035453804056869 0.0017043784152475227
 4.0866694325974935 0.0015249780131659871
 4.138423983921781 0.001344502763979767
 4.190699493936941 0.0010608734970099672
 4.243495962642973 0.0007050502469148152
 4.296849318225456 0.00044426237968154565
 4.350741596591599 0.00026272616584805335
 4.405154833648616 0.000018238712835967155
 4.460124957582083 -0.000151901538875064
 4.515634004299212 -0.0001593230923882422
 4.571699937892791 -0.00016254490645003434
 4.62830479427003 -0.00013834468687523477
 4.685484501616509 -0.00011540486635795502
 4.743185167653861 -0.00004093451980589637
 4.8014606846604515 0.00000764107061659768
 4.860293088543492 0.000012089738800922054
 4.919682379302983 -0.000013224293267436363
 4.979646521031713 -0.00000893088621105239
 5.040149585544103 -0.000004564547252406353
 5.101245465118523 0.00001578911953838283
 5.162880267476602 0.000025729185490901793
 5.22510788489671 0.00002789124439416525
 5.287892389193267 0.000026257159078176866
 5.351251744459065 0.000028125847353417222
 5.415167986601311 0.000026582491565773032
 5.4796770438055855 0.00002085326121371561
 5.544742987886311 0.00001970409952044038
 5.610401747029062 0.00002280573262154852
 5.676617393048265 0.000022055769935865905
 5.7434258541294945 0.000017417331155722574
 5.8107912020871755 0.00002084941050240049
 5.8787493651068825 0.000020436643559456447
 5.947282379095829 0.000016168061788512046
 6.016390244054015 0.000019709844201201546
 6.086072959981439 0.00001945865052554189
 6.156348490970891 0.00001918008464568723
 6.227180908836793 0.000018988252383746608
 6.298606141764722 0.000018755025647621263
 6.370588261569103 0.00001859648796215231
 6.44316319643551 0.000018390392154254296
 6.516312982271155 0.000018252873726052196
 6.590037619076041 0.000018068953138111593
 6.664319142757376 0.000017944772442029776
 6.739193481500739 0.0000177719747649353
 6.814624707120552 0.000021170431184404698
 6.890630783709604 0.000017519720159863963
 6.967211711267894 0.000017360049275026798
 7.044367489795424 0.000020692263097292228
 7.1220621911066155 0.000020542427053579515
 7.2003317433870455 0.00001700476109340677
 7.279176146636714 0.000016860109184801257
 7.358559472670044 0.000020103548789462686
 7.438517649672613 0.000019963370353632766
 7.519014749458844 0.00001982750899121632
 7.600068736121525 0.000019693574788654735
 7.681661645567867 0.000019561534047961654
 7.763811441890659 0.00001943130233888576
 7.846500160997113 0.00001930493628220637
 7.929727802887228 0.000019180235683861373
 8.013494367561004 0.000022225738513659235
 8.097781890925654 0.000022105790611523236
 8.182608337073965 0.000018821678068335006
 8.267955741913148 0.000018707109625164644
 8.353824105443206 0.00002168414558333834
 8.440213427664133 0.00002157140227360907
 8.527123708575935 0.00002142893729573632
 8.614519019993033 0.00002132393634400987
 8.702435290101002 0.000021184548395819884
 8.790836590714267 0.000021085848108742085
 8.879722921832828 0.00002095269323220061
 8.969112247549472 0.00002382289784489405
 9.05898660377141 0.00002074269792145864
 9.149328026405858 0.000020620468322442146
 9.24013651545281 0.000023451569546305286
 9.33143003500506 0.0000233318744642175
 9.423172656877025 0.0000232179391044584
 9.515364381068709 0.000023105106119419475
 9.60800520758011 0.000022995580581700662
 9.70107717231844 0.000022887098722977658
 9.794598239376489 0.000025623210234654187
 9.888532480568678 0.00002552064909617689
 9.982897859987796 0.000022578407920853593
 10.077676413541054 0.0000252842693666002
 10.172868141228454 0.000025191340172095675
 10.268437114864417 0.000025075820770842828
 10.364419262634518 0.000027753797484068196
 10.460778656353183 0.00002764791834871377
 10.557497331927625 0.00002479148079472611
 10.654611217543417 0.000024687276766988565
 10.752066420922194 0.000030066304652015827
 10.849880906156743 0.00002996871569603579
 10.948036709154282 0.000027145303099157384
 11.046533829914804 0.000027056314190629253
 11.145336340252735 0.00002966054095153998
 11.244480168353652 0.000029572161064426544
 11.343929386031975 0.000029476106992100293
 11.443666029194919 0.000032064672367462396
 11.543708061935273 0.00003196980240462639
 11.644037520160243 0.00003188403914608155
 11.744618475684257 0.0000318015759373454
 11.8454688926001 0.00003435670418616954
 11.946588770907777 0.00003427752056757549
 12.047942182421705 0.00003419247309681871
 12.149529127141886 0.00003674138850524405
 12.251349605068322 0.000036663667679911926
 12.353367688015432 0.00003658950007582122
 12.455601340076008 0.00003912175395953308
 12.558032597157258 0.00003905067726514648
 12.660661459259185 0.000038977754020936024
 12.76345199819621 0.00004151351662717378
 12.866404213968336 0.00004404064321465039
 12.969500142482769 0.00004397918597818091
 13.0727577478323 0.00004391496649956518
 13.176141101831353 0.000046443158072971456
 13.279650204479928 0.0000489626405109212
 13.383285055778023 0.000051487271479493945
 13.48700972754006 0.00005144270531114334
 13.590824219766043 0.00005397176501596126
 13.69471056836318 0.00005906634747700997
 13.79868673742426 0.00006159262317209309
 13.902716798763707 0.0000615660362935626
 14.006782788288733 0.00006666674919800814
 14.110902670092123 0.00007177127839051381
