 0. 0.
 0.25932918364117835 0.11778623765064614
 0.7817260926579719 0.3532230829540658
 1.3116512396485576 0.5903191465062173
 1.849221143207471 0.8272737108231998
 2.3945352704276086 1.0608652914798686
 2.947707297986567 1.2870425796935077
 3.508850902561941 1.5016991668522353
 4.0780797608313275 1.7012910732856452
 4.655514654264672 1.8832311641236128
 5.24126215474722 2.0460015752859735
 5.835450148541269 2.1890730833491707
 6.438192312324412 2.3127210554125406
 7.049616532358947 2.4178202861276024
 7.669836485322467 2.505637817972394
 8.29903689581607 2.5776809892681727
 8.937189344670353 2.635531382516584
 9.584649071502803 2.6807816976951964
 10.241345028389926 2.714965364186425
 10.907490359102212 2.7395139438135674
 11.583298207410154 2.755736610165296
 12.268768573313753 2.764836151811852
 12.9641146005835 2.767873420521627
 13.669478385066391 2.765771051281837
 14.384930974685922 2.759349335774398
 15.110756561136084 2.74931577574488
 15.846955144416876 2.73629044882487
 16.59373986829879 2.7207792557822112
 17.351252828628823 2.703234114600722
 18.11970716917747 2.684022037142677
 18.899173937868223 2.6634333086809088
 19.689866278471577 2.641739468078559
 20.491855238911025 2.6191683398266954
 21.305425010880565 2.5959030965399377
 22.130646642303688 2.572124199492757
 22.96773327695089 2.547983462991239
 23.81682701066916 2.523594145285874
 24.678140987229 2.4990649060108194
 25.5518173024774 2.4744906592200766
 26.437998052261353 2.449961020616462
 27.336896380351355 2.4255324749880325
 28.248725430517897 2.4012916401147764
 29.17362729860797 2.377281758387758
 30.11181512839207 2.353538306949812
 31.063431015717196 2.330126819356594
 32.02868810435383 2.3070574017083443
 33.00779953807248 2.284379442866233
 34.000907412720125 2.2621047161709
 35.008295919990765 2.2402452496491576
 36.030036107807895 2.218823361098611
 37.06648321578899 2.19783156471335
 38.11777933978107 2.17728230045068
 39.18413762355461 2.157177883477675
 40.26570016295661 2.1375100127396665
 41.36282219760456 2.118311890223766
 42.47557477542194 2.0995826023564352
 43.60431313602626 2.081320885441519
 44.749179375264504 2.063526192677325
 45.91038663690717 2.0461911030825335
 47.08821911264824 2.029304331682218
 48.282889946258216 2.0128539101530944
 49.494683329431076 1.9968338811040562
 50.723741358013825 1.9812299370658095
 51.970419271623946 1.9660077746969904
 53.23485916610843 1.9511374932861887
 54.51734523316128 1.9366295001630331
 55.81816166447646 1.9225012714688476
 57.1375216038245 1.9087542343411015
 58.47578029082286 1.8953719900990138
 59.83307982131855 1.8823232470654307
 61.20970438700554 1.8695994913183067
 62.60600922750133 1.8572470026635908
 64.02220748657642 1.845302223614906
 65.45865440384829 1.8337500294281939
 66.91549207516393 1.8225257378935122
 68.39314678806433 1.811581313739883
 69.89176063839648 1.8009230968673824
 71.41168886577786 1.790564911017366
 72.95342880567298 1.7804819511471293
 74.51719360185233 1.7706172433794818
 76.10298325431587 1.7609326902457136
 77.7115082422986 1.7514389152109526
 79.34276856580054 1.7421211271433776
 80.99676422482166 1.7329217196543487
 82.67491617783192 1.7238167305518532
 84.37651394559634 1.7148297581262162
 86.10297848658487 1.7059757315777158
 87.85288884232759 1.6972790542910183
 89.62837645052939 1.6887791093647064
 91.42873083195529 1.6804987752804899
 93.2546624658403 1.6724013355616394
 95.10688183141936 1.6644345610509028
 96.98538892869249 1.6565747752458542
 98.89018375765968 1.6488167497222705
 100.82197679755592 1.6411293353763396
 102.78076804838119 1.6334534964391574
 104.76797846860543 1.6257441586508796
 106.78289757899371 1.6180091077593186
 108.82623585878098 1.6102604297661216
 110.8987037872022 1.6024687207636197
 113.00030136425738 1.594608192630129
 115.13173906918149 1.5867087240512865
 117.29301690197457 1.5788134914431766
 119.48484534187153 1.5709112089180026
 121.70793486810742 1.5629803808403835
 123.96228548068216 1.5550564005998313
 126.24860765883078 1.5471912313858103
 128.56619092331826 1.539377087947909
 130.91716671184957 1.5315827381941056
 133.30153502442468 1.5237821592104361
 135.71929586104363 1.5159326202826453
 138.17044922170638 1.5080215338033522
 140.65712654411786 1.5000508974773057
 143.1779068698081 1.492006313201541
 145.7342111572471 1.4838640492089494
 148.3267498856698 1.4755847295925508
 150.95552305507624 1.4671873005790574
 153.62124114470137 1.4586529154212997
 156.32461463378013 1.4499038383998721
 159.06564352231254 1.4408619154937508
 161.8450382895336 1.4314515368224643
 164.6627989354433 1.4216638180241818
 167.52105689774655 1.4115745918393738
 170.4183912179734 1.4012346050975406
 173.3569333338288 1.3907039709016138
 176.33597276607773 1.3800316193367763
 179.3569304731902 1.3692126088396037
 182.41980645516617 1.3582155398595264
 185.5260216704756 1.347031087896081
 188.6748656398835 1.3356311848716915
 191.86775932185984 1.3239244151477183
 195.10541319563958 1.311809125170733
 198.38782726122272 1.299208702673207
 201.71642247707925 1.2861140874076642
 205.09048836397415 1.2725065203367452
 208.5121563596123 1.2583498787404497
 211.98071598475886 1.2436899254305427
 215.49758819788366 1.2286174860477423
 219.06348347822174 1.2130877909070044
 222.679112305008 1.1970886295658947
 226.34376419900755 1.1807424894311982
 230.06028107716025 1.1641055920638832
 233.82724198099618 1.1470487145565555
 237.64677834822018 1.129400894412574
 241.51889017883232 1.1111740895525273
 245.44499843130257 1.092529048108258
 249.42439262639593 1.0736287431857474
 253.4592042018173 1.054489038504944
 257.5494331575667 1.0350535907582277
 261.6957899728791 1.0152900505629792
 265.8989851269895 0.9952370960330219
 270.16043957836774 0.9750208830465659
 274.48015332701397 0.9547337569699361
 278.8588368521631 0.9343496314849161
 283.2979111122851 0.9137522649572678
 287.79737610737993 0.8929593474644358
 292.35936327515253 0.8719415537178188
 296.9824516571329 0.8507084142935599
 301.66948317026106 0.8292837006033351
 306.420457814537 0.8076880393195793
 311.23608606919555 0.7858506199362828
 316.11707841347175 0.7637711317764326
 321.06485580583563 0.7415391605252004
 326.0794182462871 0.7192738135100496
 331.1628971725312 0.6971189696737956
 336.31458210533276 0.6752538561512751
 341.53660448239685 0.6536243537489974
 346.82896430372347 0.6319746977074315
 352.19308252778256 0.6101109947708767
 357.630380113044 0.5880343839614203
 363.1401465802728 0.5658806517467242
 368.72451336717404 0.5437223551205119
 374.3841909529826 0.521577286476202
 380.1206002961684 0.4994204307661699
 385.9337413967314 0.4772104508675945
 391.82432473390674 0.45481462796276656
 397.7944817453992 0.43229481924254304
 403.8449229104438 0.41000037941156114
 409.97635870827554 0.3879575243401846
 416.18949961812933 0.36623602907253233
 422.48505611924026 0.3450852525584277
 428.8658701285481 0.3246449192286685
 435.33052068758303 0.3047874374769523
 441.88184971328474 0.2854540968787679
 448.51985720565347 0.26692759470823785
 455.24667460239397 0.24946733435173038
 462.0615914242714 0.23318956127555515
 468.9674495882256 0.21805860578938874
 475.96424909425645 0.20395329453660438
 483.05412138006915 0.1908371218135633
 490.23635596642845 0.1786396585797161
 497.51379477027444 0.16738359615935366
 504.88714827084186 0.15711920912813807
 512.357126947366 0.14783762879289
 519.9251517583165 0.13951008627175093
 527.5919331829286 0.13215790490669813
 535.3588921796721 0.1258463225405544
 543.2274497070171 0.12046810083757392
 551.1983162441983 0.11573257181210247
 559.2729127496858 0.11151183334041902
 567.4526601819497 0.10774539448046346
 575.7382690202247 0.10441390307934194
 584.131160222981 0.10144072257655817
 592.6327547486883 0.09864762435326652
 601.2437630765817 0.0958728822343373
 609.9656061651314 0.09316527523269212
 618.7997049728068 0.0907022525552757
 627.7474804580783 0.08871551090423817
 636.8096431001807 0.08743256068416476
 645.9883243368189 0.08707010068936565
 655.283524167993 0.08771123638217913
 664.697374031408 0.08928894609980298
 674.2312948855335 0.09154141879110671
 683.8859972096049 0.09406659846489904
 693.6629019620918 0.09647885807872254
 703.5634301014644 0.09848029839784368
 713.5911340238974 0.09987623175020449
 723.743882291686 0.10062254192032141
 734.0174120294203 0.10082743321553678
 744.4259328217997 0.10060327042994024
 754.9694446688244 0.09991415923682861
 765.6408427781445 0.09856037895932476
 776.4401271497601 0.09635287920318952
 787.3815073683706 0.0933213545009446
 798.4507738492765 0.08981232996703221
 809.6621361771774 0.08651261582341621
 821.0155943520732 0.08416321475970925
 832.5040435816143 0.08293535723607243
 844.1345886581503 0.0824580697426271
 855.9072295816812 0.08242671110712282
 867.821966352207 0.08276696367504799
 879.8859037620775 0.08362952790826597
 892.0919370189431 0.08521350120097453
 904.4471709151533 0.08732594583508715
 916.9587102430579 0.08938025458337223
 929.6123454179573 0.0912021336766991
 942.4222860245513 0.09357963795662914
 955.3885320628399 0.0970776079088661
 968.5110835328227 0.1009383343458464
 981.7828356421503 0.10428190899115244
 995.217997975522 0.10675855477173705
 1008.8165705329379 0.10809749476564766
 1022.5714485220482 0.10836313297009537
 1036.482631942853 0.10796876547565616
 1050.5643303800516 0.10711327480001784
 1064.8165438336443 0.10596755584265459
 1079.2250627189314 0.10456491482527473
 1093.8112014129622 0.10236258495228859
 1108.560750331037 0.10016345295215102
 1123.480814265506 0.09897557328735988
 1138.5784980087187 0.09821107620055927
 1153.846696768325 0.09739597002339254
 1169.2854105443255 0.09701307498076496
 1184.9088489214193 0.09775525344953691
 1200.702802314907 0.09984454010042991
 1216.6814803094883 0.10234625426709512
 1232.837778112813 0.10394733128240793
 1249.1788005172314 0.10412085509310076
 1265.704547522743 0.10265565883803619
 1282.4150191293481 0.0990766256359748
 1299.3031105446971 0.09413670269327733
 1316.3901361458388 0.08911730297439137
 1333.661886348074 0.08498224587730845
 1351.1183611514025 0.08147459605104124
 1368.773770140524 0.07783647329234337
 1386.6210085230887 0.07487592696418258
 1404.6600762990965 0.07426413571507602
 1422.8980782608974 0.07741960607745026
 1441.3279096161411 0.0802489257057959
 1459.956675157178 0.08311359990081081
 1478.7914796763575 0.08751230924695264
 1497.8181135889804 0.09032404579798306
 1517.0507864797455 0.08971400886198497
 1536.482393556304 0.08746212454275863
 1556.1200396110048 0.08509232112103385
 1575.970829436198 0.08209074967289645
 1596.0205534471845 0.07765214495404017
 1616.2763164363134 0.07235433083683404
 1636.7452231959346 0.06634177557707092
 1657.4201689336987 0.059409680489944994
 1678.3011536496053 0.05381259509629191
 1699.4023869283542 0.05162200835690634
 1720.7167639775953 0.05074184376262877
 1742.2371800049793 0.04941928579061928
 1763.9778445952054 0.04791614279399984
 1785.9316529559237 0.04637280052853105
 1808.1057098794847 0.04411539683999161
 1830.4929105735375 0.03837886178894226
 1853.1074646227823 0.03045072484500758
 1875.9280576501703 0.024434025171239736
 1898.9760040327496 0.021020660866396722
 1922.2441989781717 0.01833938402578966
 1945.7326424864352 0.01564458364672848
 1969.448439349891 0.012892381541808265
 1993.377379983839 0.010233928571494322
 2017.5407787653292 0.008305807432266612
 2041.9173213173112 0.006943191679974361
 2066.5283220168353 0.005674970445168551
 2091.359571279201 0.004557329815247019
 2116.418173896759 0.003672976087845059
 2141.697025077159 0.002990242546068805
 2167.210334405101 0.0024562842614398814
 2192.9438922958852 0.002031498553981527
 2218.9119083342102 0.0016889717753193279
 2245.1001729353784 0.001409993258896249
 2271.5228956840874 0.0011810387949325776
 2298.165866995639 0.0009920161684534362
 2325.043296454732 0.0008352019322790678
 2352.1480792690177 0.0007045823803124351
 2379.4802154384947 0.0005954113391436809
 2407.039704963164 0.0005038963959343035
 2434.833652635374 0.0004269855752622379
 2462.847848870427 0.0003622041700108535
 2491.096503253021 0.0003075318107289054
 2519.565406198458 0.0002613119857293102
 2548.2687672914362 0.00022217845037615031
 2577.199481739606 0.0001890026050603987
 2606.357549542968 0.00016084462946600934
 2635.7358659091724 0.00013692272582127004
 2665.348640422918 0.00011658292883551831
 2695.181663499506 0.00009927685032500427
 2725.242039931286 0.00008454367511761903
 2755.5297697182577 0.00007199551670625813
 2786.0448528604215 0.0000613044911268912
 2816.773079773078 0.000052193481254071465
 2847.7286600409257 0.000044427764813160184
 2878.9115936639655 0.00003780825567448627
 2910.307671057498 0.00003216572495885583
 2941.931101806222 0.000027356306296486418
 2973.767676325439 0.000023257516556954875
 3005.824499407498 0.000019764985724080715
 3038.094466260049 0.000016789809081908477
 3070.5846816754424 0.000014256041663045725
 3103.288040861328 0.000012098905159538028
 3136.2045438177065 0.000010263112320905775
 3169.3341905445773 0.00000870137701531664
 3202.6698762495907 0.000007373406235385137
 3236.2187057250962 0.000006244711461590592
 3269.973574178745 0.000005285857479785114
 3303.934481610536 0.000004471707382730266
 3338.101428020469 0.000003780784304190909
 3372.474413408546 0.0000031947629935864613
 3407.0392281900654 0.0000026979854959527916
 3441.8100819497276 0.0000022771190349980843
 3476.772765102833 0.0000019207615853041494
 3511.9272776493817 0.0000016192084027326658
 3547.280724381723 0.0000013641851278911663
 3582.826000507508 0.0000011486447321056159
 3618.556001234386 9.665841131995708E-7
 3654.4707265623574 8.129001817567735E-7
 3690.577281283772 6.832498864163851E-7
 3726.86145581393 5.739403922677984E-7
 3763.3232501528328 4.818400268189644E-7
 3799.962664300478 4.0428720331379087E-7
 3836.7725934645177 3.3902444735038054E-7
 3873.760142437301 2.841370518501165E-7
 3910.911101634128 2.3800457626190724E-7
 3948.23257584735 1.9925344532422435E-7
 3985.7174602846153 1.6672240542336942E-7
 4023.3657549459253 1.3942922873141962E-7
 4061.16325024658 1.1654392407590101E-7
 4099.124155771278 9.736553117154207E-8
 4137.234261935321 8.130317704611614E-8
 4175.48646394636 6.785791957230288E-8
 4213.8949713890925 5.660948626665982E-8
 4252.438469886471 4.720409769081727E-8
 4291.124064230843 3.934394281884856E-8
 4329.9446496298615 3.2778557250227E-8
 4368.900226083525 2.729742231860599E-8
 4407.976584007133 2.272377032188226E-8
 4447.187932985388 1.8909161257113922E-8
 4486.520063433588 1.5729145893508432E-8
 4525.965870559384 1.3079366124362569E-8
 4565.532459155125 1.0872368736465686E-8
 4605.212724428462 9.034970351562571E-9
 4644.992456794696 7.505905611285396E-9
 4684.878761046177 6.2339347172871645E-9
 4724.871637182903 5.1762561840101125E-9
 4764.956875620176 4.297093440193432E-9
 4805.1344763579955 3.5665835105078823E-9
 4845.404439396362 2.9598203069631658E-9
 4885.752555150576 2.456012043690629E-9
 4926.185928412986 2.0378516097948293E-9
 4966.697454391244 1.6909051357473941E-9
 5007.287133085349 1.403164166742303E-9
 5047.940754910602 1.1646377038978119E-9
 5088.658319867002 9.670174949206506E-10
 5129.432723162202 8.034024433500634E-10
 5170.271069588547 6.680633398307314E-10
 5211.159149561342 5.562551454464741E-10
 5252.096963080585 4.640465356338551E-10
 5293.0845101462755 3.881952810864856E-10
 5334.107581173715 3.2603417061686656E-10
 5375.166176162903 2.75383540170708E-10
 5416.25319032149 2.344781639594161E-10
 5457.375728441827 2.0191994031011829E-10
 5498.519580939212 1.7663639948519943E-10
 5539.677643021298 1.5786652640055295E-10
 5580.8570194804315 1.4515292106969957E-10
 5622.043500731915 1.3833270399185694E-10
 5663.237086775748 1.3722351981844736E-10
