 0.25932918364117835 0.9997700993799998
 0.7817260926579719 0.9986614528499456
 1.3116512396485576 0.9955599140275077
 1.849221143207471 0.9891352453550533
 2.3945352704276086 0.9781896501557836
 2.947707297986567 0.961874498001981
 3.508850902561941 0.9399021876565116
 4.0780797608313275 0.9124100753170757
 4.655514654264672 0.8799586146013837
 5.24126215474722 0.843449063643856
 5.835450148541269 0.8038794897578445
 6.438192312324412 0.7623576894102185
 7.049616532358947 0.7198484218200657
 7.669836485322467 0.6771980296265758
 8.29903689581607 0.635213445732865
 8.937189344670353 0.5943461723059225
 9.584649071502803 0.5550837202241039
 10.241345028389926 0.517759510833451
 10.907490359102212 0.4824384824658999
 11.583298207410154 0.4493109974212978
 12.268768573313753 0.41837702082045003
 12.9641146005835 0.3895785338538251
 13.669478385066391 0.3629144409160772
 14.384930974685922 0.33821557578601763
 15.110756561136084 0.31540352218503853
 15.846955144416876 0.2943838188169293
 16.59373986829879 0.2749938775175627
 17.351252828628823 0.2571517723265704
 18.11970716917747 0.24073460682721598
 18.899173937868223 0.22559672687851645
 19.689866278471577 0.21165259810038678
 20.491855238911025 0.1987858582802733
 21.305425010880565 0.18690809873241684
 22.130646642303688 0.1759298062331572
 22.96773327695089 0.16578626247366104
 23.81682701066916 0.15641245166619944
 24.678140987229 0.14773282448358047
 25.5518173024774 0.13971718411117934
 26.437998052261353 0.13228911474858798
 27.336896380351355 0.12539997782557535
 28.248725430517897 0.1190368291783549
 29.17362729860797 0.1131248738009554
 30.11181512839207 0.10763672123328956
 31.063431015717196 0.10255817835898673
 32.02868810435383 0.09782775752042724
 33.00779953807248 0.09342654084428162
 34.000907412720125 0.08931906274186475
 35.008295919990765 0.08549820667741985
 36.030036107807895 0.08194139973973347
 37.06648321578899 0.07860650899102176
 38.11777933978107 0.07551154499173375
 39.18413762355461 0.07264816644827728
 40.26570016295661 0.06997448800867348
 41.36282219760456 0.06747686600805637
 42.47557477542194 0.06513078153272617
 43.60431313602626 0.06291969555405949
 44.749179375264504 0.060834222505067016
 45.91038663690717 0.05885726119456235
 47.08821911264824 0.056985664466186435
 48.282889946258216 0.05521611814857093
 49.494683329431076 0.05354707940764652
 50.723741358013825 0.051990586117174296
 51.970419271623946 0.050534824626378996
 53.23485916610843 0.04916915324852394
 54.51734523316128 0.047871966788545495
 55.81816166447646 0.04664195303360931
 57.1375216038245 0.04548427791799432
 58.47578029082286 0.044389568102663014
 59.83307982131855 0.0433649391588699
 61.20970438700554 0.04238178996473657
 62.60600922750133 0.04142509672282628
 64.02220748657642 0.040494260494735076
 65.45865440384829 0.03961152245835128
 66.91549207516393 0.038788923758012135
 68.39314678806433 0.03801734094664904
 69.89176063839648 0.03728201481863732
 71.41168886577786 0.03657062603669219
 72.95342880567298 0.035897911449799653
 74.51719360185233 0.035261784936606054
 76.10298325431587 0.03465522382370523
 77.7115082422986 0.034077591690778744
 79.34276856580054 0.033528664234183374
 80.99676422482166 0.033012364765283075
 82.67491617783192 0.03252232366256547
 84.37651394559634 0.032051665108303776
 86.10297848658487 0.03161819244759514
 87.85288884232759 0.031196614384869387
 89.62837645052939 0.030779978047012994
 91.42873083195529 0.030380967896634074
 93.2546624658403 0.029992650569064017
 95.10688183141936 0.02962658890297811
 96.98538892869249 0.029270706629813202
 98.89018375765968 0.028924696952524035
 100.82197679755592 0.02859912076615681
 102.78076804838119 0.028293750828861347
 104.76797846860543 0.027997173082279874
 106.78289757899371 0.027719117560383907
 108.82623585878098 0.027449567594901143
 110.8987037872022 0.02719276938921936
 113.00030136425738 0.026953623385382756
 115.13173906918149 0.026711707148503062
 117.29301690197457 0.026472056560045098
 119.48484534187153 0.026235338215984803
 121.70793486810742 0.026005699297262385
 123.96228548068216 0.02578306924202308
 126.24860765883078 0.025557374987425014
 128.56619092331826 0.02533453271646596
 130.91716671184957 0.025106594849124395
 133.30153502442468 0.024871744704158552
 135.71929586104363 0.024643320948569445
 138.17044922170638 0.02441060123054997
 140.65712654411786 0.024180750602689288
 143.1779068698081 0.0239655458467367
 145.7342111572471 0.023754557394282602
 148.3267498856698 0.02355017053754607
 150.95552305507624 0.02335624428040162
 153.62124114470137 0.02316153201470181
 156.32461463378013 0.02296908985437861
 159.06564352231254 0.022782834527711977
 161.8450382895336 0.022591244250609082
 164.6627989354433 0.022385292983749725
 167.52105689774655 0.022171183102285375
 170.4183912179734 0.021960230946892836
 173.3569333338288 0.02174980435319569
 176.33597276607773 0.021535522749643772
 179.3569304731902 0.021325474565884597
 182.41980645516617 0.02110956172540735
 185.5260216704756 0.020880216771231443
 188.6748656398835 0.020638190419020652
 191.86775932185984 0.020382731509466324
 195.10541319563958 0.020125555569144953
 198.38782726122272 0.01985837674442409
 201.71642247707925 0.019583683367813146
 205.09048836397415 0.019309282607403187
 208.5121563596123 0.019041357835053247
 211.98071598475886 0.018778847773800803
 215.49758819788366 0.018505925231949088
 219.06348347822174 0.018222092585555596
 222.679112305008 0.01792281288025716
 226.34376419900755 0.017595013361953304
 230.06028107716025 0.017250101268298974
 233.82724198099618 0.016910080376190333
 237.64677834822018 0.016574616244152088
 241.51889017883232 0.01622369008809018
 245.44499843130257 0.01585402839127096
 249.42439262639593 0.015465234821445259
 253.4592042018173 0.015056843125576615
 257.5494331575667 0.014642776015760892
 261.6957899728791 0.014214663885683902
 265.8989851269895 0.013769502566111102
 270.16043957836774 0.013314426884716358
 274.48015332701397 0.012851042588929006
 278.8588368521631 0.012387369962268432
 283.2979111122851 0.01192006503784885
 287.79737610737993 0.01144619856509385
 292.35936327515253 0.010981797092269293
 296.9824516571329 0.010525916674690002
 301.66948317026106 0.010067898704767833
 306.420457814537 0.009608191075405628
 311.23608606919555 0.009144097155190975
 316.11707841347175 0.00867107877661179
 321.06485580583563 0.008194552644931753
 326.0794182462871 0.007724809012390498
 331.1628971725312 0.007266506712534578
 336.31458210533276 0.006817373382475905
 341.53660448239685 0.006390711580667921
 346.82896430372347 0.005996356889105452
 352.19308252778256 0.005624609584929205
 357.630380113044 0.0052739381530846775
 363.1401465802728 0.0049375853571197
 368.72451336717404 0.004608858877300578
 374.3841909529826 0.0042861550986651184
 380.1206002961684 0.003965994791834548
 385.9337413967314 0.0036557421997754666
 391.82432473390674 0.0033616550766186514
 397.7944817453992 0.0030780679697559755
 403.8449229104438 0.0028067751460632328
 409.97635870827554 0.0025525405580901247
 416.18949961812933 0.0023114217326566126
 422.48505611924026 0.0020826080373491074
 428.8658701285481 0.0018694274434150203
 435.33052068758303 0.0016761728130428213
 441.88184971328474 0.0015004404514041864
 448.51985720565347 0.0013338109152336024
 455.24667460239397 0.0011822380100176
 462.0615914242714 0.0010452344987111149
 468.9674495882256 0.000920645217081685
 475.96424909425645 0.0008096780176384706
 483.05412138006915 0.0007103580757673087
 490.23635596642845 0.000626626081184152
 497.51379477027444 0.0005564549431693547
 504.88714827084186 0.000496580783262431
 512.357126947366 0.00044241730748573264
 519.9251517583165 0.00038958312555790125
 527.5919331829286 0.0003421262226009898
 535.3588921796721 0.0003039254334969129
 543.2274497070171 0.0002720116676775598
 551.1983162441983 0.00024220148148916524
 559.2729127496858 0.00021181945491785363
 567.4526601819497 0.00017962045871589957
 575.7382690202247 0.00014191228039963017
 584.131160222981 0.00009886513209956171
 592.6327547486883 0.00006055934647654515
 601.2437630765817 0.00003295953909052365
 609.9656061651314 0.000018062516632027805
 618.7997049728068 0.000013068419832179676
 627.7474804580783 0.000015217852588681516
 636.8096431001807 0.000020819926339481025
 645.9883243368189 0.000022857520616804534
 655.283524167993 0.000016963407552412198
 664.697374031408 0.0000011776753724061716
 674.2312948855335 -0.000020829151577779713
 683.8859972096049 -0.00004231344109878072
 693.6629019620918 -0.000052568900924990306
 703.5634301014644 -0.00004455165056810923
 713.5911340238974 -0.00002413899863341419
 723.743882291686 9.469511574337607E-7
 734.0174120294203 0.000025455128188214366
 744.4259328217997 0.00004429174034096479
 754.9694446688244 0.00004977310235466919
 765.6408427781445 0.00004133876568374786
 776.4401271497601 0.000028205570915387386
 787.3815073683706 0.000023009692633100708
 798.4507738492765 0.0000321734463693712
 809.6621361771774 0.000048598581322798084
 821.0155943520732 0.00006281836264938498
 832.5040435816143 0.00006758031650257286
 844.1345886581503 0.00006048606960685663
 855.9072295816812 0.00004462441653934502
 867.821966352207 0.000026471202296362148
 879.8859037620775 0.000014805298873383874
 892.0919370189431 0.000011180196880221444
 904.4471709151533 0.000011876748232286742
 916.9587102430579 0.000013423775390124585
 929.6123454179573 0.000010793547449108496
 942.4222860245513 -7.677415554370234E-7
 955.3885320628399 -0.000016147266021187303
 968.5110835328227 -0.000018422263759518872
 981.7828356421503 -0.00000794239917205679
 995.217997975522 0.0000023201004880558526
 1008.8165705329379 0.0000023395221260683473
 1022.5714485220482 -0.000016696033786491817
 1036.482631942853 -0.000042927588333802016
 1050.5643303800516 -0.00005365133645673
 1064.8165438336443 -0.00004937772129293121
 1079.2250627189314 -0.000045870935169662506
 1093.8112014129622 -0.00004105355110226783
 1108.560750331037 -0.00002638463714852514
 1123.480814265506 -0.000016880608555405437
 1138.5784980087187 -0.000031200305061964
 1153.846696768325 -0.00005631514124445608
 1169.2854105443255 -0.00007134195484812434
 1184.9088489214193 -0.00007459825238367305
 1200.702802314907 -0.00006648832671041162
 1216.6814803094883 -0.000050637416057083733
 1232.837778112813 -0.000032534417110703464
 1249.1788005172314 -0.00002248708779176752
 1265.704547522743 -0.000019703576207332435
 1282.4150191293481 -0.0000013500081045165306
 1299.3031105446971 0.00003221888803200276
 1316.3901361458388 0.00006382495541353894
 1333.661886348074 0.00009172313124191022
 1351.1183611514025 0.00011300147733828532
 1368.773770140524 0.00012131069553784783
 1386.6210085230887 0.00012002645201101468
 1404.6600762990965 0.00010888092588081047
 1422.8980782608974 0.00006983112897827672
 1441.3279096161411 0.000014945959792918682
 1459.956675157178 -0.00000622001502358686
 1478.7914796763575 0.0000243918044285475
 1497.8181135889804 0.00007656734546828787
 1517.0507864797455 0.00012275295594775632
 1536.482393556304 0.0001571834089454934
 1556.1200396110048 0.00016257594364925743
 1575.970829436198 0.00013029321890949193
 1596.0205534471845 0.00009070404124889012
 1616.2763164363134 0.0000751703299889647
 1636.7452231959346 0.00007594109941353017
 1657.4201689336987 0.00006509016604572337
 1678.3011536496053 0.000031789619423607645
 1699.4023869283542 -0.000004903427445261765
 1720.7167639775953 -0.000019715769356127966
 1742.2371800049793 -0.000021949745753325544
 1763.9778445952054 -0.000025121593630339494
 1785.9316529559237 -0.000025836338446273887
 1808.1057098794847 -0.000022284058675024538
 1830.4929105735375 -0.00001970024190184735
 1853.1074646227823 -0.00001859634969861542
 1875.9280576501703 -0.000011073010231355531
 1898.9760040327496 0.0000013361946044835717
 1922.2441989781717 0.00001262272119685308
 1945.7326424864352 0.00001655101056218459
 1969.448439349891 0.0000150706422392466
 1993.377379983839 0.000013611314488019597
 2017.5407787653292 0.000013914719588500067
 2041.9173213173112 0.000015940598930722034
 2066.5283220168353 0.00001750594826457361
 2091.359571279201 0.000017352827723643847
 2116.418173896759 0.000020952138673268725
 2141.697025077159 0.000020802232612990876
 2167.210334405101 0.0000164793760582838
 2192.9438922958852 0.000016334457804755544
 2218.9119083342102 0.000020222381796006316
 2245.1001729353784 0.000020082482992650783
 2271.5228956840874 0.00001591452521468115
 2298.165866995639 0.000019707821787668174
 2325.043296454732 0.000019571412455118815
 2352.1480792690177 0.00001551364250971662
 2379.4802154384947 0.000019215823770955358
 2407.039704963164 0.000019086398161554494
 2434.833652635374 0.00001890007777762109
 2462.847848870427 0.000018777990153258623
 2491.096503253021 0.000018597398398461436
 2519.565406198458 0.000018478512235489063
 2548.2687672914362 0.000018302235859490716
 2577.199481739606 0.000018187105072159073
 2606.357549542968 0.00001801996429428832
 2635.7358659091724 0.00001790834012910383
 2665.348640422918 0.00001774492314365135
 2695.181663499506 0.00002115037644750405
 2725.242039931286 0.000017504875878264462
 2755.5297697182577 0.000017349078947665526
 2786.0448528604215 0.000020684168404588537
 2816.773079773078 0.000020536463568363855
 2847.7286600409257 0.00001700037456711935
 2878.9115936639655 0.0000168568876573926
 2910.307671057498 0.000020101186547012364
 2941.931101806222 0.000019961640898792154
 2973.767676325439 0.000019826244784412808
 3005.824499407498 0.0000196926521063691
 3038.094466260049 0.000019560861669895564
 3070.5846816754424 0.00001943081312351203
 3103.288040861328 0.000019304580878296117
 3136.2045438177065 0.0000191799778881219
 3169.3341905445773 0.00002222555180422896
 3202.6698762495907 0.00002210565559210956
 3236.2187057250962 0.00001882158057605613
 3269.973574178745 0.000018707039335389393
 3303.934481610536 0.00002168409498181414
 3338.101428020469 0.000021571365899509538
 3372.474413408546 0.000021428911187207672
 3407.0392281900654 0.00002132391763121204
 3441.8100819497276 0.00002118453500312892
 3476.772765102833 0.00002108583853736369
 3511.9272776493817 0.000020952686401487385
 3547.280724381723 0.000023822892976899317
 3582.826000507508 0.000020742694457039636
 3618.556001234386 0.000020620465860274133
 3654.4707265623574 0.000023451567798802512
 3690.577281283772 0.000023331873225596064
 3726.86145581393 0.000023217938227678222
 3763.3232501528328 0.000023105105499580554
 3799.962664300478 0.000022995580144060303
 3836.7725934645177 0.000022887098414366442
 3873.760142437301 0.000025623210017297588
 3910.911101634128 0.0000255206489432758
 3948.23257584735 0.00002257840781342091
 3985.7174602846153 0.000025284269291202266
 4023.3657549459253 0.000025191340119240053
 4061.16325024658 0.000025075820733830656
 4099.124155771278 0.000027753797458178302
 4137.234261935321 0.00002764791833062282
 4175.48646394636 0.000024791480782097684
 4213.8949713890925 0.000024687276758181984
 4252.438469886471 0.000030066304645880333
 4291.124064230843 0.00002996871569176516
 4329.9446496298615 0.000027145303096187466
 4368.900226083525 0.000027056314188565657
 4407.976584007133 0.000029660540950107314
 4447.187932985388 0.00002957216106343269
 4486.520063433588 0.00002947610699141136
 4525.965870559384 0.00003206467236698518
 4565.532459155125 0.00003196980240429605
 4605.212724428462 0.000031884039145853024
 4644.992456794696 0.0000318015759371874
 4684.878761046177 0.00003435670418606036
 4724.871637182903 0.00003427752056750008
 4764.956875620176 0.000034192473096766665
 4805.1344763579955 0.000036741388505208127
 4845.404439396362 0.00003666366767988715
 4885.752555150576 0.000036589500075804135
 4926.185928412986 0.00003912175395952131
 4966.697454391244 0.00003905067726513837
 5007.287133085349 0.00003897775402093044
 5047.940754910602 0.00004151351662716993
 5088.658319867002 0.00004404064321464774
 5129.432723162202 0.000043979185978179085
 5170.271069588547 0.00004391496649956393
 5211.159149561342 0.000046443158072970595
 5252.096963080585 0.00004896264051092061
 5293.0845101462755 0.00005148727147949354
 5334.107581173715 0.00005144270531114307
 5375.166176162903 0.00005397176501596107
 5416.25319032149 0.000059066347477009846
 5457.375728441827 0.00006159262317209302
 5498.519580939212 0.00006156603629356254
 5539.677643021298 0.00006666674919800812
 5580.8570194804315 0.0000717712783905138
