 1.3116512396485576 9.97003615774081
 1.849221143207471 9.923184591171244
 2.3945352704276086 9.84247504830195
 2.947707297986567 9.721634005280059
 3.508850902561941 9.55874836182015
 4.0780797608313275 9.354750122710364
 4.655514654264672 9.113562647350417
 5.24126215474722 8.841562224272872
 5.835450148541269 8.54552096617336
 6.438192312324412 8.233202666721214
 7.049616532358947 7.911081685747336
 7.669836485322467 7.584871386771353
 8.29903689581607 7.260539937692343
 8.937189344670353 6.940827787116436
 9.584649071502803 6.6296281323803585
 10.241345028389926 6.3297522391308245
 10.907490359102212 6.041390389316858
 11.583298207410154 5.766761570878483
 12.268768573313753 5.5061265630275
 12.9641146005835 5.2592824699662994
 13.669478385066391 5.0270073807292235
 14.384930974685922 4.80794464739972
 15.110756561136084 4.602047235478924
 15.846955144416876 4.409098067019227
 16.59373986829879 4.227865449053041
 17.351252828628823 4.058285652056587
 18.11970716917747 3.899627767799073
 18.899173937868223 3.7507014612777327
 19.689866278471577 3.611197078926703
 20.491855238911025 3.480204887422802
 21.305425010880565 3.3571896865772617
 22.130646642303688 3.241503695108858
 22.96773327695089 3.1328610038410023
 23.81682701066916 3.030899332330033
 24.678140987229 2.9349708027799615
 25.5518173024774 2.84524403186873
 26.437998052261353 2.7609013014791497
 27.336896380351355 2.681601056686305
 28.248725430517897 2.6077112873943658
 29.17362729860797 2.5382142943091797
 30.11181512839207 2.4730504858498294
 31.063431015717196 2.4124318204620825
 32.02868810435383 2.3554230316198788
 33.00779953807248 2.302022051620024
 34.000907412720125 2.2517840220285366
 35.008295919990765 2.2049289493442044
 36.030036107807895 2.1612658185973572
 37.06648321578899 2.120038461441947
 38.11777933978107 2.0820592724951386
 39.18413762355461 2.047449328553537
 40.26570016295661 2.01535619799982
 41.36282219760456 1.9856668812184795
 42.47557477542194 1.9579168352292746
 43.60431313602626 1.9318332252548451
 44.749179375264504 1.9073319383554561
 45.91038663690717 1.8840640057050733
 47.08821911264824 1.8620968950173769
 48.282889946258216 1.8414882945127586
 49.494683329431076 1.8223512737684258
 50.723741358013825 1.8052691417124862
 51.970419271623946 1.7900177646655933
 53.23485916610843 1.7763881325495554
 54.51734523316128 1.7637432980053382
 55.81816166447646 1.7521513968169513
 57.1375216038245 1.7419270259291388
 58.47578029082286 1.7328353351083805
 59.83307982131855 1.725272432995354
 61.20970438700554 1.7182120600874136
 62.60600922750133 1.711107557610775
 64.02220748657642 1.7039754945121985
 65.45865440384829 1.69780855291549
 66.91549207516393 1.6932225085556916
 68.39314678806433 1.6899325219646342
 69.89176063839648 1.687373702552838
 71.41168886577786 1.6850497375822306
 72.95342880567298 1.6836938597924547
 74.51719360185233 1.6832851834540954
 76.10298325431587 1.6835583423293436
 77.7115082422986 1.6845419008522622
 79.34276856580054 1.6862842226253805
 80.99676422482166 1.6890459450046031
 82.67491617783192 1.69256721307827
 84.37651394559634 1.696541340564584
 86.10297848658487 1.7019654988953756
 87.85288884232759 1.7075440345561088
 89.62837645052939 1.7129139686481132
 91.42873083195529 1.7187974891782063
 93.2546624658403 1.7248354825161356
 95.10688183141936 1.731724096807907
 96.98538892869249 1.738799685214961
 98.89018375765968 1.7460648726206256
 100.82197679755592 1.754187011608116
 102.78076804838119 1.7632018423368148
 104.76797846860543 1.7724381146113652
 106.78289757899371 1.7825397574531454
 108.82623585878098 1.79290052176051
 110.8987037872022 1.8038209556234275
 113.00030136425738 1.815662405575276
 115.13173906918149 1.8270767799117351
 117.29301690197457 1.8384011279498649
 119.48484534187153 1.84968485402234
 121.70793486810742 1.8612287790797353
 123.96228548068216 1.8730447382447768
 126.24860765883078 1.8844083188943674
 128.56619092331826 1.8957482669815062
 130.91716671184957 1.9064668141863321
 133.30153502442468 1.9164045245292787
 135.71929586104363 1.9265767548988988
 138.17044922170638 1.9361503133602302
 140.65712654411786 1.9456828827114527
 143.1779068698081 1.9561388009810454
 145.7342111572471 1.966698824416658
 148.3267498856698 1.977572492651035
 150.95552305507624 1.9891054470845706
 153.62124114470137 2.000358657976282
 156.32461463378013 2.0115929547960376
 159.06564352231254 2.0231593705220603
 161.8450382895336 2.0340395087639744
 164.6627989354433 2.043389020937156
 167.52105689774655 2.0517275880542343
 170.4183912179734 2.0600823543243036
 173.3569333338288 2.0682100562061043
 176.33597276607773 2.0756866290706926
 179.3569304731902 2.0832825882798387
 182.41980645516617 2.0900105067610286
 185.5260216704756 2.0950865131978964
 188.6748656398835 2.098532701397811
 191.86775932185984 2.1002195187247694
 195.10541319563958 2.10131196154212
 198.38782726122272 2.100922126423914
 201.71642247707925 2.0992715246726106
 205.09048836397415 2.097170561072521
 208.5121563596123 2.095292173931802
 211.98071598475886 2.0935362531094444
 215.49758819788366 2.0901324352946684
 219.06348347822174 2.0849744582604166
 222.679112305008 2.077484776414658
 226.34376419900755 2.0660584140392273
 230.06028107716025 2.0519209480622016
 233.82724198099618 2.0376353844764905
 237.64677834822018 2.023169319551972
 241.51889017883232 2.0060585525213632
 245.44499843130257 1.9858125355774938
 249.42439262639593 1.9622828176152949
 253.4592042018173 1.935306480560103
 257.5494331575667 1.9065850066540777
 261.6957899728791 1.874969318102844
 265.8989851269895 1.839970157951586
 270.16043957836774 1.8024457988546028
 274.48015332701397 1.7625413208529837
 278.8588368521631 1.7213000651631818
 283.2979111122851 1.678220754400956
 287.79737610737993 1.6328362346593828
 292.35936327515253 1.5873927717214324
 296.9824516571329 1.5417692553043811
 301.66948317026106 1.4943979904523284
 306.420457814537 1.4452991931272692
 311.23608606919555 1.3940157862654021
 316.11707841347175 1.3397831076947428
 321.06485580583563 1.2833544586743282
 326.0794182462871 1.2262967302157959
 331.1628971725312 1.1693554184810275
 336.31458210533276 1.1121863751748162
 341.53660448239685 1.0570008475656505
 346.82896430372347 1.0055490919314343
 352.19308252778256 0.9563567321419599
 357.630380113044 0.9092742263816977
 363.1401465802728 0.8632295612192132
 368.72451336717404 0.8171017558008671
 374.3841909529826 0.7706212958649733
 380.1206002961684 0.7231617239533644
 385.9337413967314 0.6760658377687228
 391.82432473390674 0.6305449268876147
 397.7944817453992 0.5856108889413764
 403.8449229104438 0.5416574031131778
 409.97635870827554 0.499681105179297
 416.18949961812933 0.45900635024914566
 422.48505611924026 0.419547800975345
 428.8658701285481 0.38205955726245944
 435.33052068758303 0.34753801826620323
 441.88184971328474 0.31562695396765766
 448.51985720565347 0.2846629510696919
 455.24667460239397 0.255995000244851
 462.0615914242714 0.22963454986377074
 468.9674495882256 0.2052193986739818
 475.96424909425645 0.18312405474878835
 483.05412138006915 0.1630122580558267
 490.23635596642845 0.14590248077946877
 497.51379477027444 0.13146043391692863
 504.88714827084186 0.11903205184103341
 512.357126947366 0.10759999353948119
 519.9251517583165 0.09613538992574183
 527.5919331829286 0.08565824027150792
 535.3588921796721 0.07720494960938139
 543.2274497070171 0.07010606346607859
 551.1983162441983 0.06333283428606268
 559.2729127496858 0.05619481210906635
 567.4526601819497 0.048345822986747444
 575.7382690202247 0.03875174267302983
 584.131160222981 0.027389175237543903
 592.6327547486883 0.017020731627520495
 601.2437630765817 0.009397989287980772
 609.9656061651314 0.005224953733362549
 618.7997049728068 0.003835034791046259
 627.7474804580783 0.004530350572207676
 636.8096431001807 0.006287515070566168
 645.9883243368189 0.007002282095164062
 655.283524167993 0.005271382501881037
 664.697374031408 0.00037121887433614324
 674.2312948855335 -0.0066598243481814645
 683.8859972096049 -0.013723050408358157
 693.6629019620918 -0.01729321090720154
 703.5634301014644 -0.014865357252328664
 713.5911340238974 -0.008169262384989072
 723.743882291686 0.0003250338543712326
 734.0174120294203 0.0088613228979167
 744.4259328217997 0.015637007541079457
 754.9694446688244 0.01782052767538926
 765.6408427781445 0.015009580263790708
 776.4401271497601 0.010385405090490352
 787.3815073683706 0.00859149719693523
 798.4507738492765 0.012181887533929318
 809.6621361771774 0.018658920735770468
 821.0155943520732 0.024455793331769185
 832.5040435816143 0.026676886886186673
 844.1345886581503 0.02420918227416009
 855.9072295816812 0.01810921667382424
 867.821966352207 0.010891734988622734
 879.8859037620775 0.006176327792839702
 892.0919370189431 0.004728725235921301
 904.4471709151533 0.005092884293405249
 916.9587102430579 0.005835822091875832
 929.6123454179573 0.004757103021373289
 942.4222860245513 -0.00034303305064575557
 955.3885320628399 -0.007314013763955123
 968.5110835328227 -0.008459168929172384
 981.7828356421503 -0.00369702936697269
 995.217997975522 0.0010947406513517753
 1008.8165705329379 0.001118981747049738
 1022.5714485220482 -0.008094551186455076
 1036.482631942853 -0.021095778309627188
 1050.5643303800516 -0.02672477673439909
 1064.8165438336443 -0.024930417155036043
 1079.2250627189314 -0.023474125168463405
 1093.8112014129622 -0.021293353963552475
 1108.560750331037 -0.013869870747702117
 1123.480814265506 -0.00899337962028778
 1138.5784980087187 -0.016846015089787322
 1153.846696768325 -0.030815017290034018
 1169.2854105443255 -0.03956185915653536
 1184.9088489214193 -0.041922475407584425
 1200.702802314907 -0.03786505761721194
 1216.6814803094883 -0.029223004602212072
 1232.837778112813 -0.019025664013809077
 1249.1788005172314 -0.013324705499905365
 1265.704547522743 -0.01182997040853195
 1282.4150191293481 -0.000821247751608457
 1299.3031105446971 0.019857615576034125
 1316.3901361458388 0.039853157713424445
 1333.661886348074 0.05802088886292524
 1351.1183611514025 0.07241059117644305
 1368.773770140524 0.07874300987552917
 1386.6210085230887 0.07891712680327316
 1404.6600762990965 0.07251325838638188
 1422.8980782608974 0.04710673640042198
 1441.3279096161411 0.010212487320841637
 1459.956675157178 -0.004305019979646128
 1478.7914796763575 0.017099742612447958
 1497.8181135889804 0.05436539841616045
 1517.0507864797455 0.08826981982067204
 1536.482393556304 0.11446146606165775
 1556.1200396110048 0.11988368133897155
 1575.970829436198 0.09729018548506901
 1596.0205534471845 0.06858336660938873
 1616.2763164363134 0.05755482892234218
 1636.7452231959346 0.0588769354651519
 1657.4201689336987 0.051098195947487546
 1678.3011536496053 0.025269318882479682
 1699.4023869283542 -0.00394664273657599
 1720.7167639775953 -0.016067918151703133
 1742.2371800049793 -0.018112720272875332
 1763.9778445952054 -0.020989280606870366
 1785.9316529559237 -0.02185571280747009
 1808.1057098794847 -0.01908524742627762
 1830.4929105735375 -0.01708163894069668
 1853.1074646227823 -0.016323962683214004
 1875.9280576501703 -0.009839831244378733
 1898.9760040327496 0.001201979490607668
 1922.2441989781717 0.011493862017420468
 1945.7326424864352 0.015254755482846216
 1969.448439349891 0.014059351291921842
 1993.377379983839 0.012852056531148268
 2017.5407787653292 0.013297554210763722
 2041.9173213173112 0.01541741070682612
 2066.5283220168353 0.017135084755181242
 2091.359571279201 0.01718895330121206
 2116.418173896759 0.021002461920762223
 2141.697025077159 0.021100777617689075
 2167.210334405101 0.016914606395343628
