 0. 0.
 0.0008936944874018513 0.12451349830315915
 0.002693967141905911 0.37319754730346677
 0.00452018344333224 0.6232570137518442
 0.006372744935479939 0.8723954372625295
 0.00825199439964092 1.1167718030457197
 0.010158323585863084 1.3518392849508396
 0.012092124244194332 1.5732943414347502
 0.01405378812468257 1.777778266180452
 0.01604373146175369 1.9631525494637934
 0.018062321521077594 2.128477457875136
 0.020109999021458182 2.2737834467498264
 0.022187155712943347 2.3998320079204607
 0.024294232314336982 2.5078467000283737
 0.026431620575686987 2.5993382904160667
 0.028599957090821207 2.675936060107892
 0.030799143922227656 2.73929526757297
 0.033030405288806026 2.791023220051304
 0.03529349634677639 2.8326127886800476
 0.03758915162747856 2.865439289439429
 0.03991810566225235 2.8907530736968026
 0.04228035845109775 2.9096524318107866
 0.044676644525354595 2.9231166270549633
 0.047107453572582746 2.9319866838743684
 0.049573030436562145 2.93697452192786
 0.052074354492412545 2.938701090517875
 0.054611425740133945 2.9376790157402572
 0.05718497871106616 2.934344063942162
 0.05979550309276908 2.9290674455265457
 0.0624437334165825 2.9221581899165012
 0.06512991452628637 2.9138558503042793
 0.0678547809532205 2.9043657094973114
 0.07061857754116485 2.8938156133714736
 0.07342228366523913 2.8823164998670174
 0.07626614416922331 2.8699361005067834
 0.0791508935844572 2.85675129565531
 0.08207702159850068 2.842795278463178
 0.08504526274269354 2.8281101710560557
 0.0880561067045957 2.8127114698535585
 0.091110043171767 2.7966054346569873
 0.09420780667554728 2.7798251618205514
 0.09735013174727634 2.7623949061945035
 0.10053750807451405 2.7443482608312113
 0.10377067018860024 2.7257285330220284
 0.10705010777709478 2.7065518670555093
 0.11037655537133749 2.686862691930297
 0.11375074750266818 2.666687508898783
 0.11717317385864674 2.6460247381645803
 0.1206448138143929 2.624920548976528
 0.12416591221368663 2.603402979987597
 0.12773769327542758 2.5815105724022067
 0.13136064668717568 2.559273149118328
 0.13503550698027067 2.536731377672373
 0.1387627638422725 2.5139272631822918
 0.14254364149208082 2.490904256539619
 0.1463783847734756 2.4677175898107593
 0.1502682179053565 2.4444039015114707
 0.15421363057528342 2.4210012170478192
 0.15821535731459616 2.39762271144422
 0.16227437749841447 2.374354128095477
 0.16639142565807818 2.351263128411114
 0.17056748116870704 2.328398349168047
 0.17480303371786093 2.3057446308941794
 0.17909930752443953 2.2833303600984833
 0.18345679227600273 2.261207299092563
 0.18787646734767025 2.2394054896279756
 0.1923593121145619 2.217930991811617
 0.19690606110801745 2.196792255702475
 0.20151793854693661 2.1760245805009784
 0.20619543411887925 2.1556820056332606
 0.21093952719896514 2.13580858013277
 0.21575144200609395 2.1164163277755295
 0.22063191307160548 2.097505360031034
 0.2255821646143995 2.07905725123409
 0.23060268632203582 2.0610403516151066
 0.23569494725719406 2.043448777579271
 0.2408594371074341 2.0263347049374096
 0.24609738009165566 2.009774371614243
 0.25141049011631833 1.9937651212781335
 0.2567995017127619 1.9782756856718327
 0.26226441488098634 1.9633376482470726
 0.2678076780587911 1.9490141854037402
 0.27342929124617604 1.9353163348343871
 0.27912925444314135 1.9221944545459053
 0.2849124645252856 1.909583770421008
 0.29077647305480964 1.897422656044863
 0.29672617690731207 1.8856702933057563
 0.3027566792071941 1.874221271465427
 0.30887532526785405 1.8629416625435544
 0.31507966665149234 1.8517596099615439
 0.3213721517959085 1.840638503223602
 0.32775522913890187 1.829565660479495
 0.3342288986804724 1.8185086584969063
 0.34079316042062013 1.807340730085213
 0.3474504627971445 1.7959080531523195
 0.35420080581004537 1.7840810673066716
 0.36104908633492155 1.771816269845748
 0.3679928559339738 1.7591159798670009
 0.3750345630450014 1.7459576856376682
 0.3821766561058036 1.7323600853133307
 0.38941913511638065 1.7183700255300012
 0.39676444851453174 1.7039793207487894
 0.404212596300257 1.689222549627001
 0.4117660269113558 1.674067420202969
 0.41942718878562746 1.6584817096340947
 0.42719608192307196 1.6424439414266696
 0.4350751547614887 1.625923665929505
 0.44306195886307836 1.608957779745471
 0.4511638395412391 1.5915431315079187
 0.4593807967959708 1.5736086949342065
 0.46771283062727365 1.555087804173141
 0.4761599410351474 1.53601839127534
 0.4847294733329904 1.5165328617774956
 0.49341653064520385 1.4966554305047206
 0.5022260098473864 1.4763360816241926
 0.5111603593773376 1.4555112297326203
 0.5202195792350572 1.4341219019239875
 0.529406117858345 1.4122603890320278
 0.538722423685 1.3899988208102911
 0.5481684967150223 1.3673250397855117
 0.5577467853862115 1.344218186954874
 0.5674572896985672 1.3206517090875483
 0.577307354965488 1.2965090653139835
 0.5872920843113748 1.2717316464021544
 0.5974188230496258 1.2465144324042217
 0.6076851227424417 1.2211215962241646
 0.6180958802654212 1.195624266543493
 0.6286510956185644 1.170047964521684
 0.6393556656774699 1.144356522403465
 0.6502071420043386 1.1185735916802366
 0.6612104214747689 1.0927342663073776
 0.6723679525265606 1.066758750642603
 0.6836797351597133 1.0406659462326697
 0.695150666249826 1.0145562526401837
 0.7067782973590993 0.9885023690318678
 0.7185699738009311 0.962459010746313
 0.7305232471375225 0.9364297508460134
 0.7426430142444719 0.9105488395152668
 0.7549317235595787 0.8848635181196972
 0.7673918235206424 0.8592033698736726
 0.7800208656898636 0.8334405301597879
 0.7928286438184399 0.8076307914074918
 0.8058102610307724 0.7818146996254124
 0.8189730626402592 0.7560349979542085
 0.8323170486469003 0.7302817178337208
 0.8458471159262947 0.7045756652594871
 0.8595608160406428 0.6789117970347212
 0.8734654943033431 0.6529678205250048
 0.887561150714395 0.6267971282378235
 0.9018502337115983 0.6005486888658143
 0.9163351917327525 0.5742843509017066
 0.9310209216534558 0.5481229276342479
 0.9459074234737088 0.5221233918400575
 0.9609971456313107 0.4963320325151431
 0.9762949850018601 0.47093045219704743
 0.9918009415853573 0.44602656127909923
 1.0075223606952 0.4215780668727494
 1.0234543454557898 0.39772861759449135
 1.039606689618324 0.37451112572977635
 1.055979393182803 0.35194023724897056
 1.0725749045870259 0.33033352237847297
 1.0893956722687919 0.3098324558132119
 1.1064465931037 0.2902749126080481
 1.1237276670917502 0.27163893881561385
 1.1412462395463407 0.25433481974126554
 1.158999862029672 0.23849059931400604
 1.1769958798551423 0.22409251532717112
 1.1952342930227515 0.2111019892653132
 1.2137199984080989 0.19940752013910173
 1.2324578928867822 0.1887548315539981
 1.2514455280210028 0.178925062449112
 1.270690249124159 0.17005488635088936
 1.2901945046340495 0.16247389936540507
 1.3099631914262737 0.1563099944141317
 1.3299963095008311 0.151530097182209
 1.3502963072955214 0.14789610151505742
 1.370870530123743 0.14505336358435097
 1.3917214264232947 0.1428433949126916
 1.412851444631976 0.1412288979179946
 1.4342630331875865 0.1401454750754651
 1.4559586405279257 0.1394544712767761
 1.4779480604041908 0.13905179627335915
 1.500226395940783 0.13895321536990085
 1.5228034408889004 0.1391914690135066
 1.5456791952485422 0.13969042476908675
 1.5688610043331073 0.14028675723257963
 1.592346419704796 0.1407240995038145
 1.6161452351148058 0.14070401338008356
 1.6402574505631364 0.14006009684211237
 1.6646904113631866 0.13883111777355078
 1.6894416690771565 0.13719074343704477
 1.714521017456244 0.13539377710762693
 1.7399309049382479 0.1336359143433871
 1.7656737799609685 0.13192350070882092
 1.7917545394000034 0.13027440776528684
 1.8181756316931532 0.12893810883767873
 1.8449419537160159 0.12823925747124743
 1.8720584023441904 0.12827467409334478
 1.8995274260154766 0.1287122463270574
 1.9273539216054725 0.12888505791496563
 1.955542785989777 0.12825106409864934
 1.9840964676061899 0.1269155323943678
 2.01301986333031 0.12539163061030523
 2.0423178700377354 0.12410931732646217
 2.0719929361662657 0.12332726865390292
 2.1020499585915005 0.12301646246697033
 2.132493834189037 0.12291569699152166
 2.163329459834476 0.12285593751001837
 2.194559283965615 0.12296249856121043
 2.226190651895853 0.12341767930346555
 2.25822356362519 0.12393941667263515
 2.2906653644670247 0.12403528146288068
 2.3235209512969544 0.12345223058303098
 2.3567927725527795 0.12247801994183789
 2.390485725110099 0.12152029731224176
 2.4246047058445113 0.12060247494522856
 2.459161956945013 0.11992028332031934
 2.494150133098206 0.11966622668857013
 2.5295545436772944 0.11964914385084682
 2.5654241574382657 0.12035237462676368
 2.60175897438112 0.1231040264877388
 2.6385345101278634 0.1273322107307586
 2.675750764678496 0.13051438958552317
 2.7134567067890054 0.13226756624534675
 2.751603367703403 0.13351689257533614
 2.7902397161776786 0.13474358727319524
 2.82936575221183 0.13575916282868686
 2.8689569914278645 0.13561334997952315
 2.909037918203776 0.1340079763638931
 2.9496085325395645 0.13159522032459567
 2.9906688344352292 0.12838872786109604
 3.0322433082687645 0.12531271375033182
 3.074307469662177 0.12335386690017625
 3.116885802993459 0.12256699810967821
 3.160002792640607 0.12394226722607654
 3.2036094698476303 0.1269248774671276
 3.2477548033705186 0.12977969659972788
 3.292438793209272 0.1329674508718671
 3.3376614393638886 0.13620529947111282
 3.3833982574563763 0.13848258546945375
 3.4296982162427225 0.13987619479818328
 3.4765613157229267 0.14048108010732954
 3.5239630715189953 0.14021298431135543
 3.571903483630928 0.14106494712711823
 3.6204315208147135 0.14356519925746594
 3.669547183070351 0.14445417263029225
 3.719201501641853 0.14271543068836273
 3.7694679296632003 0.14046886420499657
 3.820297498378406 0.13959916440009534
 3.871714692165464 0.14008585989162428
 3.923743995402368 0.139149581912239
 3.9763609237111237 0.13668155519386377
 4.029565477091732 0.1347497676003993
 4.08340662430018 0.13388155736020124
 4.1378353965804795 0.13396898948496352
 4.19290076268862 0.1333616270179452
 4.248578238246605 0.12979175196456705
 4.30489230763243 0.12367606850409582
 4.361842970846095 0.11778725902854632
 4.4194302278876005 0.11601190183971484
 4.477629594378952 0.11702744076803766
 4.536514523454129 0.11833041150573034
 4.596036046357147 0.11873024731820199
 4.6561941630880055 0.11771246264184673
 4.71703784240269 0.11452735314140353
 4.77854259992321 0.10965312676327157
 4.840708435649562 0.10529654002079836
 4.903559833959742 0.10051276138476654
 4.967072310475755 0.09759128721526913
 5.031270349575596 0.09883415217359952
 5.096178435637258 0.10318478122748628
 5.161747599904754 0.10765806354125136
 5.228026811134071 0.10857583662569821
 5.2949915849472164 0.10528000195594493
 5.362666405722181 0.0988801016021482
 5.431075757836962 0.08830306789936938
 5.500170672535571 0.07852126846704692
 5.569975634196001 0.072728299977912
 5.640515127196245 0.06939677922155522
 5.711764667158311 0.0660726247958058
 5.783724254082198 0.0617216179573844
 5.856442856723895 0.05862311974519415
 5.929895990705406 0.05793680139457796
 6.004059171648739 0.05573264520762885
 6.07898136830988 0.0494622240375841
 6.154638096310837 0.038925280907843834
 6.231053840029603 0.02832078198944157
 6.308204115088183 0.022228204364305535
 6.3861378902425665 0.0182958083302602
 6.464781712358772 0.014766351871363973
 6.5442090345707795 0.012016897291121003
 6.624395372500596 0.009914797004130177
 6.705340726148221 0.00802989836046875
 6.78706957989165 0.006478855781180462
 6.869532964974893 0.005288481354040482
 6.952804334531934 0.004364386133642171
 7.0368102354287885 0.003628328169061994
 7.12162412079944 0.003031199760709466
 7.207197021887901 0.002541084919434629
 7.293553423072164 0.0021357305962003427
 7.380668839974237 0.0017986839457291208
 7.468592241350106 0.0015173430328628973
 7.557274658443784 0.001281800111446959
 7.646765060011258 0.001084125516569013
 7.737014477296543 0.000917896880473466
 7.8280718790556225 0.0007778797458143408
 7.919888296532513 0.0006597615295747833
 8.012512698483198 0.0005599884422158495
 8.105920600529686 0.00047561158253334537
 8.200112002671977 0.0004041792546302095
 8.295086904910072 0.0003436481570488432
 8.390869791621963 0.0002923099360697458
 8.487411694051662 0.0002487335536817366
 8.584761580955158 0.00021171971922770693
 8.682870483576465 0.00018025982931219617
 8.781787370671568 0.00015350536881598157
 8.881487757862471 0.00013074099920650252
 8.981971645149178 0.0001113633186046011
 9.083214548153695 0.00009486175584162571
 9.185265435632008 0.0000808055633385181
 9.288075338828131 0.00006882873358075689
 9.391668742120055 0.000058621914406320384
 9.496045645507783 0.000049922175220701244
 9.601206048991314 0.0000425062491187217
 9.707100983814659 0.00003618445294124811
 9.813779418733807 0.00003079542377587648
 9.921241353748758 0.000026201766113390123
 10.029437820103524 0.0000222865277578098
 10.138417786554093 0.000018949951839698847
 10.248132284344477 0.000016107056531801227
 10.358605797852672 0.000013685333912387739
 10.46981384270068 0.00001162294423437748
 10.581780903266496 0.000009867085888754661
 10.694482495172128 0.000008372680856190755
 10.807918618417576 0.000007101254842357224
 10.922089273002838 0.0000060199709024764896
 11.036969974549923 0.000005100761570219294
 11.152585207436822 0.000004319680555555862
 11.268910487285542 0.000003656277757713056
 11.385945814096083 0.0000030930910770576336
 11.503691187868444 0.000002615221436283379
 11.622146608602629 0.0000022099565773233666
 11.741263107542647 0.0000018664427653623595
 11.861089653444486 0.0000015754310286700256
 11.981577277552159 0.000001329032868247314
 12.102725979865665 0.0000011205278902292635
 12.224560244762998 9.441911962869536E-7
 12.347055587866166 7.95145001975381E-7
 12.470187524797172 6.692394415344675E-7
 12.593956055556019 5.629463385341035E-7
 12.7183856645207 4.732632078549353E-7
 12.843427382935225 3.9764041289737166E-7
 12.969081210799597 3.3391081267415086E-7
 13.095347148113815 2.8023746485523195E-7
 13.222200710499886 2.350608334440043E-7
 13.349666382335803 1.9705736743950263E-7
 13.477695194865575 1.6510807967366356E-7
 13.606311632467204 1.3826410129885612E-7
 13.735491210762687 1.1572310164960268E-7
 13.86523392975203 9.680616583214517E-8
 13.995490820679244 8.094005344557312E-8
 14.126310852300316 6.764018435289277E-8
 14.257645055859255 5.649783071928704E-8
 14.389468946978075 4.7168221256553214E-8
 14.52183149441276 3.9360651021627175E-8
 14.654659245029327 3.2830359103812956E-8
 14.787976683205768 2.73712947765538E-8
 14.921759324564094 2.2810082274163446E-8
 15.056007169104305 1.9001060278086576E-8
 15.190671248070407 1.582168332653197E-8
 15.325800530218395 1.3169164415552954E-8
 15.461346046792277 1.0957277800946911E-8
 15.597283313414062 9.113632915119509E-9
 15.733636814461741 7.577653893037302E-9
 15.87038206555732 6.2985116283583815E-9
 16.007470097944815 5.233737156971973E-9
 16.144925396002215 4.347753771172659E-9
 16.282747959729527 3.61083542832347E-9
 16.420888820370756 2.998142812064977E-9
 16.559347977925903 2.4889177598763428E-9
 16.698125432394974 2.065852811253947E-9
 16.837172215021972 1.7144944666902674E-9
 16.9765128101849 1.4228012998097159E-9
 17.116122733505758 1.180733614674596E-9
 17.25600198498455 9.799410818459529E-10
 17.396101595865286 8.134622263069502E-10
 17.53642156614797 6.75514058610052E-10
 17.6769374114546 5.612942468362281E-10
 17.817673616163177 4.668130531501041E-10
 17.958581211517707 3.887643238843474E-10
 18.099660197518197 3.2441414130360744E-10
 18.240910574164644 2.715069863808487E-10
 18.382283372701057 2.2818931280305442E-10
 18.523778593127442 1.9295154593096314E-10
 18.665371751065802 1.6457762447161218E-10
 18.80708733089413 1.4211135443625682E-10
 18.948876363856442 1.2483331332371648E-10
 19.09071436557474 1.1225147570714174E-10
 19.23262582042702 1.0409859914971537E-10
 19.374561759657293 1.0036175503235089E-10
 19.51652218326556 1.0105236824427166E-10
