 0.0020973458713674435 1.0000197758521998
 0.0063222733745422555 1.0001762144115975
 0.010608086114817306 1.0004750241937503
 0.014955726445805699 1.0009051728536722
 0.019365998815713735 1.0014413623446219
 0.023839822593920063 1.0020248382200736
 0.028378117149803306 1.0026060916371549
 0.03298180185274212 1.0031284300182213
 0.037651853532701285 1.0036527056535014
 0.04238913409847328 1.0041263952467872
 0.04719467784060909 1.0046164100627608
 0.05206940412848732 1.0051897267694057
 0.05701434725265897 1.0058282096446494
 0.06203042658250265 1.0065624595569316
 0.06711913609325866 1.0074529264136343
 0.07228024594258234 1.0085031674574663
 0.07751662915978191 1.009636833841157
 0.08282771113899576 1.0109326460725274
 0.08821521569780881 1.0122715172363985
 0.093680866653806 1.0136881717031125
 0.09922466400698735 1.0152074690041428
 0.10484833157493778 1.0166944121574326
 0.1105530185693806 1.0181653536194681
 0.11633929959617748 1.019568736469574
 0.12220947307877496 1.0209735549480254
 0.1281635390171731 1.022364492820403
 0.13420322122895678 1.0236686023079096
 0.14032966892584933 1.0249222565943708
 0.14654460592543572 1.0261579499880555
 0.15284860683357757 1.027322235619953
 0.15924339546785982 1.0284393530391465
 0.16572954643414414 1.0294578693145742
 0.17230935815587708 1.030300246252945
 0.17898340523892034 1.0310089719782307
 0.18575341150085883 1.031428537739671
 0.19262052615341585 1.0315040513743594
 0.19958647301417637 1.031205446105432
 0.20665240129486365 1.0305070916555221
 0.21381946020720102 1.0293414107744066
 0.22108937356877342 1.027608496489246
 0.22846386519716577 1.0253291358805645
 0.23594408430410135 1.0224980458370756
 0.24353175470716518 1.0191823131060562
 0.2512280256180805 1.0154116273240237
 0.25903462085443224 1.0111469492330996
 0.2669532642338054 1.0063501242113837
 0.2749851049679232 1.0009853926073173
 0.2831324414802323 0.9950555419046848
 0.2913958483765944 0.9884672880571251
 0.29977819868631755 0.9809173088599762
 0.30828064162112523 0.9731605001097413
 0.3169049009986023 0.9643937804262234
 0.32565212603047206 0.9548687250845169
 0.3345251897460428 0.9445744341018919
 0.3435246667511761 0.9334680960691336
 0.35265343007518024 0.9215384879904694
 0.3619126289297785 0.9087670772988474
 0.37130398713255586 0.8950988303871629
 0.38082980310695885 0.8804672222134929
 0.39049180067057254 0.8648477759851791
 0.4002922782468434 0.8483423118640001
 0.41023238504749465 0.8309406538024195
 0.42031499410183476 0.8126504831420057
 0.4305412546215869 0.7934589592212136
 0.44091346503019757 0.7733494517383778
 0.4514339237511135 0.7524565991554447
 0.4621043546019197 0.7309422890582362
 0.4729276306119242 0.7089224163994945
 0.4839049009928505 0.6865031891432049
 0.495038464168145 0.6637291449345812
 0.5063311931671161 0.6406534203379244
 0.5177848118073486 0.6173698816675455
 0.529402193118151 0.5939305457157793
 0.5411844863112463 0.5705077490926167
 0.5531351390218044 0.5472315021247148
 0.5652553004615488 0.5240765222620043
 0.5775478436597877 0.5010694301807029
 0.5900167908575525 0.47834191603912823
 0.6026638658724284 0.45608868956471443
 0.615489068704415 0.4344038471818187
 0.6284981454121291 0.4132234692911137
 0.6416910959955706 0.39257845907344807
 0.6550679204547395 0.37242628694496344
 0.6686401109068687 0.35286689891275547
 0.6824019212933419 0.3339451862753872
 0.696364843731392 0.31568793874867024
 0.7105173861037859 0.298098535818562
 0.7248767865863731 0.28119007164112797
 0.7394372991205372 0.26507683176937163
 0.7542046697648946 0.24976489266971544
 0.7691846445780619 0.23518259327218052
 0.784377223560039 0.22122046878927662
 0.7997824067108259 0.2077762541354608
 0.8154059400890391 0.1948927100454867
 0.8312478236946785 0.18259496529045535
 0.8473195496449772 0.17095692777892238
 0.8636153718813188 0.1598952776090616
 0.8801410364623196 0.14930261002920867
 0.896902289446596 0.1393294926333209
 0.9138991308341483 0.13041863598611225
 0.9311373066835926 0.12171720380052437
 0.9486168169949294 0.1138425955478621
 0.9663434078267749 0.10635636341544982
 0.9843228252377455 0.0992333037453107
 1.0025550692278413 0.09238857716874913
 1.0210458858556788 0.08580368559499214
 1.0397895290626413 0.07969013679245017
 1.0588032370245786 0.07426125027880427
 1.0780870097414905 0.06946481341439747
 1.097640847213377 0.06508595483878281
 1.117464749440238 0.06104991194766655
 1.1375759545979234 0.05729080874459309
 1.1579629705691998 0.05368698188750863
 1.1786372894713 0.0501740065451749
 1.199604657362841 0.04678593951139281
 1.2208650742438225 0.043628695884444874
 1.2424242861728612 0.04073614532011698
 1.2642880392085731 0.03803864813050504
 1.2864563333509587 0.035466752750093755
 1.3089349146586344 0.033036014515130954
 1.3317237831316 0.030705816777817894
 1.354840176945705 0.028439166611468635
 1.3782726039837165 0.02643657534633467
 1.402038302421484 0.024648373593537012
 1.4261315262003909 0.022917623699439137
 1.4505637674376701 0.02130604100307866
 1.4753350261333218 0.01985560121652412
 1.5004567944045788 0.0185651240285201
 1.525923326192825 0.017363660098461117
 1.5517461136152928 0.016184815727164705
 1.5779309027305988 0.015033235722104984
 1.6044776935387435 0.01388609946900087
 1.6313979781569592 0.01274208474057556
 1.65868601052663 0.011667920164280822
 1.6863590288236046 0.010670808176257629
 1.7144112869892674 0.009708742768928654
 1.7428542771408506 0.008776684345509182
 1.7716937453369714 0.00788934931681306
 1.8009354376362454 0.007047743524225656
 1.8305736079800572 0.006227013666459752
 1.8606312406028718 0.0054107751510048775
 1.8910968433874569 0.004587138707258927
 1.9219876545096612 0.003748706723907291
 1.9533036739694851 0.0029131529845260575
 1.9850563938841619 0.00209347160896747
 2.0172400681950746 0.001302990618082363
 2.049871935078073 0.0005497441893701639
 2.082951994533157 -0.00015006364182255523
 2.116485992618943 -0.0002007926219526011
 2.1504796753940476 -0.00025095319748329935
 2.1849445349757035 -0.0019753734943048227
 2.219880571363911 -0.0025020009562716473
 2.2552935306172865 -0.002988176064490095
 2.291194904853063 -0.003446749098199656
 2.3275846940712404 -0.003893615031444865
 2.364480136447668 -0.004329463618310475
 2.4018697398651128 -0.004748478547294931
 2.4397764885580413 -0.005160670824840548
 2.478200382526453 -0.005573016974275202
 2.5171471678289645 -0.005987776187707523
 2.5566225905241926 -0.006411260854671361
 2.5966381427293697 -0.006819374071692786
 2.6371938244444957 -0.007171826220468031
 2.678306873845421 -0.00746571167040347
 2.719971544873528 -0.007694564047381875
 2.7622050757046672 -0.00785085574337005
 2.8050074663388376 -0.007960119396329842
 2.8483902088932735 -0.008060622386615366
 2.892364795485206 -0.008174823548878453
 2.93692548005602 -0.00826832052228935
 2.9820895007815644 -0.008196747341822744
 3.027862603720456 -0.00803436137683376
 3.074256280989928 -0.007915290080694352
 3.121270532589979 -0.007787299040226928
 3.168911104579227 -0.007894069643332165
 3.2171952351335213 -0.00821647394865287
 3.2661286703114776 -0.008594969671182583
 3.3157171561717127 -0.008886324233715607
 3.3659664387728436 -0.00902232731501029
 3.416882264173486 -0.009092034963564305
 3.468487616608106 -0.00928063448162007
 3.5207710039594717 -0.00964254075983492
 3.5737554104620473 -0.010164309601960929
 3.6274408361158335 -0.010887303944745358
 3.68184451909668 -0.011797756629644478
 3.736960713345971 -0.01272013451045469
 3.7928124030981714 -0.013394545606182341
 3.8493995883532808 -0.013336214637940325
 3.90673950728715 -0.013197823396654975
 3.9648264138411613 -0.01232134138235755
 4.023683292249782 -0.011109371758502136
 4.083315888571626 -0.009623890095283114
 4.143729948865313 -0.007882443482410545
 4.204936965248073 -0.005920909951417213
 4.266942683778525 -0.003922282587024336
 4.3297585965739005 -0.0020743851354599213
 4.393396195751433 -0.00043874276086370716
 4.457861227369739 0.000943661005730981
 4.523165183546051 0.001954714184046763
 4.589319556397602 0.0026949167490695346
 4.65633009198301 0.0034565549124059964
 4.7242082824195055 0.004397357884108012
 4.792965619824323 0.005606809203118537
 4.862607850256079 0.007010552369515638
 4.933146465832006 0.00839309289086639
 5.0045929586693365 0.009505704995599867
 5.076958820885305 0.009977659683411943
 5.150249798538526 0.009639632182147341
 5.224483129804851 0.008660273620450909
 5.299658814684277 0.007286699301604829
 5.375794091352658 0.005522498862073181
 5.452900451927222 0.003208618174462727
 5.530983642466589 0.0006231515864294921
 5.610055155087991 -0.001631298066348018
 5.690126481908662 -0.0035112437663929194
 5.771226353221681 -0.005339424242755811
 5.853337530851201 -0.0070469732584552075
 5.936425538445524 -0.008259486514101381
 6.020605297176977 -0.008766002596892631
 6.105876807045562 -0.009176143358726963
 6.1921826074651145 -0.009194266657840683
 6.279522698435634 -0.008795704467705508
 6.368012001129449 -0.008475624679780316
 6.45753559437423 -0.008080578751495248
 6.548208399342308 -0.008181116439478074
 6.640030416033682 -0.00861487806142948
 6.732944183862188 -0.010283234397389075
 6.82700716341399 -0.012586441029576437
 6.922219354689089 -0.013079067396920859
 7.0185807576874835 -0.01294775174148431
 7.116148832995338 -0.012847366758371899
 7.214866120026491 -0.01227591386595951
 7.3147900793671035 -0.012480327105012701
 7.415978171603343 -0.012561197431129885
 7.518315475562877 -0.011803136516403285
 7.621916912418039 -0.011071726029822008
 7.726782482168827 -0.00922871646929088
 7.83291218481524 -0.007719786378160043
 7.940248559771114 -0.007175639836067599
 8.04890652820878 -0.008130664792359412
 8.158886090128235 -0.0074590548900252945
 8.270129784943316 -0.006919953588936409
 8.382637612654024 -0.005801569200829005
 8.496524494432688 -0.006158413307361654
 8.611790430279306 -0.00716338111571412
 8.728320499021551 -0.007351975630633458
 8.846287082417916 -0.006678599868770529
 8.965575259296072 -0.005826519688011437
 9.086242490242183 -0.0036966950290578953
 9.208346235842415 -0.0015484160731332615
 9.331829035510601 -0.0011755846179053425
 9.456690889246744 -0.0021514013311093975
 9.583046718223173 -0.005424585946594252
 9.710781601267557 -0.006497787174959211
 9.840010459552225 -0.0077001852171142806
 9.970675832491015 -0.008064699635200512
 10.10283518067009 -0.00931907696566472
 10.236488504089447 -0.01030238256730642
 10.371635802749092 -0.01064278721604559
 10.508219616062858 -0.010555000094374723
 10.646412325789237 -0.009793160117540311
 10.786099010755901 -0.009306598307863454
 10.927279670962854 -0.008099458615271787
 11.070069227582417 -0.007135724185114072
 11.214410220028434 -0.006085629251278127
 11.360302648300898 -0.004411670513414738
 11.507803972985979 -0.001831423448065935
 11.656856733497508 -0.00040934143590525386
 11.807518390421652 0.00018121165344340214
 11.959846404344576 0.0007813253038727828
 12.113725854093952 0.0012038383948057064
 12.269271660842104 0.0013748538685793182
 12.426426364002875 -0.0004443096466593507
 12.585247424162421 -0.002617647043762883
 12.745792301906915 -0.004384611046325038
 12.907946076064023 -0.00410769898244785
 13.07176620721991 -0.0037527787442810916
 13.237310155960742 -0.0022476871499832103
 13.404520461700352 -0.0016985747022560834
 13.573397124438744 -0.0011212394907921756
 13.744055065348244 -0.0005904052477281134
 13.91643682384269 -0.00032918819485281325
 14.090484939335914 -0.0001744190058870446
 14.266314333000247 -0.00007904613239488688
 14.443867544249525 -0.00003315052418749131
 14.623202033669914 -0.00000917109709536691
 14.804260340675244 0.000007090327089164651
 14.987157386437849 0.000018103785620227797
 15.171720789199238 0.00002638779956270084
 15.358122930717895 0.00003221665104466097
 15.546306350407665 0.00003780531930533166
 15.736271048268543 0.00004146052793155709
 15.928074484886695 0.00004338317421713077
 16.12160173908979 0.00004660906632830167
 16.31702519263633 0.00004749860376326084
 16.514172463767807 0.00004803461897434153
 16.713215934242726 0.000049238921717330666
 16.914040682888754 0.000049334544032474796
 17.116704170292056 0.00004929142023057512
 17.321148935866468 0.00005041607142283044
 17.527489900784317 0.00004996743147951674
 17.73561214387328 0.000049571234596453277
 17.945630586305676 0.00005006269645308946
 18.157430306909184 0.000048853578756916396
 18.37112622685613 0.00004933464142928829
 18.586603424974186 0.00004981319350074257
 18.80397682243568 0.000048574048504182116
 19.02318895865445 0.00004901709679389421
 19.24423983363049 0.00004863218372160032
 19.46712944736381 0.00004822986665565548
 19.691915260440567 0.000048658253292296473
 19.918482351688432 0.000048269769111945675
 20.146945642279736 0.000047885908034455474
 20.37719021104215 0.00004829597917398349
 20.609330979148 0.00004791639339250236
 20.843310486011127 0.00004753618105204511
 21.079128731631528 0.0000479496223304303
 21.316728255423037 0.000047580370297236344
 21.556223978557984 0.00004797529629328196
 21.797500979864044 0.00004762236983366754
 22.040616719927375 0.00004725820778447848
 22.28557119874798 0.00004765199777138342
 22.532364416325862 0.00004730920745046586
 22.78088145148869 0.00004770265429145118
 23.031237225408788 0.00004735868776378719
 23.283431738086158 0.000047020161148967916
 23.537350068348474 0.00004741242888198758
 23.793107137368064 0.00004779408837099754
 24.0505880239726 0.000047474948012894254
 24.309850188748246 0.00004785144179433713
 24.570836171108837 0.000045450493838894535
 24.833603431640533 0.00004858605017114352
 25.09809450975718 0.00004831534574358235
 25.364309405458766 0.000047959332061430456
 25.632248118745295 0.00004769996803204152
 25.90185318903061 0.00004735941294278278
 26.173182076900865 0.000047104403508972514
 26.446177321769902 0.00004677892320684384
 26.720838923637718 0.00005316007499782576
 26.99716688250431 0.00004625453912340034
 27.275161198369684 0.00004594907859945522
 27.55470695006151 0.000052234041209998394
 27.835919058752115 0.000051935979829186154
 28.118682603269168 0.00005165178524107497
 28.402997583612674 0.00005136551124274789
 28.688921460368793 0.00005108238627405985
 28.976396772951365 0.00005081250208312077
 29.265366060774213 0.00005055046521352626
 29.555829323837354 0.000050286169521722315
 29.847844022726946 0.00005002951361567367
 30.141295236270654 0.00004978520773534294
 30.436182964468486 0.00004954326541920981
 30.732507207320435 0.00004930841496842563
 31.03021050424034 0.00005519618399984063
 31.32935031581437 0.00005496983465845787
 31.629811720870183 0.00005469691569370727
 31.93165217999396 0.00005447820321032435
 32.23481423259952 0.000054215950758062864
 32.539297878686874 0.000054016686802833754
 32.844988197083694 0.00005376898364316713
 33.1520001089623 0.00005951125178830636
 33.46021869315036 0.0000592842198129035
 33.76958648906173 0.000059053464439534396
 34.080218417868714 0.00005882988870941138
 34.39194209781284 0.00005861882182317124
 34.704814989480255 0.00005840924078778317
 35.018779632284804 0.000058206483985720646
 35.333836026226486 0.00006380742427045119
 35.649869250132966 0.00006361768715725133
 35.96699422517658 0.00006339287588094756
 36.285096030184995 0.00006322142784966998
 36.60411720457205 0.00006301734905894326
 36.9241152089239 0.00006855144645345704
 37.24503258265439 0.00006836754805604623
 37.566754404591194 0.00006819072581128592
 37.889338135320465 0.00006800876046617112
 38.21278377484221 0.00007348644106872914
 38.53697640198409 0.00007896427240159087
 38.86191601674612 0.00007316187372230883
 39.18760261912829 0.00007299488745684385
 39.513921287958276 0.00007845726174602127
 39.84092948382224 0.00008388706279141719
 40.16856974613401 0.00008373465615006581
 40.49684207489359 0.00008357829003283651
 40.82563154892867 0.00008901561467819392
 41.15493816823923 0.00008888366622315444
 41.4847044722391 0.00009429561037533074
 41.81498792151445 0.00009417095295745779
 42.14567359489296 0.00009958078768488295
 42.47676149237463 0.00010499347204793454
 42.80825161395945 0.00010487895378067944
 43.140029038475085 0.00011030633889910829
 43.47209376592155 0.0001157292908071432
 43.80438833571267 0.00012114820719582834
 44.13697020843462 0.00012656583321454392
 44.46972446291507 0.0001375123747869513
 44.80259363856784 0.00014295276452568783
 45.135635195979106 0.00015389417099122168
