 0. 0.
 0.0007092928942560855 0.1199353195336776
 0.00213810399196749 0.3596514975544075
 0.00358750562108807 0.6009819311074226
 0.005057816472364438 0.8419597266091035
 0.00654930859887297 1.079140237576522
 0.008062292918415238 1.3082706061829192
 0.009597080348792818 1.525140429527283
 0.011153981807807281 1.7262416421224602
 0.0127333276456228 1.9091175879386848
 0.014335409347678347 2.0724183575840676
 0.015960576696500695 2.2157751195953823
 0.01760914060989141 2.339617734649449
 0.019281450870377272 2.4448934335925077
 0.020977818395759847 2.532960090607978
 0.022698748427466695 2.6053516920813276
 0.02444416323604742 2.6636861293078415
 0.026215034439631933 2.7095634812486313
 0.028011167714594266 2.744508673468209
 0.029833146031812353 2.7699626889089575
 0.031681552362164155 2.7872063575443105
 0.03355638670564966 2.7974164160848183
 0.035458232033146825 2.80163011262665
 0.037387476991907614 2.8007563902427757
 0.039344315905558015 2.7955793068338637
 0.04132952606860196 2.7867870497173457
 0.04334310748103944 2.774949196012264
 0.04538564311374841 2.760593702865967
 0.04745752161398084 2.744163192014644
 0.049559325952614676 2.7260245891055113
 0.051691250453275904 2.706502029023802
 0.05385387808684247 2.6858690932380056
 0.05604740317694036 2.6643399885947776
 0.0582726030180735 2.6421181386001984
 0.06052967193386787 2.619362690508263
 0.06281919289520145 2.5962124885410964
 0.06514155454932616 2.5727940021650775
 0.06749733986711999 2.549194983399268
 0.06988693749583488 2.5254976792346966
 0.0723107360827228 2.5017698052888955
 0.07476931859866172 2.478072768343258
 0.07726326801452958 2.454479328747849
 0.07979297297757833 2.4310378526789536
 0.08235901645868592 2.4077985661784678
 0.08496178710510434 2.384795117629336
 0.08760186788771152 2.3620810711860094
 0.09027984177738542 2.339683703750668
 0.092996097421378 2.3176407376275936
 0.0957514121141932 2.295962380397128
 0.098545980179457 2.2746784434301546
 0.10138077323529929 2.25381966716011
 0.1042561799289721 2.233388091430056
 0.1071727832313533 2.213405508276864
 0.11013097178969493 2.1938540352642795
 0.11313171722212685 2.174735160977929
 0.11617521385227506 2.156019486744917
 0.1192624332982695 2.137717602616331
 0.12239376420736209 2.1198090218014274
 0.12556978955043083 2.1023247716027678
 0.1287912866219796 2.0852596648806334
 0.13205883839288643 2.0686134159113014
 0.13537322215765518 2.0523672095773278
 0.1387348265635378 2.0364808156186514
 0.1421446232286643 2.0209234419664615
 0.14560300080028654 2.0056939502053153
 0.14911073657290852 1.9908109407117471
 0.15266860784103417 1.9762800099928048
 0.1562771975755414 1.962082010078574
 0.15993747739456018 1.9481812124622961
 0.16364983594534244 1.9345657877910984
 0.16741505052239208 1.9212567226664237
 0.17123409274383908 1.9082650490111739
 0.17510754558056135 1.8955705393005615
 0.1790363806506889 1.883155785909642
 0.18302098660147353 1.8710228222440175
 0.18706252937467124 1.8591617475379836
 0.191161397617534 1.8475503495084722
 0.1953185629481917 1.836162143360336
 0.19953538563202622 1.824973519052559
 0.20381244863991554 1.8139869541212148
 0.20814975197185961 1.803197582411657
 0.2125492388641183 1.7925757540048701
 0.21701090931669162 1.782107143174217
 0.22153476332957953 1.7717981991401934
 0.2261246873753017 1.7616592346709543
 0.23077873821759834 1.7516831314051404
 0.23550080232898907 1.7418435731237132
 0.24028699323695424 1.7321212465779467
 0.24514314065027337 1.7225130165845572
 0.25006730133268656 1.7130272387905277
 0.2550614185204537 1.7036336027062053
 0.2601274354498347 1.694297202639908
 0.26526535212082936 1.6849915103217314
 0.27047516853343784 1.6757104582779083
 0.2757588279239199 1.6664743049203294
 0.28111633029227556 1.6573117400122976
 0.2865515621110245 1.6482106131734955
 0.29206258014390685 1.6391100699373087
 0.2976513276271825 1.6300195889896625
 0.3033197477971112 1.6209815076070804
 0.309067840653693 1.6119365218988815
 0.3148975494331877 1.6028116066667775
 0.3208088741355954 1.5935735656126133
 0.3268037579971758 1.58416753031211
 0.33288414425418883 1.5745722859489804
 0.33905003290663444 1.5647336237414915
 0.3453033671907725 1.55460579160427
 0.35164220387034306 1.5442402143569602
 0.3580723726541258 1.53367520216274
 0.36459387354212053 1.5228921258880166
 0.3712067065343274 1.5119096538094654
 0.3779108716307463 1.5007586696852557
 0.38471219854015687 1.4894472316700704
 0.39160680079003934 1.477944802052361
 0.39859856485291334 1.4662318480085053
 0.40568943396503876 1.4542517332719072
 0.4128794081264156 1.441902993342968
 0.4201704305733037 1.429251667864266
 0.42756444454196285 1.4163550335119388
 0.4350614500323931 1.4031607567294242
 0.4426633902808542 1.3897031988098183
 0.4503702652873463 1.3760259120881784
 0.45818790476064875 1.362167601588426
 0.46611242222824195 1.348116142485606
 0.47414964739890536 1.3338356757585328
 0.4822976370363791 1.3193187650090543
 0.490560277613183 1.3045118815441485
 0.4989375691293169 1.289353733721693
 0.5074333980573006 1.2738802471762218
 0.5160458211608742 1.2581165909143583
 0.5247787249125573 1.242030413902674
 0.5336340525486097 1.2256378012603142
 0.5426118040690316 1.2088679223462053
 0.5517158659463426 1.191656743541519
 0.5609442949442828 1.1741050516694602
 0.5703029207716317 1.1562984084427546
 0.5797898001921294 1.1382035394174035
 0.5894088196782957 1.1197926891839824
 0.5991619224663906 1.1011040750386945
 0.6090510517926734 1.0821844318376341
 0.6190742644208846 1.0631002409376293
 0.6292393332960636 1.0439185178350494
 0.6395423719456907 1.0246466963726175
 0.6499892100785453 1.0052730147899906
 0.6605798476946273 0.9857467324653234
 0.6713181712664567 0.9660951137684408
 0.6822022375577733 0.9463196703533623
 0.6932378762773569 0.9264243729273457
 0.7044250874252073 0.9064767370879412
 0.7157658142375843 0.8864607930667752
 0.727261999950748 0.8662954528474023
 0.7389175310372178 0.8459465752602403
 0.7507324074969938 0.8254272989360092
 0.7627085725663357 0.8046999291048095
 0.7748499127177635 0.7837367026130919
 0.7871564279512769 0.7625875631875986
 0.7996339479756556 0.7413525999564747
 0.8122785863183796 0.7201160824776687
 0.8250981159244885 0.6987958355923191
 0.8380925367939822 0.6771332675445275
 0.8512637921631206 0.6549537137457827
 0.8646138252681637 0.6323537630396202
 0.8781465225816307 0.6095011972118569
 0.8918618841035221 0.5864379230275253
 0.905765739542617 0.5631693749620375
 0.9198561456626557 0.5398115736661745
 0.9341389321724178 0.5162669959677061
 0.9486140990719033 0.4926252420545929
 0.9632855328336318 0.46917671308844966
 0.9781571199301229 0.44596622816987247
 0.9932269171251167 0.42274829052063184
 1.008500754127393 0.3996501707199361
 1.0239805741732113 0.3771414263121141
 1.0396702637350914 0.355429624875517
 1.0555698228130335 0.3344333025194223
 1.0716811946432971 0.31412746758361104
 1.088010208934662 0.2945957851275266
 1.1045588089233875 0.27589558541885
 1.121328937845734 0.2579606823141115
 1.1383225389379612 0.24083113274186263
 1.1555415554363289 0.22465194701527613
 1.1729937602858762 0.20948745113178205
 1.1906752670140839 0.19538996555281107
 1.2085938485659908 0.1825083461474124
 1.2267495049415973 0.17086195138503715
 1.2451480658496825 0.16040973329822766
 1.2637875880539873 0.15117783948139546
 1.28267584449955 0.14346348511780835
 1.3018128351863714 0.1373860988927954
 1.3212043898232309 0.13264474812670188
 1.3408485651738684 0.12876835945635515
 1.3607531341833232 0.12530960070700956
 1.3809200400878552 0.12214407417236343
 1.4013512261237246 0.11918029083551525
 1.4220505787634503 0.1164080896679982
 1.443020041243293 0.11393149474513753
 1.4642635000357718 0.11175595329876514
 1.4857848416134065 0.10996032050005297
 1.5075860092124571 0.10857218193198158
 1.529670889305443 0.10733197455599905
 1.552043368364884 0.10584233396338313
 1.57470538962704 0.10387902684109164
 1.5976608395644303 0.10160330708661924
 1.6209136046495751 0.09939529656771239
 1.6444656281187335 0.09757241010409498
 1.6683207964444262 0.0963183068477226
 1.6924829960991719 0.09570352460640276
 1.716956113555491 0.09562170080171531
 1.7417420920496427 0.09590352545672569
 1.7668467612904069 0.09643795795916132
 1.7922701212777834 0.09709442535864776
 1.818018001720552 0.09777963802159297
 1.8440942890912317 0.09845448352268805
 1.870500926626083 0.09915320289498744
 1.8972418007976255 0.09993664964837849
 1.9243207980783787 0.10079169211510702
 1.9517476346496414 0.10155902678968771
 1.9795164808026346 0.10207573109599329
 2.0076156771197993 0.10222553115032693
 2.036084088326332 0.10174058356563792
 2.0649217144222325 0.10056611642273411
 2.094109123044903 0.09922144866666406
 2.123646314194343 0.09829691805584917
 2.1535721525957494 0.09786596613098046
 2.183847773523925 0.09766637178805967
 2.214512041704068 0.09735885298787436
 2.245564957136176 0.0967123885536154
 2.2769870874576528 0.09566849875590826
 2.308797865031096 0.09463895677343254
 2.3409972898565052 0.0943858320728229
 2.373585361933881 0.09497502004468417
 2.4065815136258206 0.09563438231212483
 2.4399663125697275 0.09628190160576755
 2.4737591911281984 0.09776452840345617
 2.507979581663833 0.09981036828130768
 2.5425886194514327 0.1013590909953847
 2.5776251692161964 0.1027255765131565
 2.613089230958123 0.1044269077646601
 2.648980804677212 0.10639129581027257
 2.6852804580108662 0.10863004535691154
 2.7220270556842814 0.11107179964751938
 2.7592205976974578 0.11363287265637279
 2.7968416516877967 0.11595926203529562
 2.834890217655299 0.1171457898250288
 2.873405160325161 0.11711435278716853
 2.912386479697383 0.11669243053816643
 2.951795311046767 0.11574629264303726
 2.9916899514611095 0.11336536574708943
 3.032031536215213 0.11085262315950029
 3.072839497671676 0.10894865558429843
 3.1141332681930973 0.10751690790830327
 3.1558934154168776 0.1066951000861328
 3.198119939343018 0.10629011134352583
 3.2408517046967145 0.10664652475004047
 3.2840498467527706 0.10789849414902676
 3.327753230236383 0.10874243563680709
 3.371942422784953 0.10833105695332719
 3.4166368567610794 0.10682686557272493
 3.4618365321647615 0.1040874681040041
 3.507541448996 0.0996965340566685
 3.5537321748921973 0.09494878253591095
 3.6004670069411464 0.09144708747588638
 3.647707080417652 0.08880438110631715
 3.6954523953217144 0.08595266872853942
 3.7437418163785288 0.08415772950403888
 3.7925559112254983 0.08272790701131565
 3.8418946798626217 0.08252349464388888
 3.891777554652499 0.08636264826373802
 3.9421851032325295 0.09175759825676104
 3.993136757965314 0.0947074289070978
 4.0446519512134484 0.09362659098427971
 4.096691818251739 0.09104353550965535
 4.149295223805379 0.0884443758155696
 4.202442735511773 0.08636622252794535
 4.256153785733518 0.08486347744724804
 4.310447806833212 0.08178542882320392
 4.36528593408566 0.07577203097302028
 4.420687599853458 0.06903356986396281
 4.476672236499206 0.06365072585016814
 4.533220411660304 0.059714451746139756
 4.590332125336754 0.05576227964959621
 4.648046242253752 0.052600002265103814
 4.7063433300487 0.05071992581875892
 4.765203956358999 0.04869964641137679
 4.824666985909845 0.04866898492858201
 4.8847129863386405 0.04751976906496728
 4.945361390007984 0.04207097784461118
 5.006592764555277 0.0331461815833318
 5.068445974705716 0.025504315605424727
 5.130862723371507 0.020958510339366132
 5.193901307640443 0.017728506957109605
 5.2575422951499275 0.014957388126050079
 5.321785685899959 0.01217279929568641
 5.386650912253137 0.009801837579197092
 5.452099109484265 0.008169020508522154
 5.518188574681138 0.006743041779612945
 5.584861010755958 0.005429163486691814
 5.652174714796525 0.004366384462738312
 5.720090822077638 0.0035479132731487725
 5.7886287649618975 0.002911340392868379
 5.857769111086705 0.002406442885527001
 5.927550725177258 0.001999754258844475
 5.997934742508358 0.0016685833258742227
 6.068960027805201 0.001396767890195027
 6.140587716342593 0.001172338439148092
 6.21285667284573 0.0009861671622277707
 6.2857280325894145 0.0008311426880855372
 6.359240660298843 0.0007016424458300169
 6.433375123611418 0.000593166689641385
 6.508131422527138 0.0005020880880358463
 6.583509557046005 0.0004254569867514584
 6.659528959530617 0.00036086272801662435
 6.736150765255776 0.0003063256053964033
 6.813413838946679 0.0002602125270093727
 6.891279315878132 0.00022117213436941214
 6.969786060775327 0.00018808184571254122
 7.048914641275668 0.00016000606774689905
 7.128665057379156 0.00013616414265320642
 7.209017876723192 0.00011590201383682157
 7.290011964032972 0.00009867103246381764
 7.3716084545833 0.00008400930722021121
 7.453826780736774 0.00007152804153688709
 7.536666942493395 0.00006089919900040882
 7.620128939853161 0.000051845206126558675
 7.704173908090877 0.000044131124356545015
 7.788840711931739 0.00003755783649041286
 7.874129351375747 0.00003195624455769471
 7.9600009616977045 0.000027182729483723947
 8.046494407622808 0.000023115153624069606
 8.133570824425862 0.00001964946649328665
 8.221249644469461 0.000016697167317719954
 8.309511435391013 0.000014182747732752992
 8.39837562955311 0.000012041822142968669
 8.487822794593159 0.000010219468252968616
 8.577852930511154 0.000008668806587417507
 8.668466037307102 0.000007349812740437763
 8.7596426826184 0.00000622835550812006
 8.851402298807647 0.000005275253284733974
 8.943725453512245 0.0000044656061323958785
 9.036612146732194 0.0000037781549970570856
 9.130062378467494 0.0000031947549600443413
 9.224076148718147 0.000002699919585004075
 9.318614592758953 0.0000022804193507837493
 9.41371657531511 0.0000019249875421594265
 9.509343231661424 0.000001624012009641049
 9.60549456179789 0.0000013692938474813747
 9.702189998087109 0.0000011538511971406384
 9.799410108166484 9.717364767653967E-7
 9.897135459673413 8.178866394232162E-7
 9.9953660526079 6.879905222846486E-7
 10.09412131933254 5.78389611951474E-7
 10.193362395122138 4.859667053978858E-7
 10.293089279976696 4.0807756521476626E-7
 10.39330197389621 3.4247696605997553E-7
 10.493981044518083 2.8725936788772237E-7
 10.595145924204918 2.408100742264829E-7
 10.696757748231509 2.0176050238782168E-7
 10.798835948960463 1.6895130841387067E-7
 10.901361094029175 1.414016407321349E-7
 11.004333183437652 1.1828202488237243E-7
 11.107713352460692 9.889156657010766E-8
 11.211540465823493 8.263777171872693E-8
 11.315775658800858 6.902143164403976E-8
 11.420399499030191 5.7620874725347396E-8
 11.525450851236686 4.8080638360711174E-8
 11.63087141833255 4.010160858171651E-8
 11.736680632680377 3.3431724532509976E-8
 11.842859061917576 2.785924501297085E-8
 11.949406706044142 2.3205880968639285E-8
 12.056284700334878 1.9322016390278515E-8
 12.163531909514983 1.6081951522866257E-8
 12.27110946885926 1.3380262374829295E-8
 12.378997946005109 1.1128519503405291E-8
 12.48721677331513 9.252621862352557E-9
 12.595746518426722 7.690512978286742E-9
 12.704548316614693 6.390251809638084E-9
 12.813641600241638 5.308386598064376E-9
 12.923026369307557 4.408588464776896E-9
 13.032663759087256 3.660502272753481E-9
 13.142553769580731 3.0387859784699097E-9
 13.252696400787986 2.5222740119431545E-9
 13.36305278798382 2.0933235567184865E-9
 13.473642363530836 1.7372233995270626E-9
 13.584445695066432 1.4417148924093408E-9
 13.69546278259061 1.196590534136011E-9
 13.806654761378173 9.933560535163799E-10
 13.918021631429122 8.249490064022647E-10
 14.029543960380856 6.854990279039944E-10
 14.141241180595975 5.701345205670792E-10
 14.253074427349281 4.748189145979848E-10
 14.365043700640777 3.962092171947424E-10
 14.477149000470462 3.3154761707113383E-10
 14.589351462113136 2.785655394848614E-10
 14.701651085568804 2.35412386811458E-10
 14.814028438474864 2.005926995061248E-10
 14.926502953193916 1.7292241092790127E-10
 15.039035765000762 1.515025895697233E-10
 15.151607441532807 1.3570364099739928E-10
 15.264237415152644 1.2516347029725703E-10
 15.37688682113508 1.1979183637791003E-10
 15.489555659480114 1.1947335226584993E-10
