 0. 0.
 0.004004841268912476 0.000004888639892649079
 0.014008235062951095 0.000018523849491938763
 0.027417036801042835 0.000040057209089001693
 0.04372310967397363 0.00006867714321373596
 0.0626481000786457 0.00010361370565711855
 0.0840220168573188 0.00014413986263348526
 0.10773396370196009 0.00018957425985613132
 0.1337095416998879 0.00023928205114466902
 0.16189718148733345 0.0002926752466472011
 0.19226183711415798 0.00034921483359101456
 0.22478140725937876 0.00040841155713324277
 0.2594412104083519 0.00046982230683525447
 0.296233668629767 0.0005330562822066728
 0.33515614122068876 0.0005977641675443586
 0.37620896876678134 0.0006636452365533863
 0.4193968285261082 0.0007304402781884361
 0.46472414014632313 0.0007979310747176099
 0.5121992094416092 0.0008659387969135002
 0.5618288474281451 0.0009343227493751825
 0.6136211969739226 0.0010029805581365972
 0.6675845751017376 0.0010718348753422796
 0.7237271595074409 0.0011408505598894186
 0.7820537449990455 0.001210004132224349
 0.8425721917150762 0.0012792732311746385
 0.9052843525864787 0.0013486511780293673
 0.9701937198375944 0.0014180973168298429
 1.0373001427386055 0.0014875449573038121
 1.10660047431658 0.0015568847099255616
 1.1780882320777688 0.001625967404347332
 1.2517567580250637 0.0016946002478460812
 1.327589717200724 0.0017625776578636188
 1.4055722868343872 0.0018297076269174811
 1.4856827272289015 0.0018958375457828658
 1.5678930151907582 0.001960882454406689
 1.6521722155368124 0.002024835795811601
 1.7384823586633291 0.0020877619596112963
 1.8267819365322895 0.002149765103447351
 1.9170215763143221 0.002210947760576898
 2.0091518913737856 0.002271365228227288
 2.1031107263473072 0.0023310105104868144
 2.198839694665336 0.0023898263535244565
 2.296269798734704 0.002447782670091444
 2.3953282119514774 0.0025049730537472855
 2.495942824760731 0.002561729884277419
 2.5980361820677462 0.0026186790563182804
 2.7015251643683587 0.0026767274795914506
 2.806332300081025 0.0027369490313120556
 2.9123781246731504 0.002800421396861551
 3.0195794723545957 0.002868098673337443
 3.127863509632857 0.0029407448036169338
 3.2371564159478066 0.003018996522025158
 3.3473927434341273 0.0031034513045962234
 3.4585070896691015 0.0031947456862792692
 3.570445879478338 0.0032935694922075045
 3.6831668738756127 0.0034005440741152
 3.7966304744348296 0.003516105800455953
 3.9108104250710465 0.0036404395339024653
 4.025693274117905 0.003773446700299343
 4.141273368883801 0.003914818003432599
 4.257558109353527 0.004064135824501932
 4.374562590947959 0.004220912223678668
 4.492312646499007 0.004384609446689636
 4.610845888232479 0.004554558156396733
 4.730205586874254 0.004729957716512908
 4.850443487020991 0.004909887982428927
 4.9716204450648895 0.005093368237227699
 5.09379679297804 0.005279422316882785
 5.217042400191501 0.005467183918618433
 5.341429262979135 0.005655820011280416
 5.467031289782277 0.0058446214590852676
 5.59392124420135 0.006032951184950862
 5.722175909444479 0.0062202572294078
 5.851864337009709 0.006406075241518788
 5.983064562445302 0.006590007587249046
 6.1158396464094364 0.006771705841219036
 6.250260694763305 0.00695090641571299
 6.3863849804677555 0.007127355750907906
 6.524273721909287 0.00730084926566766
 6.663982212626454 0.007471238183862164
 6.8055589137690395 0.007638389882691247
 6.949054950157094 0.007802204816588706
 7.0945135367897745 0.007962631474581754
 7.2419762254129765 0.00811963053346641
 7.3914900041735105 0.008273252081255593
 7.543088829907904 0.008423579999026543
 7.696807584444507 0.008570746758596943
 7.852686035727609 0.008714906769438214
 8.01076122923462 0.008856156051018974
 8.171067122880677 0.008994553907782197
 8.333642560935163 0.00913013691025496
 8.498518922475235 0.009262990877680923
 8.665745376236286 0.009393279512502543
 8.835355151699346 0.009521234163699578
 9.00738644457467 0.00964704099711409
 9.181878256598939 0.009770711335414633
 9.358861028677218 0.009891956328249735
 9.538374888198094 0.010010194803299285
 9.720441313325754 0.010124771602362198
 9.90509606384146 0.01023508671189453
 10.092375376067542 0.010340793006341439
 10.282315968475695 0.010441886802680826
 10.47495504733857 0.010538500842150177
 10.670341012033772 0.01063089836279136
 10.868512657148692 0.010719328337167398
 11.069514848638892 0.010804212141567751
 11.2733933884861 0.010886092044439088
 11.48018927991357 0.01096558251986642
 11.689932363666971 0.01104359542902582
 11.902658160540632 0.011121195978850477
 12.118396239155503 0.01119937498256041
 12.337188211529762 0.011278563738348957
 12.559069934027677 0.011357948758468671
 12.784070951090236 0.011435820915002122
 13.0122465202743 0.011509995655950527
 13.243633442140148 0.011578514585213424
 13.478288862472697 0.01163997422677559
 13.71626455391074 0.01169375901923757
 13.957613345283642 0.011740357745826999
 14.202382029055878 0.01178087433088054
 14.450618004461962 0.011816894685153118
 14.702384013659938 0.011850105484762573
 14.957714468836018 0.011882087358709327
 15.216681503114383 0.011914067315572797
 15.479312941155909 0.011946422058507726
 15.745643573113115 0.011978772892078722
 16.015699741233885 0.012010495410265139
 16.28952309396634 0.012040681043861265
 16.567138742808062 0.012068719898978515
 16.848596016427656 0.012094172150254849
 17.133944811214434 0.012117838091012769
 17.42321815483107 0.012141663806908837
 17.71648394847873 0.01216679908603738
 18.013793806080788 0.01219389191357706
 18.315209092074493 0.012223420143315044
 18.620773734679073 0.012255488566352628
 18.930550595127748 0.012289019488958426
 19.244603759867932 0.012322134555343893
 19.56297899049796 0.01235354200219516
 19.885741935777865 0.012383012557532195
 20.212919072098995 0.012411889461318933
 20.54455608684135 0.012442427415902412
 20.880771725390474 0.012476818504731084
 21.221646949814247 0.01251670883259653
 21.56722163001749 0.012563478817588703
 21.917523988575013 0.012618716258003426
 22.27256967037689 0.012681245995563686
 22.63236077321446 0.012745312863951202
 22.99694236009549 0.012805194258581164
 23.36642941560619 0.012859626744194405
 23.741000576072008 0.012910422146467558
 24.120818543638503 0.012959822529649084
 24.505991637259598 0.013009496531380452
 24.896569120653126 0.01306078098736825
 25.29257430041268 0.013113809515163777
 25.69400247485742 0.013166662447256708
 26.10076656654602 0.013215861682084903
 26.51284994224164 0.013257488449928969
 26.930312348218465 0.013290071482125293
 27.353200298587797 0.013317169368901186
 27.781643306597555 0.013348295771370967
 28.21581804337593 0.013397574407332098
 28.655923125068057 0.013474271779951598
 29.102063951428534 0.0135780337309936
 29.554422537334787 0.013703612662360243
 30.013248311376138 0.01384326551070953
 30.478740945631024 0.013990067905482089
 30.950891049140658 0.014138175271229311
 31.429573772958165 0.0142833819524649
 31.914747782477736 0.014423661116374026
 32.40651084401114 0.014556064028438457
 32.90494608867939 0.014673888373570245
 33.41012078761143 0.014765500330161522
 33.92206810113514 0.014819716596480514
 34.440801691644 0.01483566648317493
 34.96629680970446 0.014819919028118878
 35.49866513013842 0.014784045454475578
 36.038075160347674 0.014736485334027242
 36.58464656782609 0.014672218646135287
 37.13857629744001 0.014590202191882057
 37.700087664744544 0.014513958798343062
 38.26920219600778 0.014465752659298444
 38.84597673862334 0.014449809687328065
 39.43036812070711 0.01445451486560514
 40.022145568700104 0.014463540368803207
 40.62126313153738 0.014465268749663796
 41.2280805531956 0.014461846355151199
 41.84301694964205 0.014469001347708833
 42.46629946646198 0.014499517233342633
 43.09796966710794 0.01456087222662159
 43.7379131329231 0.014649197930262257
 44.38604790128022 0.014754321400864223
 45.04221460666143 0.01486832203041083
 45.7067201810446 0.014972675111682614
 46.37986212363662 0.01504961793534972
 47.06145603965272 0.015083931848162136
 47.75175582690543 0.015062071570670483
 48.451389530329145 0.014982489779739547
 49.16042639323408 0.014868960958991049
 49.87903386359338 0.014748627054746485
 50.60753549347104 0.014620191517213445
 51.3460621701209 0.014481609026624079
 52.0949809524426 0.01435221237301065
 52.85448869592171 0.014257278842752567
 53.623713136915235 0.014202887030459688
 54.40158858213319 0.014181043685145322
 55.187811083551665 0.014189362212587287
 55.98387706256489 0.01421319809191443
 56.79074046095232 0.014209222357328357
 57.607529998818194 0.014170603374592064
 58.435482859644154 0.014156164734842555
 59.27507103074831 0.014199542246143008
 60.1261243881496 0.014343500270157211
 60.9895548990903 0.014564545993610649
 61.865514293800146 0.014784451291813301
 62.7529927750637 0.014951086917010414
 63.649736774007664 0.015043603291764908
 64.5563302362491 0.015057722271313148
 65.47587636575518 0.01503346267497944
 66.40889204685281 0.01502621043377205
 67.35126594537874 0.015049451817258993
 68.30448856926648 0.015063764469746598
 69.26981925292547 0.015102714987709992
 70.2464049035239 0.015152524542134884
 71.23454919260574 0.015168190399648866
 72.2353260552412 0.015169607773439628
 73.24598117657543 0.015164003429173973
 74.26764767491845 0.01519246523774203
 75.3005018356158 0.015268988178658073
 76.34487789223289 0.015346172161161232
 77.40426066123078 0.015371434545936173
 78.4759634305558 0.01536668474330101
 79.56016603209521 0.015353338399188628
 80.65725424844136 0.015298496658168736
 81.7648465509735 0.015268627967175047
 82.88876255988393 0.01522034822203487
 84.02794772453791 0.015118134805590272
 85.17790999053989 0.015034659956247764
 86.34980915027168 0.014911807402189716
 87.54025147255912 0.014614650183976351
 88.74093309920448 0.014297622179929081
 89.95650070259869 0.014051583540654769
 91.17761548386834 0.013750090908790386
 92.40801960393692 0.013532885871091945
 93.65208478444596 0.013529079791323577
 94.91137904326455 0.013560789062587767
 96.18812798271499 0.013529190663154984
 97.48779485935964 0.013438154635216845
 98.80162801042155 0.01340880307857491
 100.131270001798 0.013474420210161177
 101.48825319337384 0.013629856932484655
 102.87220194435803 0.013889888408479026
 104.2594849437392 0.014122251945068817
 105.65221012368971 0.014158778195875518
 107.05351269349937 0.014040370365485378
 108.47429842652247 0.013926952286842946
 109.9089491492464 0.01393961979395421
 111.35772322750334 0.013924654394274925
 112.81857266125787 0.013909421267615702
 114.2928838354175 0.013744198776211003
 115.78588366181563 0.013553597308463904
 117.30324811052678 0.01344934942664514
 118.83713208092443 0.013345148931353294
 120.3785383885373 0.013388913324090196
 121.93625843867228 0.013550387448335196
 123.51738246503822 0.013386336317305046
 125.13149560983545 0.012928263611173775
 126.76236841554534 0.01233215309668186
 128.4426944180307 0.011641606418359969
 130.12429917389784 0.010645374582418413
 131.84081387211137 0.009493961238597933
 133.5829659795732 0.008348969996352843
 135.32124950538298 0.007176224634165238
 137.0494400772073 0.005867938309150838
 138.77556590842318 0.004629492412781341
 140.52206739289286 0.0035822339398760656
 142.2938380441646 0.002817621337227556
 144.09046171920397 0.002306013876801265
 145.90944152314788 0.0019500974334632616
 147.74887851828288 0.0016808628736455571
 149.60788926757698 0.001464970989473853
 151.48621907221616 0.0012858849093134268
 153.38382299628452 0.0011341692995315998
 155.30056898348673 0.0010037778638722812
 157.23654736177653 0.0008905487072586204
 159.19168701226835 0.0007914549892444927
 161.16622911408226 0.0007042201360370207
 163.16009392426966 0.0006270773477012226
 165.17343909284682 0.0005586268880030749
 167.20625646950708 0.0004977308509626463
 169.25861584628834 0.0004434523649728345
 171.33058426873924 0.00039500886066011227
 173.42222596111915 0.00035173285317126687
 175.53360225135128 0.0003130509543189415
 177.6647714957692 0.00027846741281521616
 179.81587893838395 0.0002475473692043606
 181.9867979815551 0.00021990725317733384
 184.1776664738035 0.00019520758181996927
 186.38843691110804 0.00017314560346713977
 188.61933698303957 0.00015345064353074574
 190.87031351669688 0.00013588046217171914
 193.1414019538019 0.00012021688733285353
 195.432634161335 0.00010626382263028184
 197.74393946323303 0.00009384545806803864
 200.07553897540006 0.00008280199272964389
 202.4273556552376 0.00007299013631991654
 204.79930390852778 0.00006428063471995279
 207.19160025891773 0.00005655687402959962
 209.60404751711346 0.00004971398193667451
 212.0368588839584 0.00004365730179477426
 214.48982410158098 0.00003830195817448502
 216.9631528456213 0.00003357126747681714
 219.45662142883435 0.000029396615451442703
 221.97043580617236 0.00002571637610550911
 224.50435850775392 0.000022475297550866817
 227.05859158038 0.00001962383754518978
 229.63288342706133 0.000017117710127233725
 232.2273158845227 0.00001491733890477789
 234.84197126511884 0.000012987378488363231
 237.47657615766687 0.000011296326836631456
 240.13132208142468 0.000009816124489838135
 242.80604209264123 0.000008521783850814335
 245.50055899973052 0.000007391109524286594
 248.21505754273477 0.000006404420348478073
 250.94922639281955 0.00000554424025453443
 253.70324560516076 0.000004795101667326773
 256.4767881790555 0.0000041433199248911494
 259.27002936983007 0.000003576828203870015
 262.08275727961484 0.0000030849327383267208
 264.9148816022411 0.0000026582475430252916
 267.7663067306847 0.0000022884885841970024
 270.63693171967907 0.000001968377504443698
 273.52665025077533 0.0000016915170705612166
 276.4353505999271 0.0000014522981787498048
 279.3629156076697 0.0000012458009471821732
 282.30922265197034 0.0000010677218738978797
 285.27414362381586 9.14296450829817E-7
 288.25754490561314 7.822371763090783E-7
 291.2607434705253 6.686763043506177E-7
 294.28069747757763 5.711129485487087E-7
 297.31869780777 4.873715215315725E-7
 300.37458865091384 4.1556106651128904E-7
 303.44820862465633 3.5403672125925013E-7
 306.53939077109476 3.0137285876468705E-7
 309.6495104984671 2.563345470279026E-7
 312.7753094272448 2.178517844774286E-7
 315.9181363016148 1.849991891874124E-7
 319.0778018922979 1.5697770542341354E-7
 322.2557223070816 1.3309695714027426E-7
 325.4484914315848 1.1276302585510908E-7
 328.6591413188664 9.546360563062763E-8
 331.8841911066797 8.075797174273262E-8
 335.1250508681404 6.826748860182275E-8
 338.38318981650804 5.766723506463614E-8
 341.6567216836759 4.867833193526664E-8
 344.9436896798927 4.106178271824057E-8
 348.24728755708094 3.46132922444543E-8
 351.563807202697 2.9157691952553446E-8
 354.89649781245157 2.454573282670534E-8
 358.2433651491372 2.0649842614412344E-8
 361.6041504638345 1.7361221155206797E-8
 364.9785899595195 1.4587220434339094E-8
 368.3664148551323 1.2248959139453441E-8
 371.76735145331855 1.0279396869466613E-8
 375.1811212118362 8.62147319197827E-9
 378.6074408185996 7.226838866337065E-9
 382.0460222703399 6.0544363899540645E-9
 385.4965729548483 5.0694871535491635E-9
 388.96073935971935 4.242534619776249E-9
 392.4343499881861 3.5486617195782415E-9
 395.92100359351105 2.9667895105652505E-9
 399.4164508363271 2.4791329129354885E-9
 402.9243515419592 2.0706617299790905E-9
 406.44240921106297 1.7287076097478137E-9
 409.97030170581303 1.4425879522580242E-9
 413.50770305483854 1.2033120958421385E-9
 417.05636710243726 1.0033095235270122E-9
 420.6118111758267 8.362087060058631E-10
 424.1778833345567 6.966634768667007E-10
 427.75002327238263 5.801792826359797E-10
 431.33214337195346 4.829824013357008E-10
 434.92177826394726 4.019079496601181E-10
 438.52076881813065 3.343037540919934E-10
 442.12440015648275 2.7794387922744406E-10
 445.73671578738606 2.3096774666606592E-10
 449.3551679570906 1.9181449371723713E-10
 452.9793967186031 1.5917883025075915E-10
 456.61131985937357 1.3196704133987394E-10
 460.2460308684394 1.09264815929008E-10
 463.89005756705825 9.030553692880631E-11
 467.53613742847494 7.444649085081177E-11
 471.18855074194477 6.114842598137748E-11
 474.8446097990892 4.9957582007138815E-11
 478.5063299910494 4.04904927112526E-11
 482.1709847624801 3.242206039103622E-11
 485.8406232871863 2.547369231187344E-11
 489.51492342924183 1.9404999355836112E-11
 493.19356220764325 1.4004963405878646E-11
 496.8737370477095 9.08484452261017E-12
 500.5600633867606 4.471554539530967E-12
 504.2522707251799 7.019494283778568E-18
