 0.0007092928942560855 0.9999353302280873
 0.00213810399196749 1.0001221184585034
 0.00358750562108807 1.0007591897017993
 0.005057816472364438 1.0018659732611657
 0.00654930859887297 1.0034229083265804
 0.008062292918415238 1.005317666128891
 0.009597080348792818 1.0073954562091276
 0.011153981807807281 1.0095145497853857
 0.0127333276456228 1.0115771477543682
 0.014335409347678347 1.0134472747870387
 0.015960576696500695 1.0150639937404196
 0.01760914060989141 1.0164334272933613
 0.019281450870377272 1.0175399889626582
 0.020977818395759847 1.0183662637089275
 0.022698748427466695 1.0190160279544902
 0.02444416323604742 1.019417818546887
 0.026215034439631933 1.0196467857412752
 0.028011167714594266 1.019771720804539
 0.029833146031812353 1.0196734873928062
 0.031681552362164155 1.019480577499987
 0.03355638670564966 1.0191833639411199
 0.035458232033146825 1.0187629079115952
 0.037387476991907614 1.01824514782432
 0.039344315905558015 1.0175965028672656
 0.04132952606860196 1.01686939110416
 0.04334310748103944 1.0160713571854538
 0.04538564311374841 1.0151510859016497
 0.04745752161398084 1.014161048050318
 0.049559325952614676 1.0131313727582638
 0.051691250453275904 1.0120285796725634
 0.05385387808684247 1.0108648609504203
 0.05604740317694036 1.009661124891336
 0.0582726030180735 1.0084047043954654
 0.06052967193386787 1.007098792925121
 0.06281919289520145 1.0057831200761753
 0.06514155454932616 1.0044302179611102
 0.06749733986711999 1.0030236335690765
 0.06988693749583488 1.0016153194418531
 0.0723107360827228 1.0001792764122301
 0.07476931859866172 0.9986651642215288
 0.07726326801452958 0.997126259892118
 0.07979297297757833 0.9955325087882024
 0.08235901645868592 0.9938971092842316
 0.08496178710510434 0.9922316991581898
 0.08760186788771152 0.9905176853334228
 0.09027984177738542 0.9887810657574981
 0.092996097421378 0.9870170912586586
 0.0957514121141932 0.9852265072757971
 0.098545980179457 0.9834233024459947
 0.10138077323529929 0.9814706666052055
 0.1042561799289721 0.9797606791153218
 0.1071727832313533 0.9778872693661086
 0.11013097178969493 0.9760043632774523
 0.11313171722212685 0.9740827552796444
 0.11617521385227506 0.972129421490933
 0.1192624332982695 0.9701507255447064
 0.12239376420736209 0.9681633266239208
 0.12556978955043083 0.9661542890526154
 0.1287912866219796 0.9640926363602785
 0.13205883839288643 0.9619788234048348
 0.13537322215765518 0.9597974754714098
 0.1387348265635378 0.9575599002308701
 0.1421446232286643 0.9552706896449916
 0.14560300080028654 0.9528946973774066
 0.14911073657290852 0.950435077782231
 0.15266860784103417 0.9479008027802509
 0.1562771975755414 0.9452848326957259
 0.15993747739456018 0.9426100856293737
 0.16364983594534244 0.9398512142571922
 0.16741505052239208 0.9370116300502745
 0.17123409274383908 0.9340948618225664
 0.17510754558056135 0.9310612751263742
 0.1790363806506889 0.9279428526518048
 0.18302098660147353 0.9247475569697388
 0.18706252937467124 0.9214378151736834
 0.191161397617534 0.9180080435295414
 0.1953185629481917 0.9144103215353048
 0.19953538563202622 0.9106516345057049
 0.20381244863991554 0.9067396460518873
 0.20814975197185961 0.9026586408343047
 0.2125492388641183 0.8984195763494817
 0.21701090931669162 0.8940230495680335
 0.22153476332957953 0.8894654764282882
 0.2261246873753017 0.8847272069751451
 0.23077873821759834 0.8797926798873171
 0.23550080232898907 0.8746692504825224
 0.24028699323695424 0.8693521048262587
 0.24514314065027337 0.8638172318173751
 0.25006730133268656 0.858081429467994
 0.2550614185204537 0.8521546007005462
 0.2601274354498347 0.8460743126063305
 0.26526535212082936 0.8398627401893519
 0.27047516853343784 0.833525990387766
 0.2757588279239199 0.8270719029767798
 0.28111633029227556 0.8204815954735325
 0.2865515621110245 0.8137407225014032
 0.29206258014390685 0.806835391339384
 0.2976513276271825 0.7997258210876913
 0.3033197477971112 0.7924451502727726
 0.309067840653693 0.7849258663984501
 0.3148975494331877 0.777328218665817
 0.3208088741355954 0.7694516171072778
 0.3268037579971758 0.7613221418100686
 0.33288414425418883 0.7529715107318793
 0.33905003290663444 0.744377552406881
 0.3453033671907725 0.7355046152629965
 0.35164220387034306 0.72634488248213
 0.3580723726541258 0.7169298767777204
 0.36459387354212053 0.7072982558991215
 0.3712067065343274 0.6974986082258158
 0.3779108716307463 0.6874760663343545
 0.38471219854015687 0.6772251791450734
 0.39160680079003934 0.6667626572658031
 0.39859856485291334 0.6560996949354121
 0.40568943396503876 0.6452170622996826
 0.4128794081264156 0.6340750097982394
 0.4201704305733037 0.6227011006192111
 0.42756444454196285 0.6111382763417618
 0.4350614500323931 0.5993965943807515
 0.4426633902808542 0.5874937428858839
 0.4503702652873463 0.5754531173463966
 0.45818790476064875 0.5632661872681086
 0.46611242222824195 0.5509003722888031
 0.47414964739890536 0.5383579504291287
 0.4822976370363791 0.5257130350316611
 0.490560277613183 0.5129839018952305
 0.4989375691293169 0.5001557179531761
 0.5074333980573006 0.48724696463680234
 0.5160458211608742 0.47426052708183203
 0.5247787249125573 0.46118351238050925
 0.5336340525486097 0.44803054369264544
 0.5426118040690316 0.43477661828427483
 0.5517158659463426 0.4214295634667052
 0.5609442949442828 0.40801093865440347
 0.5703029207716317 0.39455656648919996
 0.5797898001921294 0.381100887968657
 0.5894088196782957 0.3676793710652339
 0.5991619224663906 0.35429770941205924
 0.6090510517926734 0.340961822470217
 0.6190742644208846 0.32774996844305
 0.6292393332960636 0.3147116345665179
 0.6395423719456907 0.3018727929340239
 0.6499892100785453 0.2892746510188467
 0.6605798476946273 0.2769111752013942
 0.6713181712664567 0.26475918996123676
 0.6822022375577733 0.25281202986802015
 0.6932378762773569 0.24107797433264883
 0.7044250874252073 0.22961365390679542
 0.7157658142375843 0.2184394829309945
 0.727261999950748 0.20772434268232098
 0.7389175310372178 0.19688046486527763
 0.7507324074969938 0.18648951446032858
 0.7627085725663357 0.17635399602650761
 0.7748499127177635 0.1664529037386912
 0.7871564279512769 0.15680505431785266
 0.7996339479756556 0.1474551541575001
 0.8122785863183796 0.1383988105772651
 0.8250981159244885 0.12962314601848715
 0.8380925367939822 0.12114979252541641
 0.8512637921631206 0.11299224948228999
 0.8646138252681637 0.1051175177367279
 0.8781465225816307 0.09753855912889908
 0.8918618841035221 0.09027093701810972
 0.905765739542617 0.08332235884560721
 0.9198561456626557 0.07667471668779759
 0.9341389321724178 0.07026937366630838
 0.9486140990719033 0.06410656761954851
 0.9632855328336318 0.05825034667325916
 0.9781571199301229 0.05276127448137299
 0.9932269171251167 0.04762735690302955
 1.008500754127393 0.04282807027856163
 1.0239805741732113 0.03832765451175236
 1.0396702637350914 0.03409883732838437
 1.0555698228130335 0.030157461034347362
 1.0716811946432971 0.026500265871742538
 1.088010208934662 0.02312765365081696
 1.1045588089233875 0.020033181238626435
 1.121328937845734 0.017186751162032776
 1.1383225389379612 0.014618289134298672
 1.1555415554363289 0.012335343543990285
 1.1729937602858762 0.01030422902224196
 1.1906752670140839 0.008519040484322863
 1.2085938485659908 0.006965287291962186
 1.2267495049415973 0.005619030893201203
 1.2451480658496825 0.004460130684195987
 1.2637875880539873 0.0034566868634309574
 1.28267584449955 0.002610278305855303
 1.3018128351863714 0.001920785437556446
 1.3212043898232309 0.001365747982892908
 1.3408485651738684 0.0009242245830910134
 1.3607531341833232 0.000555956887536829
 1.3809200400878552 0.0002146159196231905
 1.4013512261237246 -0.00012082142068912073
 1.4220505787634503 -0.00045580619105244893
 1.443020041243293 -0.0007917217831390546
 1.4642635000357718 -0.001114349833583228
 1.4857848416134065 -0.0014083805820582513
 1.5075860092124571 -0.0016538804981440695
 1.529670889305443 -0.0012770173222627372
 1.552043368364884 -0.0008868028872802493
 1.57470538962704 -0.0013761338222880602
 1.5976608395644303 -0.0015835706580516835
 1.6209136046495751 -0.0016429818936977546
 1.6444656281187335 -0.001622406072063555
 1.6683207964444262 -0.001585958403017885
 1.6924829960991719 -0.001455881925103528
 1.716956113555491 -0.0012943421152513451
 1.7417420920496427 -0.0011101701602465154
 1.7668467612904069 -0.0009334171882406266
 1.7922701212777834 -0.0007908037502090494
 1.818018001720552 -0.0006821878937059676
 1.8440942890912317 -0.0005917126432868393
 1.870500926626083 -0.0005085993671908153
 1.8972418007976255 -0.00043490906003636773
 1.9243207980783787 -0.00037208624255939893
 1.9517476346496414 -0.000311798644151467
 1.9795164808026346 -0.00023738722693406964
 2.0076156771197993 -0.00013482254485418758
 2.036084088326332 -6.151889583595102E-7
 2.0649217144222325 0.00015403029027177232
 2.094109123044903 0.00030624913756370124
 2.123646314194343 0.0004435118946677928
 2.1535721525957494 0.000562617505236765
 2.183847773523925 0.0006747443607981214
 2.214512041704068 0.0007965266703324455
 2.245564957136176 0.0009343098302185777
 2.2769870874576528 0.0010911166134502603
 2.308797865031096 0.0012582353684058637
 2.3409972898565052 0.0013940206914809874
 2.373585361933881 0.0014482784821228643
 2.4065815136258206 0.0014151810955440772
 2.4399663125697275 0.0013473218830030653
 2.4737591911281984 0.0013079236487298735
 2.507979581663833 0.0013335525235791286
 2.5425886194514327 0.0013478898871694255
 2.5776251692161964 0.0013351503136610754
 2.613089230958123 0.001227308996600729
 2.648980804677212 0.0009870837672122075
 2.6852804580108662 0.0006552488617830732
 2.7220270556842814 0.00031020080941086814
 2.7592205976974578 0.000005767732792582205
 2.7968416516877967 -0.0002157854975218499
 2.834890217655299 -0.0004114471405278355
 2.873405160325161 -0.0006973055787302493
 2.912386479697383 -0.001076108765392607
 2.951795311046767 -0.0013861470238190968
 2.9916899514611095 -0.0014347449175870696
 3.032031536215213 -0.0014252773302127794
 3.072839497671676 -0.0014102200955927431
 3.1141332681930973 -0.00137266935837383
 3.1558934154168776 -0.0014230612579528633
 3.198119939343018 -0.001505878761339402
 3.2408517046967145 -0.0014725883244085744
 3.2840498467527706 -0.0014435424130411576
 3.327753230236383 -0.0013684873319822284
 3.371942422784953 -0.0013435417517522153
 3.4166368567610794 -0.0013794066340437007
 3.4618365321647615 -0.0013669817350927644
 3.507541448996 -0.0012987093023146305
 3.5537321748921973 -0.0012380533098790294
 3.6004670069411464 -0.001120438254128756
 3.647707080417652 -0.0009492727632138745
 3.6954523953217144 -0.0006421222811717808
 3.7437418163785288 -0.00015336143066907326
 3.7925559112254983 0.0006195222101083265
 3.8418946798626217 0.0014824040872455644
 3.891777554652499 0.002249766119454621
 3.9421851032325295 0.002769619371338271
 3.993136757965314 0.002830808335683603
 4.0446519512134484 0.0024641861553049878
 4.096691818251739 0.0019648613716644657
 4.149295223805379 0.001593189394082406
 4.202442735511773 0.0014379624775123126
 4.256153785733518 0.0013891384555676822
 4.310447806833212 0.0012634748330205444
 4.36528593408566 0.0010221616359918505
 4.420687599853458 0.0008052657131324474
 4.476672236499206 0.0006398119659726381
 4.533220411660304 0.0005154826801349658
 4.590332125336754 0.00029731507191524766
 4.648046242253752 -0.000058812962488308325
 4.7063433300487 -0.00012666808136341056
 4.765203956358999 -0.0001740162492347615
 4.824666985909845 -0.00018102215155103464
 4.8847129863386405 -0.00021944993779330512
 4.945361390007984 -0.00018666249978418215
 5.006592764555277 -0.00014689236961736206
 5.068445974705716 -0.000032313726258161425
 5.130862723371507 -0.0000031987749849916567
 5.193901307640443 -0.00002690112506063509
 5.2575422951499275 -0.000022857442009208875
 5.321785685899959 -0.000021025342836867845
 5.386650912253137 0.0000105288324750051
 5.452099109484265 0.000030014081265980298
 5.518188574681138 0.0000358848158238537
 5.584861010755958 0.0000364231349132145
 5.652174714796525 0.00003540981624929251
 5.720090822077638 0.000033928699708883124
 5.7886287649618975 0.000032260382812749964
 5.857769111086705 0.00003097094353972478
 5.927550725177258 0.000030089215239505716
 5.997934742508358 0.00002912105197042339
 6.068960027805201 0.000028317963152898904
 6.140587716342593 0.000027647099632183866
 6.21285667284573 0.000027472910583178603
 6.2857280325894145 0.00002698941139624639
 6.359240660298843 0.00002656099591838569
 6.433375123611418 0.000026575629326400558
 6.508131422527138 0.000026241893762759838
 6.583509557046005 0.00002593650528996321
 6.659528959530617 0.00002603214944972926
 6.736150765255776 0.000025774937759374386
 6.813413838946679 0.000025527529985092686
 6.891279315878132 0.000025298846012930952
 6.969786060775327 0.000025071808567400373
 7.048914641275668 0.000025578484855452745
 7.128665057379156 0.000025373466092390628
 7.209017876723192 0.00002516605502932196
 7.290011964032972 0.00002496929231570675
 7.3716084545833 0.000025122511786535617
 7.453826780736774 0.000026658810164707766
 7.536666942493395 0.000024068011473909124
 7.620128939853161 0.000023867734812909566
 7.704173908090877 0.00002709451077856693
 7.788840711931739 0.00002354536901912215
 7.874129351375747 0.00002335519595585191
 7.9600009616977045 0.000026517584558333915
 8.046494407622808 0.000026333023597736287
 8.133570824425862 0.00002289655952274774
 8.221249644469461 0.00002271925892335602
 8.309511435391013 0.00002580353868485075
 8.39837562955311 0.000025631848751587552
 8.487822794593159 0.00002546523080405307
 8.577852930511154 0.000025300789839639095
 8.668466037307102 0.00002514115386785477
 8.7596426826184 0.000024983545885707244
 8.851402298807647 0.00002482789869886284
 8.943725453512245 0.00002467678457409384
 9.036612146732194 0.00002452750509754217
 9.130062378467494 0.00002438003279555234
 9.224076148718147 0.000024239306739586482
 9.318614592758953 0.00002710390645330765
 9.41371657531511 0.000026966754721259642
 9.509343231661424 0.000023831567131461713
 9.60549456179789 0.000023699481510387062
 9.702189998087109 0.000026507295362567306
 9.799410108166484 0.000026382578032154194
 9.897135459673413 0.00002623142688799157
 9.9953660526079 0.000026108839709124372
 10.09412131933254 0.000025961126672276253
 10.193362395122138 0.000025849020055186857
 10.293089279976696 0.000025708860647232862
 10.39330197389621 0.000028437944345079923
 10.493981044518083 0.000028303788143155506
 10.595145924204918 0.00002536247157988546
 10.696757748231509 0.0000252365497543337
 10.798835948960463 0.000027922039580684326
 10.901361094029175 0.0000278005838342026
 11.004333183437652 0.000027685379961473092
 11.107713352460692 0.000030322640980475537
 11.211540465823493 0.000030209213290495896
 11.315775658800858 0.000027353080851208694
 11.420399499030191 0.000027246612880018657
 11.525450851236686 0.000029852703065171868
 11.63087141833255 0.000029755684436927722
 11.736680632680377 0.000029639496302627798
 11.842859061917576 0.000032226990593946666
 11.949406706044142 0.000029449091083421654
 12.056284700334878 0.000029344240843168768
 12.163531909514983 0.000031912130494683665
 12.27110946885926 0.00003181714832936445
 12.378997946005109 0.00003436262765961253
 12.48721677331513 0.00003426827961154191
 12.595746518426722 0.000031544027645751324
 12.704548316614693 0.0000340809836067045
 12.813641600241638 0.000036608234873922814
 12.923026369307557 0.00003651728393613734
 13.032663759087256 0.000036433238612000745
 13.142553769580731 0.00003634957821511048
 13.252696400787986 0.00003627268620492231
 13.36305278798382 0.000036199309524411646
 13.473642363530836 0.00003870455944410943
 13.584445695066432 0.00004120754207096423
 13.69546278259061 0.000041135466293629975
 13.806654761378173 0.00004107081634665068
 13.918021631429122 0.000043570993647845216
 14.029543960380856 0.0000460678974002051
 14.141241180595975 0.000046003812005203514
 14.253074427349281 0.00004594788807966758
 14.365043700640777 0.00004844050274845725
 14.477149000470462 0.00005093821104392208
 14.589351462113136 0.00005343751280355999
 14.701651085568804 0.00005593994911108452
 14.814028438474864 0.00005589643779315764
 14.926502953193916 0.00005839607029094512
 15.039035765000762 0.00006344668304195277
 15.151607441532807 0.00006595681846754403
 15.264237415152644 0.0000710050619372512
