 0.0020973458713674435 1.843541757112673
 0.0063222733745422555 1.8413453018555177
 0.010608086114817306 1.841052573956087
 0.014955726445805699 1.842657044369232
 0.019365998815713735 1.846007789703912
 0.023839822593920063 1.850888046852104
 0.028378117149803306 1.8570496551092197
 0.03298180185274212 1.8642349179629931
 0.037651853532701285 1.8722076159318162
 0.04238913409847328 1.8807731756166555
 0.04719467784060909 1.889768855311202
 0.05206940412848732 1.899053858446381
 0.05701434725265897 1.9084995168398091
 0.06203042658250265 1.9179891521297632
 0.06711913609325866 1.9274202173237076
 0.07228024594258234 1.9367228176655242
 0.07751662915978191 1.9458518496653425
 0.08282771113899576 1.9547700229850578
 0.08821521569780881 1.9634104220762234
 0.093680866653806 1.971684037954379
 0.09922466400698735 1.9795077896711317
 0.10484833157493778 1.986834117380263
 0.1105530185693806 1.9936707959105062
 0.11633929959617748 2.000066237281991
 0.12220947307877496 2.006086137372279
 0.1281635390171731 2.011811061368565
 0.13420322122895678 2.0173363528325456
 0.14032966892584933 2.022790102069369
 0.14654460592543572 2.028310256551568
 0.15284860683357757 2.034019785991653
 0.15924339546785982 2.039997705680553
 0.16572954643414414 2.046246127703372
 0.17230935815587708 2.0527002789420608
 0.17898340523892034 2.0592695053522467
 0.18575341150085883 2.0658642726626844
 0.19262052615341585 2.072389567257857
 0.19958647301417637 2.0787427745391875
 0.20665240129486365 2.0848224999992384
 0.21381946020720102 2.090585248921037
 0.22108937356877342 2.0961011879181313
 0.22846386519716577 2.1015439680275727
 0.23594408430410135 2.107120095110854
 0.24353175470716518 2.1129733500468797
 0.2512280256180805 2.1191273012718272
 0.25903462085443224 2.1254804878077684
 0.2669532642338054 2.131810455675622
 0.2749851049679232 2.1377990867352756
 0.2831324414802323 2.14307416511972
 0.2913958483765944 2.147266604080017
 0.29977819868631755 2.150032237156524
 0.30828064162112523 2.151094178716168
 0.3169049009986023 2.1503912320753544
 0.32565212603047206 2.1481576924468904
 0.3345251897460428 2.1448722323218132
 0.3435246667511761 2.1411401987645107
 0.35265343007518024 2.1375405468392312
 0.3619126289297785 2.13433504628225
 0.37130398713255586 2.1313176084939864
 0.38082980310695885 2.128096295615886
 0.39049180067057254 2.124476692534017
 0.4002922782468434 2.120491223945951
 0.41023238504749465 2.1162435833212268
 0.42031499410183476 2.1117840984874867
 0.4305412546215869 2.106961849124328
 0.44091346503019757 2.1014374675810448
 0.4514339237511135 2.094963406153471
 0.4621043546019197 2.0875899046498234
 0.4729276306119242 2.0796324757185487
 0.4839049009928505 2.071423990676897
 0.495038464168145 2.0631164318929476
 0.5063311931671161 2.0546485767214846
 0.5177848118073486 2.045705874120765
 0.529402193118151 2.035779555894937
 0.5411844863112463 2.0244671320480196
 0.5531351390218044 2.011708892361026
 0.5652553004615488 1.9976097546799783
 0.5775478436597877 1.9821318880306904
 0.5900167908575525 1.9652450410472317
 0.6026638658724284 1.9473465210489298
 0.615489068704415 1.9291185949875116
 0.6284981454121291 1.91075981369402
 0.6416910959955706 1.891711113963821
 0.6550679204547395 1.8715292683235987
 0.6686401109068687 1.8503919608916617
 0.6824019212933419 1.8287131923809894
 0.696364843731392 1.8066984857331323
 0.7105173861037859 1.7842534912802113
 0.7248767865863731 1.7612217218525827
 0.7394372991205372 1.737700759515265
 0.7542046697648946 1.7138010587080752
 0.7691846445780619 1.689149649764714
 0.784377223560039 1.6628645760521996
 0.7997824067108259 1.6341907948789505
 0.8154059400890391 1.6029003956862573
 0.8312478236946785 1.5688892259103722
 0.8473195496449772 1.5325633235905491
 0.8636153718813188 1.4945211269633787
 0.8801410364623196 1.455004738249058
 0.896902289446596 1.41424909543666
 0.9138991308341483 1.3729923501915744
 0.9311373066835926 1.3329606516966015
 0.9486168169949294 1.295276594200438
 0.9663434078267749 1.258362612268411
 0.9843228252377455 1.2216754764095814
 1.0025550692278413 1.1866189235952656
 1.0210458858556788 1.1529574410041825
 1.0397895290626413 1.119679173873989
 1.0588032370245786 1.086689034163692
 1.0780870097414905 1.054395353916995
 1.097640847213377 1.0231319924451772
 1.117464749440238 0.9930560648564347
 1.1375759545979234 0.9642644756716425
 1.1579629705691998 0.9366708565318971
 1.1786372894713 0.9099791698186712
 1.199604657362841 0.8838267643625246
 1.2208650742438225 0.8578360210285572
 1.2424242861728612 0.8317003318227058
 1.2642880392085731 0.8052910216371936
 1.2864563333509587 0.7785344873544041
 1.3089349146586344 0.7513735765714856
 1.3317237831316 0.7240731915048348
 1.354840176945705 0.6972271008201106
 1.3782726039837165 0.6713914194218629
 1.402038302421484 0.646871576408595
 1.4261315262003909 0.6237583155389499
 1.4505637674376701 0.6020436957380929
 1.4753350261333218 0.581666061405681
 1.5004567944045788 0.5624767836927044
 1.525923326192825 0.544169394637501
 1.5517461136152928 0.5264247309310071
 1.5779309027305988 0.5090746666733224
 1.6044776935387435 0.4922119764819776
 1.6313979781569592 0.47622428131039896
 1.65868601052663 0.46145901662662536
 1.6863590288236046 0.4479544723677012
 1.7144112869892674 0.4355731158971862
 1.7428542771408506 0.4241818118802731
 1.7716937453369714 0.4136845961376524
 1.8009354376362454 0.4039736687425632
 1.8305736079800572 0.3949162194893753
 1.8606312406028718 0.38637026708753963
 1.8910968433874569 0.37822437662243946
 1.9219876545096612 0.37040629995166174
 1.9533036739694851 0.3628755506598302
 1.9850563938841619 0.3556092820111607
 2.0172400681950746 0.34857948346977313
 2.049871935078073 0.3417446157882297
 2.082951994533157 0.33502936475840284
 2.116485992618943 0.3283562253694393
 2.1504796753940476 0.3216866443065348
 2.1849445349757035 0.3150295469686791
 2.219880571363911 0.3084301720365701
 2.2552935306172865 0.3019438928990438
 2.291194904853063 0.2956116860303318
 2.3275846940712404 0.2894558142750706
 2.364480136447668 0.2834851871694695
 2.4018697398651128 0.2777079700470245
 2.4397764885580413 0.2721398377397025
 2.478200382526453 0.2668130555597496
 2.5171471678289645 0.261777432477533
 2.5566225905241926 0.2570865045685133
 2.5966381427293697 0.25277663061012934
 2.6371938244444957 0.24885586219963832
 2.678306873845421 0.24528997672510666
 2.719971544873528 0.24199652912333905
 2.7622050757046672 0.23887208269325433
 2.8050074663388376 0.23586874968085342
 2.8483902088932735 0.2330664806657529
 2.892364795485206 0.23067090440870255
 2.93692548005602 0.2289139916088899
 2.9820895007815644 0.22792557571730446
 3.027862603720456 0.22770864365357785
 3.074256280989928 0.22818053764305468
 3.121270532589979 0.22915410106600667
 3.168911104579227 0.23035069587423673
 3.2171952351335213 0.23144995145667518
 3.2661286703114776 0.23208394142593405
 3.3157171561717127 0.23187996105223613
 3.3659664387728436 0.23072614295141972
 3.416882264173486 0.2290946954161086
 3.468487616608106 0.22780069459218455
 3.5207710039594717 0.22717304758683474
 3.5737554104620473 0.2267506295806644
 3.6274408361158335 0.2260143990741339
 3.68184451909668 0.2251565118634127
 3.736960713345971 0.22490726073627584
 3.7928124030981714 0.22572684291428002
 3.8493995883532808 0.22749170550579945
 3.90673950728715 0.22986199594354415
 3.9648264138411613 0.23255068888175245
 4.023683292249782 0.23535677036085517
 4.083315888571626 0.23819556916110318
 4.143729948865313 0.24079008863078707
 4.204936965248073 0.2422966351113437
 4.266942683778525 0.24188684386727474
 4.3297585965739005 0.2394301551890147
 4.393396195751433 0.23532047666275804
 4.457861227369739 0.22997900525483783
 4.523165183546051 0.22398070294965247
 4.589319556397602 0.21836118247400566
 4.65633009198301 0.2143719853294625
 4.7242082824195055 0.21297590328486032
 4.792965619824323 0.21465219746304295
 4.862607850256079 0.21988305736666316
 4.933146465832006 0.22849279312633353
 5.0045929586693365 0.23804729556102094
 5.076958820885305 0.2454489485587542
 5.150249798538526 0.2505985464965483
 5.224483129804851 0.2544520826907155
 5.299658814684277 0.25672185364649447
 5.375794091352658 0.25747441143371314
 5.452900451927222 0.256669718367032
 5.530983642466589 0.2533824973174211
 5.610055155087991 0.24753655399593213
 5.690126481908662 0.2405376687519732
 5.771226353221681 0.23295376718060465
 5.853337530851201 0.224394086966727
 5.936425538445524 0.21594778491362826
 6.020605297176977 0.20945338527781787
 6.105876807045562 0.20648469802291328
 6.1921826074651145 0.20725592682461288
 6.279522698435634 0.2096059785236532
 6.368012001129449 0.212853838863914
 6.45753559437423 0.2205987553580384
 6.548208399342308 0.23430333521258725
 6.640030416033682 0.24776377836636354
 6.732944183862188 0.25375626703576454
 6.82700716341399 0.25117857286569506
 6.922219354689089 0.2446661247035989
 7.0185807576874835 0.2375405886481149
 7.116148832995338 0.23236834824506425
 7.214866120026491 0.2322674885891781
 7.3147900793671035 0.23713895068378152
 7.415978171603343 0.24448086323222548
 7.518315475562877 0.2481971767226657
 7.621916912418039 0.2464588252250297
 7.726782482168827 0.24492100339495018
 7.83291218481524 0.24672333009564149
 7.940248559771114 0.25104069687253844
 8.04890652820878 0.25625813626419186
 8.158886090128235 0.262274931354668
 8.270129784943316 0.26755942262850707
 8.382637612654024 0.26626417275180175
 8.496524494432688 0.2600113003249203
 8.611790430279306 0.2541877138336049
 8.728320499021551 0.25337420509102765
 8.846287082417916 0.2540077786509122
 8.965575259296072 0.250042384345987
 9.086242490242183 0.2433274795552171
 9.208346235842415 0.23461698113593227
 9.331829035510601 0.22458757973120547
 9.456690889246744 0.2183252016076239
 9.583046718223173 0.2164199969177473
 9.710781601267557 0.2204997622137634
 9.840010459552225 0.22235912873068672
 9.970675832491015 0.21298383826765813
 10.10283518067009 0.20202188160816606
 10.236488504089447 0.19692176644518047
 10.371635802749092 0.19408338424881677
 10.508219616062858 0.1910554225324732
 10.646412325789237 0.18782433574085206
 10.786099010755901 0.18265139093295477
 10.927279670962854 0.17043027781824022
 11.070069227582417 0.15598526533881163
 11.214410220028434 0.14961766665756107
 11.360302648300898 0.15021117709789403
 11.507803972985979 0.15532355496860953
 11.656856733497508 0.16103942918347341
 11.807518390421652 0.1599788515876959
 11.959846404344576 0.1531516870393243
 12.113725854093952 0.14446683213564387
 12.269271660842104 0.1333930031666429
 12.426426364002875 0.12619219952625357
 12.585247424162421 0.1225419709617296
 12.745792301906915 0.11853364437723092
 12.907946076064023 0.11156660764918593
 13.07176620721991 0.10462851522916763
 13.237310155960742 0.09500713033683791
 13.404520461700352 0.07711879703396958
 13.573397124438744 0.05806136568050261
 13.744055065348244 0.044548009785554475
 13.91643682384269 0.03604051077662828
 14.090484939335914 0.02970852989502897
 14.266314333000247 0.024439117016739554
 14.443867544249525 0.020203069898785536
 14.623202033669914 0.01686982315372509
 14.804260340675244 0.014223388659149972
 14.987157386437849 0.012089422175839585
 15.171720789199238 0.010342280519046735
 15.358122930717895 0.008892771001723162
 15.546306350407665 0.0076768322150837275
 15.736271048268543 0.0066476584039733624
 15.928074484886695 0.0057702872300912905
 16.12160173908979 0.0050180093909608665
 16.31702519263633 0.004370011047349285
 16.514172463767807 0.0038097741089868223
 16.713215934242726 0.003323973487921831
 16.914040682888754 0.002901749516493416
 17.116704170292056 0.0025340791310338915
 17.321148935866468 0.0022134536432615822
 17.527489900784317 0.001933534009569497
 17.73561214387328 0.0016889441294715237
 17.945630586305676 0.0014750950162362127
 18.157430306909184 0.0012880380144569621
 18.37112622685613 0.0011243809323858908
 18.586603424974186 0.0009811688449401805
 18.80397682243568 0.000855855151067437
 19.02318895865445 0.0007462106348563786
 19.24423983363049 0.000650294156518877
 19.46712944736381 0.0005664095566200718
 19.691915260440567 0.0004930723741244043
 19.918482351688432 0.00042897977022733906
 20.146945642279736 0.0003729917558544702
 20.37719021104215 0.0003241069437516382
 20.609330979148 0.0002814477394315795
 20.843310486011127 0.0002442404864720278
 21.079128731631528 0.0002118081679361811
 21.316728255423037 0.00018355515496107388
 21.556223978557984 0.0001589586142901614
 21.797500979864044 0.00013755980168925954
 22.040616719927375 0.00011895522448985099
 22.28557119874798 0.00010279154441868205
 22.532364416325862 0.00008875861816519088
 22.78088145148869 0.00007658413405026134
 23.031237225408788 0.00006602991730156462
 23.283431738086158 0.000056887099574233644
 23.537350068348474 0.00004897308458180644
 23.793107137368064 0.000042127745892090787
 24.0505880239726 0.000036211575407930365
 24.309850188748246 0.00003110241683797611
 24.570836171108837 0.000026693474315931024
 24.833603431640533 0.00002289195784100952
 25.09809450975718 0.000019616742106005377
 25.364309405458766 0.000016797186362648727
 25.632248118745295 0.000014371874431784282
 25.90185318903061 0.000012287325561855953
 26.173182076900865 0.0000104971081754922
 26.446177321769902 0.000008960899134263243
 26.720838923637718 0.000007643709742055288
 26.99716688250431 0.000006515221644085501
 27.275161198369684 0.000005549170340382208
 27.55470695006151 0.000004722842373794535
 27.835919058752115 0.000004016582374388644
 28.118682603269168 0.000003413420809358378
 28.402997583612674 0.0000028987225831210712
 28.688921460368793 0.000002459850449480639
 28.976396772951365 0.000002085926398930827
 29.265366060774213 0.0000017675873781274664
 29.555829323837354 0.0000014967779495615436
 29.847844022726946 0.0000012665753502161207
 30.141295236270654 0.0000010710414394938097
 30.436182964468486 9.050785891715281E-7
 30.732507207320435 7.643195826588032E-7
 31.03021050424034 6.45024612640913E-7
 31.32935031581437 5.439939399327558E-7
 31.629811720870183 4.5849293637542436E-7
 31.93165217999396 3.861858048771273E-7
 32.23481423259952 3.250792913927608E-7
 32.539297878686874 2.734750714336355E-7
 32.844988197083694 2.299239845237776E-7
 33.1520001089623 1.9319459065470652E-7
 33.46021869315036 1.6223868515975745E-7
 33.76958648906173 1.3616580459248502E-7
 34.080218417868714 1.1421990689316561E-7
 34.39194209781284 9.575908901922161E-8
 34.704814989480255 8.023931291687958E-8
 35.018779632284804 6.720027400578798E-8
 35.333836026226486 5.62518196284539E-8
 35.649869250132966 4.7064114742438997E-8
 35.96699422517658 3.935838984131491E-8
 36.285096030184995 3.2899131347530254E-8
 36.60411720457205 2.748766083164344E-8
 36.9241152089239 2.2956433713670475E-8
 37.24503258265439 1.9164239180557995E-8
 37.566754404591194 1.5992145392298983E-8
 37.889338135320465 1.3340053603179224E-8
 38.21278377484221 1.1123819430906252E-8
 38.53697640198409 9.272644259567755E-9
 38.86191601674612 7.727168904573216E-9
 39.18760261912829 6.437501547716868E-9
 39.513921287958276 5.361813226296297E-9
 39.84092948382224 4.465032060974101E-9
 40.16856974613401 3.7177868356766866E-9
 40.49684207489359 3.0954918400717004E-9
 40.82563154892867 2.577582691799671E-9
 41.15493816823923 2.1468560260688486E-9
 41.4847044722391 1.7889652013457397E-9
 41.81498792151445 1.4919364088554596E-9
 42.14567359489296 1.2457953602551548E-9
 42.47676149237463 1.042248018482714E-9
 42.80825161395945 8.744154892043424E-10
 43.140029038475085 7.366093090215702E-10
 43.47209376592155 6.241470255250461E-10
 43.80438833571267 5.331991662518432E-10
 44.13697020843462 4.6066946650484783E-10
 44.46972446291507 4.0408558799619824E-10
 44.80259363856784 3.615300142259726E-10
 45.135635195979106 3.3156771792474E-10
