 0. 0.
 0.0013596440215261072 0.05672822655527031
 0.004098532966594372 0.15663864773396524
 0.0068768919150381715 0.2450100977566891
 0.009695331765361997 0.3226303284565947
 0.012554374016289196 0.3903095968768291
 0.015454614666360734 0.4489908459491348
 0.01839664971411758 0.49975032181024603
 0.021381075158100695 0.543715347008747
 0.024408524246759863 0.5819653258140072
 0.02747955572872724 0.6154628077546305
 0.030594840102361413 0.6450141247755663
 0.03375497336620334 0.6712785377384669
 0.03696062601861162 0.6947877418350407
 0.040212394058127224 0.7159797422063657
 0.04351124598237921 0.7352197476173213
 0.046857032791732346 0.7528111821098591
 0.05025161698162714 0.7690046007454056
 0.05369462605297551 0.7839942595186434
 0.057187177503041746 0.7979222139473346
 0.060730388829090175 0.8108866056613342
 0.0643242600311208 0.8229569573752264
 0.06796990860639791 0.8341887802711713
 0.07166807955309774 0.8446311052270398
 0.0754191453703084 0.8543346251558145
 0.07922459605438228 0.8633506980116494
 0.08308443160531939 0.8717312858009629
 0.08699976952038405 0.8795244744321874
 0.09097135479775247 0.8867684436735138
 0.09500030493468894 0.8935025385881604
 0.0990869924302816 0.8997519707611857
 0.10323253478179474 0.9055609621204929
 0.10743730448831648 0.910980418741175
 0.1117027915461992 0.9160806205253663
 0.11602936845453105 0.9209509142177242
 0.12041815271057632 0.9256492782669117
 0.12486988931251122 0.9302115992186469
 0.12938569575760006 0.9346357289205176
 0.13396631704401907 0.9389071347288189
 0.13861249816994442 0.9430032703130442
 0.14332535663264048 0.9469018899519305
 0.1481060099293715 0.9505647145684039
 0.15295520305831373 0.9539579520716682
 0.15787405351673145 0.9570440362004374
 0.1628633063028009 0.9598299614092693
 0.16792407891378638 0.962358546634024
 0.17305748884695224 0.9646799540923984
 0.17826428110047463 0.9668397044826748
 0.18354594567070598 0.9688748262562596
 0.18890285505673443 0.9708060340695319
 0.19433687175400044 0.972618032214752
 0.1998487407606803 0.9742955985174873
 0.20543957957403824 0.9758394262836333
 0.21111013319225055 0.9772818275872917
 0.21686226411075768 0.9786311594545756
 0.22269634482864775 0.9798720094919146
 0.2286142378413613 0.9809811209262939
 0.23461668814707454 0.9819589401495677
 0.2407048132430518 0.9828412955444694
 0.24688010312564546 0.9836913886831603
 0.25314367529211984 0.9845564697792988
 0.2594970197388274 0.9854011561835612
 0.26594088146394423 0.9860920818157886
 0.27247712296291104 0.9865432775192776
 0.27910648923390385 0.9867433069695474
 0.2858304702732752 0.9867158543478728
 0.29265055607737744 0.9864687463735177
 0.29956786414347497 0.9860175165650238
 0.3065842569670082 0.9853147564136102
 0.3137004795461534 0.9842812991756047
 0.320918021877263 0.9828924793510089
 0.32823874645577744 0.9812138356089988
 0.33566377077896115 0.9793624237898596
 0.34319495734225464 0.9773649780995811
 0.350833051143834 0.9751531414257055
 0.35858028717822793 0.972618032214752
 0.36643741044361267 0.9696014754910857
 0.3744062834354287 0.9659507446618466
 0.3824895136472927 0.9616183759276125
 0.3906882185764692 0.9566881464828944
 0.3990023982229579 0.9513297567160405
 0.40743577757764005 0.9457159874413713
 0.4159883566405156 0.9399657780125721
 0.4246601354115845 0.9340434650834624
 0.4334585638726088 0.9278706860682377
 0.4423799170327076 0.9213626100438982
 0.45143164487364296 0.9144655309692455
 0.4606062974136527 0.9071705762956719
 0.46991504962538005 0.899463763119964
 0.4793541765179439 0.8913213835559158
 0.48892740308222526 0.8827094650901225
 0.4986384543091053 0.8737199829344995
 0.5084873301985839 0.8645412608475643
 0.5184740307506611 0.8552653954721923
 0.528602280956218 0.8458887335697081
 0.5388720808152545 0.8363819755766959
 0.5492908803095327 0.8267462504192815
 0.5598549544481716 0.8169765211844424
 0.5705680282220523 0.8070506598453132
 0.5814338266220557 0.7969453522588668
 0.5924523496481819 0.7866433524597222
 0.6036273222913119 0.7761363295524282
 0.6149587445514458 0.7654921785744836
 0.6264503414194645 0.7547968743764885
 0.6381058378862492 0.7441225809579389
 0.6499252339517997 0.7335029258570267
 0.6619122546069972 0.7228814336498872
 0.6740631748609606 0.7120835987300864
 0.686389169686333 0.7009472612655558
 0.6988902390831144 0.689340947193391
 0.711566383051305 0.6771827800907713
 0.7244176015909045 0.664522251694895
 0.7374550696745562 0.651391260728921
 0.7506713373204981 0.6377055297741078
 0.7640738545104919 0.6235042498425195
 0.7776663462354191 0.6089038869917172
 0.7914488124952794 0.5940496139712376
 0.8054249782809542 0.5790929822024536
 0.819598568583324 0.5642083208437476
 0.8339695834023892 0.5496050015750894
 0.8485417477290309 0.5354339892556733
 0.8633150615632488 0.5217668542849524
 0.8783006998776862 0.5085125802093295
 0.893491212690581 0.49542707430518523
 0.9088977749745762 0.48224569891031416
 0.9245166617387909 0.46864504598120704
 0.9403553229649873 0.45445807319586184
 0.956413758653165 0.4396359439290932
 0.9726994187850865 0.42426168331185243
 0.9892085783698706 0.4086679781931061
 1.0059486873892793 0.3931654564430327
 1.0229234708341939 0.37778890406870314
 1.0401329287046142 0.3625724938182511
 1.0575845109823023 0.34772761410417913
 1.075274492676377 0.3334246362196762
 1.093214048759482 0.3197653380219621
 1.1113994542407355 0.3067801978885149
 1.1298381591019 0.2944374971347549
 1.1485338883338567 0.2827365135502324
 1.167490366927486 0.27166985551860695
 1.186703869891908 0.2612901355550331
 1.2061892971906456 0.2518431358564891
 1.2259391988419375 0.24355618451973501
 1.2459647498184263 0.23643276136268715
 1.2662659501201126 0.23027659300470738
 1.286850249728758 0.22490840043037713
 1.3077139236534818 0.22031605173709162
 1.3288681468669272 0.21648492792139754
 1.3503129193690937 0.21339237795064506
 1.3720519661508623 0.21107288516273964
 1.394089012203115 0.2095327305540764
 1.416431507507613 0.20863527010918628
 1.4390794520643564 0.20823685041774118
 1.4620365708642264 0.20824577028276092
 1.4853103138889854 0.20859000817154344
 1.508900681138633 0.20920965177172737
 1.5328188475858124 0.21007481908786077
 1.5570573632487612 0.21114290850188608
 1.5816311280910043 0.21230717162433177
 1.6065401421125411 0.21337351726128423
 1.6317881303042527 0.2140577825333545
 1.6573788176570206 0.21407423297703032
 1.6833196541526065 0.21326576173884557
 1.7096106397910105 0.21169330439198045
 1.7362629495448756 0.20963520577358044
 1.7632728584233208 0.2074796849445677
 1.7906515413989894 0.2054744962451358
 1.8183989984718814 0.20361590884400455
 1.8465226796237588 0.2018698273762417
 1.8750300348363833 0.20033135730801865
 1.9039173391188744 0.19911806569996296
 1.9331957674438751 0.198222843863546
 1.9628690448022665 0.19751800827175955
 1.9929446211758104 0.19690539817865885
 2.023422496564507 0.1964987531504483
 2.0543063959592374 0.19664226676307164
 2.0856074943326446 0.19754210487663043
 2.1173295166756096 0.1987879887302103
 2.1494761879790136 0.19977793948220937
 2.1820512332337376 0.20046401974231312
 2.215058377430663 0.20110908703252164
 2.248512520533313 0.20170566905443846
 2.282406212559927 0.2020263821113751
 2.3167543534740274 0.20196852656762665
 2.3515569432756154 0.20154809719734634
 2.3868251569373333 0.20084703145349161
 2.4225552694683015 0.20011875979060403
 2.458762180832043 0.19959616334633745
 2.4954458910285573 0.19923017117995429
 2.5326175750304896 0.19860394259919734
 2.5702735078469563 0.1971989899307928
 2.6084285894414836 0.19481264347808208
 2.647086544804951 0.19156623485425583
 2.686251098928241 0.18784385815374147
 2.7259297017931146 0.18447044756428643
 2.766126078390453 0.18256909284985381
 2.806847678702019 0.18240984041976863
 2.848101952709574 0.1829963309530869
 2.889892625404 0.1837162271269993
 2.9322271467670573 0.1847389759994981
 2.975112966780509 0.1859555618467392
 3.018553810435237 0.18715224762087446
 3.0625571277130015 0.18867245434009916
 3.1071303685955667 0.19073783381770357
 3.1522772580738114 0.19315529214276542
 3.1980052461295 0.1957082391944941
 3.2443217827443926 0.1982062492426506
 3.291234317900253 0.20077071885962897
 3.3387465765879605 0.20315965319607393
 3.3868697337801597 0.20586867540866324
 3.4356037894768496 0.20993606417759514
 3.484959918650674 0.2145307256456497
 3.5349455712833944 0.21688996355532308
 3.5855644723658924 0.21636047922417986
 3.63682407187993 0.214626667688654
 3.6887318198072694 0.213239268038056
 3.7413063411023146 0.2125479982365882
 3.794536460792424 0.21283910318917273
 3.848399828932311 0.21377521602852154
 3.9029709453395958 0.21398798966917315
 3.958249810014279 0.21299522602193172
 4.01419917304755 0.21130687754772223
 4.07081903443941 0.20908161308006376
 4.128183894007477 0.2059177303127356
 4.186219251934132 0.2013513913957313
 4.244999608036996 0.19559807200471094
 4.304524962316068 0.19033041405247525
 4.3647580648625395 0.18861665763415064
 4.425736165585219 0.1898554807021063
 4.487459264484108 0.18984590061165565
 4.549927361559204 0.1893327612703633
 4.61317770671932 0.1912413351709505
 4.677173050055645 0.19593885542837072
 4.741950641476988 0.19993826125797548
 4.807547730892162 0.2013394753039809
 4.873889818483543 0.2043182696186595
 4.941051404068755 0.21027201396108006
 5.009032487647796 0.2142238558980045
 5.077833069220667 0.2147695994847822
 5.147415898878557 0.2125913253352881
 5.2178554764390865 0.21069780990296283
 5.289151801902256 0.21330077918346058
 5.361267625359255 0.21887490685454056
 5.434202946810084 0.22125201225647534
 5.508032266072362 0.21900570149114718
 5.582755583146093 0.21435893270940357
 5.658298398213652 0.2111777282179864
 5.734772461001471 0.21282492105516398
 5.812103271691932 0.21423830668302185
 5.890328080193841 0.21223133304770506
 5.969484136416013 0.21009710714781207
 6.049534190449633 0.20784641777968058
 6.130478242294706 0.20264757245462447
 6.21239079176885 0.19302903387259068
 6.295197339054443 0.185244159473562
 6.378972383969108 0.17771290940321743
 6.463678676604033 0.1722041629965933
 6.54935346686803 0.17095898616570923
 6.6359967547610985 0.17029560781773503
 6.723608540283237 0.1688354810589716
 6.812151573525639 0.16659644898223755
 6.9017376042147305 0.16740376826493733
 6.992292132532894 0.16987036953492002
 7.083815158480129 0.16643470120883852
 7.176381181874056 0.15926500657791204
 7.269952952805865 0.15029902290320368
 7.364530471275556 0.14486122666571066
 7.4601509871919385 0.143427898652104
 7.556777250646203 0.13856030654637266
 7.654446511547159 0.13693738197057861
 7.753196019803618 0.1394220091665735
 7.85295127559796 0.13779097932707124
 7.953786778747802 0.13728424986225274
 8.055665279344337 0.13970289173782574
 8.158624027296376 0.14300015922323306
 8.262700272512726 0.1403222739406685
 8.36781951517577 0.12817952686030692
 8.474019005194316 0.11372116253900258
 8.581335992477175 0.09881110492845649
 8.689733227115536 0.07887322784879044
 8.7992107091094 0.05906800321208843
 8.909842938276388 0.04845871678093125
 9.021592664707688 0.040429442454312986
 9.13442263849449 0.03329821502617231
 9.248407359454417 0.02790263138665845
 9.363509577678656 0.024220668409869677
 9.47976654307602 0.02076249274818898
 9.597141005737694 0.017118180161910867
 9.715707465481303 0.014034102549251097
 9.835354172580418 0.011765685074167259
 9.956192876761463 0.010083316780242421
 10.078186328115633 0.008774408863241118
 10.201334526642926 0.007713966947078178
 10.325674722252153 0.006828597667582126
 10.451132415125691 0.006072715678859396
 10.577819354989977 0.005416652721710483
 10.705623792118573 0.004840326441872919
 10.834657476237915 0.004329634206435818
 10.964845907530378 0.0038743468429129745
 11.096226335904777 0.0034667658853701857
 11.2287615114523 0.003100911941389767
 11.362525933990568 0.002771964281605976
 11.497445103701958 0.0024759665767563033
 11.63359352040409 0.0022095552830466688
 11.77089668427935 0.0019698222597039406
 11.90942909514535 0.0017542108409542739
 12.049116253184478 0.0015604435308833459
 12.190032658214346 0.0013864741558053987
 12.33214106032615 0.0012304426361735613
 12.475441459519887 0.001090667784165547
 12.619933855795558 0.0009656061529129392
 12.765655499061975 0.0008538511844243783
 12.912531889501514 0.0007541203346359378
 13.060637526931796 0.0006652363954917503
 13.209897911535204 0.0005861249952073237
 13.360387543129356 0.0005158061663040764
 13.51206917180544 0.00045338560728933503
 13.664942797563459 0.00039805048869938006
 13.818971170494601 0.00034906050449816655
 13.974228790416488 0.00030574535690978103
 14.130641157511498 0.00026749813383247415
 14.288245521688442 0.00023376887519963027
 14.44704188294732 0.000204062231704972
 14.60703024128813 0.00017793139951054247
 14.768136096893256 0.00015497482258869358
 14.930433949580316 0.00013483169731778402
 15.093923799349307 0.00011717930238320341
 15.258531146382612 0.00010172838660696233
 15.42433049049785 0.00008822051661382445
 15.591247331877403 0.00007642521308676724
 15.75931892043008 0.00006613777623391147
 15.928508006247068 0.000057175730474535366
 16.09885183923718 0.000049377386094091145
 16.270313169491605 0.00004259929955969288
 16.442891997010346 0.00003671469290278181
 16.616588321793394 0.00003161139287115892
 16.79136489393195 0.000027190734738491526
 16.967258963334817 0.000023365429494407837
 17.144233280093186 0.000020058907071299447
 17.322287844207057 0.000017203891505768128
 17.50142265567643 0.000014741313498053816
 17.681637714501306 0.000012619424527433063
 17.862858520864066 0.000010793044567099466
 18.04515957458233 0.000009222567845096232
 18.228466375838472 0.000007873528919439243
 18.412778924632498 0.000006715851529025662
 18.598134470873212 0.000005723370442699353
 18.784495764651812 0.00000487333646539692
 18.971825556059482 0.000004146018575928849
 19.160123845096223 0.0000035242777525364756
 19.349427881670845 0.000002993293853232316
 19.53966316596573 0.000002540225569760665
 19.730829697980877 0.000002154005704910288
 19.92292747771628 0.0000018250591743731295
 20.115919255263133 0.0000015451443655990642
 20.30984228053025 0.0000013071606339541773
 20.504622053700007 0.0000011049965416689998
 20.700295824681216 9.334093680550678E-7
 20.89682634356506 7.878943275360893E-7
 21.09421361035155 6.645909639116353E-7
 21.292383125223054 5.601933311941855E-7
 21.4914093879972 4.718724596542455E-7
 21.69121789885636 3.972096388269876E-7
 21.89177140789174 3.341422813980028E-7
 22.093144414920943 2.8090751549881837E-7
 22.295225170217545 2.3600748452502645E-7
 22.49805092369035 1.9816290144304517E-7
 22.70158442543056 1.6628792321248576E-7
 22.90582567543817 1.3945919688030014E-7
 23.11070017389555 1.1689329353798188E-7
 23.316282420620333 9.792517810147526E-8
 23.522497915794894 8.199150850903062E-8
 23.72930940951042 6.861517197629938E-8
 23.936754151675725 5.7392645420781734E-8
 24.144794892381995 4.7982667806187976E-8
 24.353357131811613 4.00970892093196E-8
 24.562478119873386 3.349277198247366E-8
 24.772157856567315 2.79645561909576E-8
 24.982321842075784 2.3339545469172816E-8
 25.192970076398783 1.947232349433317E-8
 25.40410255953632 1.6240441700103423E-8
 25.61564479167077 1.3540906649668146E-8
 25.827634022710946 1.1287238714904687E-8
 26.04003300274804 9.40685962225666E-9
 26.252841731782045 7.838861546860768E-9
 26.465985709995344 6.532172672787995E-9
 26.67946493738794 5.444052827104411E-9
 26.893242164051017 4.538744135692279E-9
 27.10735463989339 3.786350673097492E-9
 27.321727865097433 3.161947133427784E-9
 27.53636183966315 2.644730110507606E-9
 27.75125656359054 2.217446895467239E-9
 27.966337537061982 1.8657799159731803E-9
 28.181604760077477 1.5779183246895342E-9
 28.397020982728215 1.3441748451604233E-9
 28.612623454923003 1.1566760833107469E-9
 28.828337676844225 1.0091027777562183E-9
 29.044126398583064 8.965032136744295E-10
 29.26002687004834 8.151038586646124E-10
 29.475964591422418 7.622260872230183E-10
 29.69193956270531 7.362301533774543E-10
