 0.0010576173352522145 0.9999820865887525
 0.0031880988302419866 1.000280795079267
 0.005349282596658345 1.0010462107238574
 0.007541643830095283 1.0022904868148443
 0.009765588185328161 1.0039706513435687
 0.012021579267814537 1.0059678410378807
 0.014310080683011962 1.0081312712779864
 0.016631556036377993 1.0103556989384073
 0.018986497908711285 1.0125282487992369
 0.02137534093012829 1.0145878661565595
 0.02379860665676876 1.0165237983964237
 0.026256758694090252 1.0183638220585265
 0.028750318598232516 1.0201586685647321
 0.031279749974653104 1.0218662512466936
 0.03384580618222055 1.0236089774694455
 0.036448371319570454 1.0253637234696225
 0.03908889415375767 1.0272029128430729
 0.041767084931371254 1.029155087336689
 0.044483812912644104 1.0311386402134954
 0.04723994735780913 1.0332801957796875
 0.05003548826686634 1.0355620884576289
 0.052871304900048655 1.0379112693648156
 0.055747976764178 1.0403366389335742
 0.05866579361266537 1.0428077474300206
 0.06162591445915464 1.0453488635130581
 0.06462833930364581 1.0479380507484848
 0.0676739374063718 1.050474759175862
 0.07076328827415455 1.0529740808753016
 0.07389726116722697 1.0554731780977724
 0.07707614583900006 1.0579411234884464
 0.08030081154970671 1.0603721732105647
 0.08357154805275789 1.0627840968061797
 0.0868895143617975 1.0651478723058145
 0.0902550002302365 1.0674932718710823
 0.09366887491830782 1.069791397317486
 0.09713171793283339 1.0720526569944655
 0.10064439853404614 1.0742318115216378
 0.104207496228768 1.076302460539594
 0.10782159052382091 1.0782791494523907
 0.11148755067943782 1.0800966221247734
 0.11520624595585162 1.0817415611115628
 0.11897825585988424 1.0832203718492168
 0.12280444965176861 1.0844995548581766
 0.1266854068383267 1.0855826296543258
 0.13062199667979135 1.0864531147952763
 0.13461508843639558 1.0871064642718573
 0.13866526161496126 1.0875213719249905
 0.1427736752291323 1.0876845806737918
 0.1469406190323197 1.0875643040759995
 0.15116754179157824 1.0868044771318464
 0.15545502301372996 1.0863071573141692
 0.15980393195900766 1.0851249955751296
 0.16421484813423343 1.0835576043720088
 0.16868922030646202 1.0815960990930953
 0.1732273382291044 1.0792370662554904
 0.17783065066921552 1.0765014147884884
 0.18249973713361725 1.0733884118054873
 0.18723546688254253 1.0699245774837967
 0.19203899892963525 1.0661196247807199
 0.1969112025351283 1.0619484402858261
 0.2018532367126656 1.0573977907205945
 0.20686568096906907 1.0524503733972892
 0.2119499840713936 1.0471411413490093
 0.21710672552646107 1.0415030945397374
 0.22233706434791545 1.0355402524022772
 0.22764215954940056 1.0292512897623962
 0.23302288039114938 1.022664613284705
 0.23848067564021672 1.0158155907229498
 0.24401612480342452 1.008706762141565
 0.2496303868944167 1.001358565714344
 0.2553249106802481 0.9937943965623566
 0.2611005654211516 0.9859577803447718
 0.2669587998841822 0.9777950723793472
 0.2729001935761617 0.9692797463443016
 0.27892648501755596 0.960345582282904
 0.28503825371518693 0.9509485659827208
 0.2912369484361095 0.94104846595128
 0.29752459745420046 0.9306565651491755
 0.3039020700296927 0.9197643899691837
 0.31036936616258626 0.9083567716831779
 0.31692938338699084 0.896481447931425
 0.3235821217029064 0.8841596442320194
 0.330327581110333 0.8714031446928251
 0.33717155667749005 0.8583281718597184
 0.34411115087026783 0.8449313363933709
 0.3511521587568858 0.8312030716487465
 0.35828878526912455 0.8171658988943717
 0.3655297230093132 0.8028850419071537
 0.3728720744433419 0.7884392164419192
 0.3803187371053206 0.7738215603338968
 0.38787260852935895 0.7590325726040995
 0.39553368871545685 0.7440631686310334
 0.40330197766361436 0.7289553385344975
 0.41118037290794124 0.713723787133126
 0.4191688744484375 0.6983834586656049
 0.42727327735332243 0.6829008885551845
 0.43549068408848646 0.6672914780934359
 0.44382399218803925 0.6515869004679703
 0.4522760991860905 0.6358946994559163
 0.4608470050826403 0.6203924335491163
 0.46953960741179823 0.6047904696587426
 0.4783539061735645 0.5893125702361455
 0.48729279890204863 0.5738265617921396
 0.49635918313136046 0.5582509965689539
 0.5055530588614999 0.5425579072477049
 0.5148773236265767 0.5268030104846256
 0.5243290798924811 0.511040264818347
 0.5339170202615424 0.4952851669056117
 0.5436411447337605 0.47955266757388154
 0.5535014533091355 0.46378043218415194
 0.5634979459876671 0.4479843852763402
 0.5736393153716847 0.43231965038029313
 0.5839197663929689 0.41685849686302495
 0.594345094119739 0.40158340201817533
 0.604918196086105 0.386536672287258
 0.6156390722920664 0.3717408189798988
 0.6265106202717334 0.3571209105507139
 0.6375357375592154 0.34267901368255355
 0.6487144241545126 0.3284951510443121
 0.6600495775917347 0.31453965104174353
 0.6715411978708815 0.30078565406001806
 0.6831979775942825 0.2872989561225082
 0.6950141216937179 0.2740667109730697
 0.7069983227715171 0.2610300563972202
 0.7191476832935702 0.24821279232141422
 0.7314679983280967 0.235609700371322
 0.7439592678750968 0.22316717438631514
 0.7566272870027897 0.21092964068933384
 0.7694691581770657 0.1989512292539824
 0.7824906764661445 0.18726845873149603
 0.7956947394041355 0.17593494351560784
 0.8090813469910387 0.1650040770039159
 0.8226562942950738 0.15445758174497398
 0.836416683782131 0.14423956580840108
 0.8503712080545393 0.13437079366955199
 0.864516969578189 0.12485358796968064
 0.8788597634212997 0.11562604173475156
 0.8934024871179811 0.10672243135095456
 0.9081480382023427 0.09816679642348272
 0.9230935191402752 0.08990883040646923
 0.9382505200682169 0.08197966801026767
 0.9536132459179488 0.0744566065102788
 0.9691903892917999 0.06734333565656817
 0.9849819501897702 0.06063381157230788
 1.0009937236800792 0.05435345434639165
 1.0172228122286173 0.04849390650341953
 1.0336779084377135 0.043028004876051365
 1.0503590123073676 0.03793935705439595
 1.0672690213716896 0.03322810899431727
 1.0844108331647893 0.029116695896643903
 1.1017902427548856 0.024958368509128893
 1.1194072501419792 0.02142406332912065
 1.1372647528601794 0.018265540441184384
 1.1553685459777059 0.015466781054417239
 1.1737186294945585 0.013023569941775262
 1.1923236960130663 0.01092207380417828
 1.21117795046501 0.009150553385699756
 1.2302929829868283 0.007655467629273886
 1.2496687935785216 0.006356803896478901
 1.269308279774199 0.0052200671118265195
 1.289214339107971 0.004215276472344038
 1.3093927666480563 0.0033134861585645465
 1.3298435623944553 0.002526584843673676
 1.3505754189494972 0.0018549942997085783
 1.371585438779072 0.001256168334384734
 1.3928823144855091 0.0006910752596556113
 1.4144660460688085 0.0001619434406639801
 1.4363424285971895 -0.0003327414657455841
 1.4585172571388716 -0.0008078391343052331
 1.480987634159745 -0.0012657793055199699
 1.503762252262139 -0.0016991013007306062
 1.5268440089801631 -0.002077206800807607
 1.550238699382037 -0.0023716747081336644
 1.5739463234677606 -0.0025713476339047866
 1.5979697787714435 -0.0026776643377318995
 1.622317757895415 -0.0026805569467385198
 1.646993158373785 -0.002642273744713068
 1.6719988777406627 -0.0026018573994871174
 1.6973378135301582 -0.0025171099337952356
 1.7230128632763813 -0.002465032305384178
 1.7490356171157706 -0.0024725431694206964
 1.775400279980107 -0.002558810636574128
 1.8021184420058287 -0.0027538942442098917
 1.8291901031929365 -0.003065612953928456
 1.856623956143759 -0.0034546155157312024
 1.884417103324187 -0.0038496163770967663
 1.912581134870659 -0.004189890298616613
 1.9411160507831748 -0.004441539938649057
 1.9700305436640642 -0.004502526403963
 1.999321715979217 -0.004452986628487181
 2.029001157865072 -0.004408151258083641
 2.0590717668557392 -0.004127070877550897
 2.0895364404853285 -0.0037599013742469836
 2.120400973822058 -0.0033614221726851446
 2.1516682644000396 -0.0030034196883054606
 2.1833441072874913 -0.0027394753876200184
 2.215434297552633 -0.0025649501011388767
 2.2479417327295743 -0.002417337133547684
 2.2808722078865347 -0.002243236088290356
 2.314231518091733 -0.0007248438698258681
 2.34802256087928 -0.0010611846677342723
 2.3822511313173944 -0.0011387033110791618
 2.416923024474296 -0.001105298600101924
 2.4520411378840943 -0.0010206237450259635
 2.487611266615009 -0.0009621970089157773
 2.523639205735259 -0.000896143393431676
 2.5601307503130646 -0.0009024741573171744
 2.5970887978825345 -0.0008952258873001748
 2.6345220410459986 -0.0008593641991708453
 2.6724304798034564 -0.0008426852808191707
 2.7108228067572377 -0.0007447700830226642
 2.7497048169755614 -0.0006264425301649926
 2.789079407992537 -0.0005190896375717403
 2.828952374876385 -0.00045783008729253393
 2.869329512695324 -0.0004636007467483354
 2.9102253091199026 -0.000514850268436676
 2.951631071547792 -0.0004919598848865038
 2.9935294147743337 -0.00036874266788625024
 3.0359782894817213 -0.0002664645690376963
 3.0789776956699564 0.000013977051722177289
 3.122498657997941 0.00025186129740912845
 3.166541176465675 0.00036631746708474356
 3.2111632017553524 0.00036589168373157464
 3.2563067831847796 0.00018613192535744982
 3.302029871436151 -0.00018408062038817552
 3.3483324665094654 -0.0005900297286666174
 3.395185593063627 -0.0008401826727392468
 3.4426182264397327 -0.0009390368983142917
 3.4906303666377823 -0.001097476970909155
 3.5392220136577754 -0.001505532738039197
 3.5884221428408094 -0.0021274937623189504
 3.638201778845788 -0.002685894285059687
 3.6885898970138067 -0.0031580208583896797
 3.7396154726859647 -0.003500264469158328
 3.791220555180065 -0.0035920500978330306
 3.8434630951783046 -0.0035960543159325336
 3.896343092680683 -0.0036478985603528202
 3.949860547687199 -0.0038220696084563964
 4.003986484856756 -0.00387594186927508
 4.058778854871549 -0.0037720608026829087
 4.114237657731577 -0.003685099258669965
 4.170333918095743 -0.0033058821188056754
 4.227067635964047 -0.002855462367531029
 4.2844967620186845 -0.0027141533218948957
 4.342621296259654 -0.003018907379447767
 4.401383288004762 -0.003496231497127448
 4.4608696632773 -0.0039887638556010555
 4.5210224713950735 -0.004550545940424208
 4.58187068769918 -0.005093455788427804
 4.643443287530716 -0.005199611079487962
 4.705711295548584 -0.004961148906086778
 4.768674711752785 -0.0046670483016382535
 4.832391486825514 -0.004236625279195002
 4.896803670084574 -0.0037641186872904285
 4.961969212212162 -0.002894067762696469
 5.027859137867179 -0.001951203459829097
 5.094502422390724 -0.0013116196546469542
 5.161899065782795 -0.0006249876100523616
 5.230049068043394 0.00011622957665263298
 5.298923453831423 0.00046554228250299007
 5.368609149170172 0.0004660379998952201
 5.43904820337745 0.00008211402231459126
 5.510240616453253 -0.0005912478715822064
 5.582244339079779 -0.001287376280862633
 5.6550303959159285 -0.0013835830550994355
 5.728598786961702 -0.0014296687389757593
 5.802978487558198 -0.0015237478604691052
 5.878140522364317 -0.0014512520264568425
 5.954113866721158 -0.0011208191267773602
 6.030927495969817 -0.0006991117159544613
 6.108523459428102 -0.0005833986032840781
 6.186959707778203 -0.0005020679955630848
 6.266207265679028 -0.0004922479506859686
 6.346295108471669 -0.00022863171974138392
 6.427252211497227 0.00006965054003908741
 6.509020624073507 0.0001656654241068821
 6.591629321541605 0.00028870184325134824
 6.675107279242619 0.0002222580628115993
 6.7594255218354515 -0.0004426294293757547
 6.844584049320103 -0.0007967750569439342
 6.930640812378767 -0.0008406650948726938
 7.017566835670347 -0.0007119402844791062
 7.105333143853746 -0.0005527726422662989
 7.193997687611158 -0.00034948857308181265
 7.283531491601484 -0.00024016083483706081
 7.373963531165826 -0.0001667966492329283
 7.465264830963081 -0.00007528287729722421
 7.557493341675447 0.00000291395903818744
 7.650562137279633 0.00003929519359886758
 7.744558143798927 0.00004902036660978331
 7.839452385892236 0.00005026986834522644
 7.935244863559557 0.000050198319069675055
 8.031964552141988 0.000048761721499143534
 8.129553500957336 0.00004685669467882661
 8.228098636028891 0.00004574913880416494
 8.32751303133336 0.000044859841788471873
 8.427883612894037 0.000044153488854470266
 8.529152430028727 0.00004306126274169741
 8.631348458078529 0.000042109114087914754
 8.734442721702342 0.00004148310096249109
 8.838493171582364 0.00004111330794227087
 8.9434418570364 0.00004046918412500067
 9.04934672874664 0.00003989382957222918
 9.156149836030895 0.00003991039452986592
 9.263909129571356 0.00003996775104674434
 9.372566658685832 0.00003952179330939928
 9.482180374056513 0.000039100972360839384
 9.592721300342307 0.00003871021479517945
 9.704189437543208 0.00003833992253344725
 9.816584785659222 0.00003849127323871513
 9.929936320031441 0.00003815228811385994
 10.044186089977675 0.000037817243026054956
 10.159392046180116 0.00003799793120080772
 10.27549623795657 0.00003768248220868491
 10.392556615989232 0.00003785981211594958
 10.510544204937002 0.0000375595355665159
 10.629459004799882 0.00003726269344595989
 10.749272040236777 0.000037452895273225386
 10.87004126192988 0.00003716301479188044
 10.991708719196994 0.00003735380222062294
 11.114303387379218 0.00003707378075508826
 11.237825266476554 0.0000367917650116654
 11.362274356489 0.00003699004909026405
 11.487592706734361 0.00003718249329980973
 11.613838267894833 0.00003691301017754771
 11.741011039970413 0.00003664950856276495
 11.869053072278911 0.000036843927710752016
 11.998022315502517 0.00003658790189893189
 12.127860818959041 0.000036339547834687546
 12.258597557989578 0.00003653320154776021
 12.39020355725303 0.0000367273430521203
 12.522707792090495 0.00003648309001976564
 12.656081287160877 0.000036676122942658596
 12.790324042464173 0.00003686945582002134
 12.925436058000384 0.00003663687555550341
 13.061388358428417 0.00003640723695730762
 13.198209919089363 0.00003659991472368682
 13.335871764642128 0.00003679653748797231
 13.474373895086712 0.00003657395474010887
 13.613716310423115 0.000036765980677936865
 13.753899010651336 0.00003573715080180368
 13.894864045089182 0.00003756074116102803
 14.036669364418845 0.00003655568117975718
 14.179257017958134 0.000036332544906889274
 14.322627005707048 0.0000401582783488404
 14.466808303006681 0.00003595361754084063
 14.61177193451594 0.00003574288181228131
 14.757488924893723 0.000039521062414415775
 14.903959274140037 0.000039314432092736716
 15.051211957595974 0.00003521231909665905
 15.19918902457934 0.00003502048523054086
 15.347890475090136 0.00003873361887224408
 15.497316309128362 0.00003855000943888222
 15.64743755135292 0.0000383681495740809
 15.79828317710491 0.000038191635387435314
 15.949795235702132 0.00004181432936107882
 16.102002702485688 0.000041643589257104815
 16.25487660211448 0.00003768601422525813
 16.40841693458851 0.00003752984576327649
 16.562565749225577 0.00004110487344056808
 16.71738099670788 0.000040951112735829266
 16.872804726353223 0.00004077991306817862
 17.028807962820515 0.00004063555138419752
 17.18544865679194 0.00004046783334708467
 17.342639882244217 0.00004399585511623843
 17.50041061451843 0.00004019187198002837
 17.658731878273496 0.0000400394085446505
 17.817603673509407 0.000043543163902502545
 17.97696804954397 0.000043400906865908226
 18.13688295705938 0.00004685907699775936
 18.29729044537344 0.00004673038524323064
 18.45816153914506 0.00004300281733975005
 18.61952521371533 0.00004644358369119688
 18.781352493743153 0.000046328965066747864
 18.94358542854634 0.00004619962092094643
 19.106252993465983 0.00004962552117841146
 19.269355188502086 0.0000495022295826855
 19.43283406297245 0.00004938829912356832
 19.59668961687708 0.00004927489046533504
 19.76092185021597 0.00005267911969216217
 19.92547281230693 0.000052579519982617795
 20.090371478491058 0.00005246726429224233
 20.255588873427254 0.000055860266379746085
 20.421124997115516 0.000055762561641422984
 20.58692189887366 0.000055674923236611485
 20.752979578701673 0.00005906412247093779
 20.91926906125847 0.00006244888413645115
 21.085819321885136 0.00006236201102870763
 21.252572409899482 0.00006574490696276933
 21.41952832530151 0.00006566829334096503
 21.58668706809122 0.00006904743440774258
 21.753990687586413 0.00007244257424795513
 21.92143918378709 0.00007238302409296067
 22.08900358135216 0.00007921550928058818
 22.256712855622716 0.00008260356735963354
 22.424509055916563 0.00008600728016103188
 22.592363206892603 0.00008940997846518448
 22.760304283891937 0.00009625329429515637
