 0. -0.
 0.0030269126715265866 4.08613E-11
 0.0158439483447133 1.09793E-9
 0.034439279613130896 5.80871E-9
 0.05765628982923749 1.83167E-8
 0.08496203292612642 4.4097E-8
 0.116048016186087 8.98405E-8
 0.15071777272067768 1.6333E-7
 0.18883747533424014 2.73258E-7
 0.23031531679026082 4.28957E-7
 0.27508578287795427 6.40015E-7
 0.323101643710544 9.15787E-7
 0.37432936928788796 0.00000126481
 0.4287440531216295 0.00000169415
 0.4863271654342064 0.00000220876
 0.5470675069537619 0.00000281083
 0.6109415970153622 0.00000349935
 0.677952788399253 0.00000426977
 0.7480736555520793 0.00000511404
 0.8212943160315939 0.0000060208
 0.8976016756037457 0.00000697606
 0.976962438967154 0.00000796405
 1.0593548707448572 0.00000896833
 1.1447453456357386 0.00000997303
 1.233087842774541 0.000010964
 1.3243462441361042 0.0000119296
 1.4184509362037026 0.0000128615
 1.515345612252698 0.0000137545
 1.6149548143356809 0.0000146061
 1.717201979538007 0.0000154158
 1.8219889303743035 0.0000161836
 1.929220605889857 0.0000169091
 2.038779928306263 0.0000175904
 2.150560646757273 0.0000182236
 2.264431908524766 0.0000188022
 2.380269171311995 0.0000193179
 2.497937012640673 0.0000197608
 2.6173022573896025 0.0000201204
 2.738225583343921 0.0000203863
 2.8605711849177506 0.0000205492
 2.9842103919429257 0.0000206019
 3.109021630063655 0.0000205395
 3.23488386620519 0.0000203602
 3.3616973449722294 0.0000200656
 3.4893605396470972 0.0000196604
 3.617802548120358 0.0000191528
 3.7469605429710864 0.0000185536
 3.8767870886543836 0.000017876
 4.0072649342523015 0.0000171352
 4.138374708252287 0.0000163475
 4.270141339897214 0.000015529062810957976
 4.402589618057993 0.0000146989
 4.535765645630757 0.0000138704
 4.669721647224271 0.0000130574
 4.804545289481221 0.0000122705
 4.940305194163326 0.0000115174
 5.0771051137041585 0.000010803
 5.215036067848478 0.0000101305
 5.354196589136231 0.00000950175
 5.494688993692438 0.00000891754
 5.6366126693316785 0.00000837836
 5.780068907006983 0.00000788443
 5.925137367887297 0.00000743572
 6.071919246249491 0.00000703225
 6.2204832879903496 0.00000667495
 6.370905763007484 0.0000063666
 6.523262049499633 0.000006112
 6.677614449924303 0.00000591702
 6.834025881603862 0.00000578707
 6.992544141831324 0.000005762355937629937
 7.153219290067394 0.00000579246772918192
 7.3161117381178595 0.00000582301
 7.48126742011073 0.00000598599
 7.6487319458846175 0.00000622862
 7.818546167721855 0.00000655297
 7.990758485853283 0.00000696153
 8.165404496028971 0.00000745833
 8.342533912898435 0.00000804764
 8.522205237828853 0.0000087292
 8.704456862437858 0.00000949335
 8.889281157361332 0.0000103206
 9.076775499932397 0.0000111863
 9.266936884430836 0.0000120659
 9.459771450252369 0.0000129392
 9.655446891969522 0.000013796
 9.853886957641032 0.0000146378
 10.055259742817897 0.0000154694
 10.259396377376078 0.0000162804
 10.466552983834065 0.0000170421
 10.676638234448108 0.0000177287
 10.889736865623165 0.0000183354
 11.105944792880193 0.0000188752
 11.325258874174763 0.000019371
 11.547687167534537 0.0000198459
 11.773327111390604 0.0000203115
 12.002170115565992 0.000020766
 12.234403338590132 0.0000212079
 12.469947790369865 0.0000216529
 12.708890522343868 0.0000221112
 12.951312213527432 0.0000225378
 13.197203584919661 0.000022733510574018127
 13.446630707097654 0.000022932
 13.699582110150773 0.0000227691
 13.956135328077112 0.0000223438
 14.216353182201816 0.0000216603
 14.48024296082011 0.0000207299
 14.747888086131724 0.0000196031
 15.019198476171866 0.0000183439
 15.294423151925168 0.0000169815
 15.573569941808438 0.0000155155
 15.856647226936053 0.0000139266
 16.14368012066122 0.0000122201
 16.434928082846632 0.0000104604
 16.730211041583264 0.00000871794
 17.029705417489776 0.00000706822
 17.333453241772368 0.00000558895
 17.641419340719747 0.00000428776
 17.953676018117736 0.00000311041
 18.270322313018614 0.00000202017
 18.591375437857653 0.00000101761
 18.916927431055424 1.25319E-7
 19.24698792811294 -6.17091E-7
 19.581826156821442 -0.00000115394
 19.921247667913214 -0.00000147278
 20.265552294850465 -0.0000016489
 20.614422563376294 -0.0000018051
 20.968319102026474 -0.00000201035
 21.327034489642838 -0.00000222658
 21.690838359627833 -0.00000239255
 22.059537838570268 -0.0000024273962648442753
 22.433406050000574 -0.0000023620064720909694
 22.812412438749735 -0.0000022957
 23.19655164902788 -0.00000199341
 23.586220059916187 -0.00000169562
 23.981101063467282 -0.00000161615
 24.381560059088887 -0.00000189055
 24.78739035367179 -0.00000253707
 25.19887811077109 -0.00000347539
 25.616106579267452 -0.00000454878
 26.039028898511127 -0.00000561442
 26.46755573959236 -0.00000662988
 26.902147423519445 -0.00000755944
 27.34277441698694 -0.00000828289
 27.789553796205126 -0.000008434491610936634
 28.24248565330064 -0.000008422812239616967
 28.701449417175525 -0.00000841097
 29.166639626326358 -0.00000850012
 29.638453525284977 -0.00000898669
 30.116597211862583 -0.00000970766
 30.601452319375195 -0.000008783171453369647
 31.092798462730375 -0.00000784601
 31.590794329616 -0.00000952001217088922
 32.095592626178096 -0.000010206967165661213
 32.60711327960688 -0.000010425029824434071
 33.12551444651292 -0.000010331352124484618
 33.65095608734978 -0.0000102364
 34.183686993222274 -0.00000946854
 34.72336703446197 -0.00000868965
 35.27067241398153 -0.00000836195
 35.825789982398305 -0.00000858141
 36.38845547816891 -0.00000887475
 36.95838225402154 -0.00000903743
 37.536094118414624 -0.0000091243
 38.12120945308084 -0.00000945703
 38.713765552393646 -0.0000103355
 39.31406426748172 -0.000011717
 39.922644855938294 -0.0000133947
 40.54005907164996 -0.0000147965
 41.166379423699865 -0.0000159561
 41.80171338902028 -0.00001618884894859813
 42.44612709700225 -0.00001566308381274296
 43.09966084634524 -0.0000151302
 43.76208751868868 -0.0000137921
 44.433732246284336 -0.0000120257
 45.114673416401935 -0.00000925417
 45.80477914311583 -0.00000566745
 46.503628351752866 -0.00000195271
 47.211183063558785 0.00000252387
 47.92821350988201 0.00000740958
 48.65431639946537 0.0000115065
 49.38955285038741 0.0000138084
 50.133305074696736 0.0000137598
 50.886206895684786 0.0000121131
 51.64905347943703 0.0000108127
 52.42233665656596 0.000010668266189995215
 53.20709335842107 0.0000122803267205894
 54.003399744174416 0.0000139135
 54.81153558147321 0.0000188493
 55.63122079832961 0.0000237609
 56.46220830096947 0.0000274862
 57.30365878623369 0.0000296367
 58.15580071849168 0.0000305037
 59.01846025198509 0.0000306503
 59.89153883959056 0.00003099240487574412
 60.77555828962342 0.000031339
 61.669807723525174 0.0000324499
 62.575741232748705 0.0000321828
 63.49454134772515 0.0000301654
 64.42569175249002 0.0000262164
 65.36976874720054 0.0000226134
 66.32780324012477 0.00001745373789428266
 67.29964806655305 0.0000122273
 68.28467701659454 0.00000582525
 69.28197346600314 -0.00000256849
 70.29040388365388 -0.0000108962
 71.31005998813794 -0.000017126
 72.34066977235686 -0.0000235602
 73.38450648656594 -0.0000295348
 74.43979090229894 -0.0000337701
 75.5051419366066 -0.00003421428067840935
 76.58251504220163 -0.000033239958781336115
 77.67668127471617 -0.0000322532
 78.78991067024658 -0.000031295
 79.92170700725035 -0.0000297617
 81.06666873919663 -0.0000280391
 82.22400692501687 -0.000029325786031587585
 83.39863573583975 -0.000028971700717905457
 84.59231316682668 -0.0000286132
 85.8031394342732 -0.000028147608862933697
 87.02959214371961 -0.0000276759
 88.26706996276931 -0.0000263155
 89.5173985402804 -0.0000245078
 90.78048587121462 -0.0000229642
 92.06111985385783 -0.0000174928
 93.35767812256512 -0.0000126414
 94.66429176395043 -0.0000115632
 95.988359762435 -0.000011491376982892691
 97.33249535819182 -0.0000114187
 98.69721757917559 -0.00000985734
 100.08169117695968 -0.0000130671
 101.47184511577989 -0.000015803616177777785
 102.87267597818474 -0.000015528279623367166
 104.29506348289149 -0.0000152497
 105.72789257514397 -0.0000181029
 107.17406254910874 -0.0000252961
 108.64448614856728 -0.0000265749
 110.14076697786815 -0.0000360443
 111.65032131977905 -0.000044451774809368274
 113.18715660045405 -0.00004056468509930014
 114.74243631102536 -0.0000366334
 116.30599087559732 -0.0000145465
 117.89217777279991 -0.00000154371
 119.4921247275048 0.00000479796
 121.10843696843514 0.00000447964
 122.74460629431037 0.0000032802069558676013
 124.40430981605131 0.0000035179846124193102
 126.08439927209974 0.00000375837
 127.78694275575532 9.78208E-7
 129.50678526019658 -0.0000033405
 131.25894375909652 -0.000002283263076923083
 133.04468077984626 -0.00000121344
 134.8432986527532 0.0000012352714136973487
 136.64712043373868 0.00000371133
 138.4884518847313 0.0000125908
 140.33903257764229 0.000013752
 142.2104018570487 0.0000122585
 144.10882897658274 0.0000022013
 146.02049653627952 -0.000010645
 147.94403153456634 -0.000005176429805899955
 149.86712505941836 3.53268E-7
 151.80615298603013 0.00000735095
 153.79099506816712 0.00000819464
 155.8035900693649 0.00000374218
 157.84118513414185 -0.00000980613
 159.9078190311196 -0.0000175918
 161.97880293565063 -0.0000220132
 164.08086922019888 -0.0000362623
 166.2157773229855 -0.0000469057
 168.39318813441324 -0.00004886124578220858
 170.5620244780834 -0.00004912004171603166
 172.88995537921716 -0.00004657503111569391
 175.1844305843071 -0.0000440041
 177.39665324131403 -0.0000344692
 179.63656936104982 -0.0000196443
 181.9124802498273 -0.0000118377
 184.22385227813297 -0.00000779601
 186.5635627618628 -0.00000546309
 188.92933483079855 -0.00000395169
 191.3210240323415 -0.00000291093
 193.73735459887095 -0.00000217005
 196.17805383762584 -0.00000163151
 198.6446943350046 -0.00000123432
 201.13635246217905 -9.3825E-7
 203.65209970487206 -7.15773E-7
 206.19380333028394 -5.47557E-7
 208.7603274480842 -4.19753E-7
 211.35271018883094 -3.22284E-7
 213.9700181041357 -2.47732E-7
 216.6138040155296 -1.90577E-7
 219.28179189486573 -1.46683E-7
 221.97636638427656 -1.12927E-7
 224.69669714342618 -8.69445E-8
 227.44267059511313 -6.69311E-8
 230.21534347420027 -5.15097E-8
 233.01282605632878 -3.96247E-8
 235.83772370078523 -3.04653E-8
 238.68766436468374 -2.34078E-8
 241.56490241539234 -1.79716E-8
 244.46789488596238 -1.37864E-8
 247.39747240281125 -1.0566E-8
 250.3528045737025 -0.
 253.3355525406087 -2.3533919450991258E-9
 256.3440553982285 -2.9774381337553025E-9
 259.3799742935169 -2.8637959965974736E-9
 262.4415170883767 -2.74919E-9
 265.5306058461406 -2.09261E-9
 268.6454499550872 -1.59074E-9
 271.78757467130157 -1.20759E-9
 274.95641981265754 -9.15447E-10
 278.1517120880041 -6.92988E-10
 281.37372816931526 -5.23822E-10
 284.6230188996927 -3.95361E-10
 287.89820634738066 -2.97952E-10
 291.20066538386993 -2.24198E-10
 294.52887735443574 -1.68437E-10
 297.8846523377432 -1.26345E-10
 301.266863685954 -9.46205E-11
 304.6758110886062 -7.07477E-11
 308.11036112963427 -5.28121E-11
 311.57232558678146 -3.93589E-11
 315.0600434770971 -2.92845E-11
 318.5745047004278 -2.17527E-11
 322.1153925282316 -1.61311E-11
 325.6828645725753 -1.19424E-11
 329.27542447911753 -8.82662E-12
 332.8944059289109 -6.5128E-12
 336.5399718443706 -4.79747E-12
 340.21029112166156 -3.528E-12
 343.90701937080223 -2.59009E-12
 347.6304019232559 -1.89834E-12
 351.3778117767953 -1.38901E-12
 355.1501379192544 -1.01464E-12
 358.94821089359743 -7.39942E-13
 362.7730139901881 -5.38718E-13
 366.6209387816579 -3.91568E-13
 370.4937799866275 -2.84144E-13
 374.39070705798014 -2.05854E-13
 378.314442063026 -1.48893E-13
 382.2603911434642 -1.07519E-13
 386.23042621071204 -7.75173E-14
 390.2245472647695 -5.57982E-14
 394.2447254553459 -4.01009E-14
 398.28537758298717 -2.87745E-14
 402.35011581786415 -2.06151E-14
 406.437279049133 -1.47467E-14
 410.5489199238925 -1.05327E-14
 414.6817843667077 -7.51161E-15
 418.8370739180349 -5.34905E-15
 423.0160729770543 -3.80346E-15
 427.2145726175478 -2.70054E-15
 431.435497478673 -1.09342E-15
 435.67936468276724 -1.0260773293290363E-15
 439.9418390411808 -9.58405E-16
 444.2250775965858 -6.76664E-16
 448.53049225977185 -4.77099E-16
 452.8544502593948 -3.35942E-16
 457.19979721473686 -2.36238E-16
 461.562813913048 -1.65911E-16
 465.94726337279724 -1.16372E-16
 470.3485085796859 -8.1524E-17
 474.7695695663427 -5.70418E-17
 479.2073824947482 -3.98641E-17
 483.665055738596 -2.78269E-17
 488.1369449878981 -1.94023E-17
 492.6295700211662 -1.35131E-17
 497.1355359317536 -9.40129E-18
 501.6606216564965 -6.53369E-18
 506.20153400926284 -4.5361E-18
 510.7557198371914 -3.14608E-18
 515.3266021110642 -2.1799E-18
 519.9133116267169 -1.50899E-18
 524.5141873933769 -1.04364E-18
 529.1283990047598 -7.21146E-19
 533.756777281692 -4.97873E-19
 538.3984918095804 -3.43456E-19
 543.0518815270552 -2.36731E-19
 547.71777724248 -1.63048E-19
 552.3961791423558 -1.12238E-19
 557.0854261279371 -7.71945E-20
 561.7883265512498 -5.30547E-20
 566.4992877131901 -3.64432E-20
 571.2222884428661 -2.50283E-20
 575.9553514941482 -1.71222E-20
 580.694743975942 -1.17424E-20
 585.4462474870169 -8.01328E-21
 590.2082719801332 -5.56183E-21
 594.9749415874514 -3.78717E-21
 599.7483520182941 -2.54487E-21
 604.5323555017733 -1.71381E-21
 609.3223172020714 -1.20155E-21
 614.1213063958446 -8.12021E-22
 618.9232092091519 -5.39825E-22
 623.7325263148504 -4.45349E-22
 628.5493296824046 -3.61875E-22
 633.3696958662406 -1.36179E-22
 638.1944559525239 -1.13076E-22
 643.0283736215239 6.45539E-23
 647.8642888516722 3.507826721977731E-23
 652.7062931425789 6.00268313873071E-23
 657.5527966049102 8.49797E-23
 662.4071792700911 2.34917E-23
