 0.0035070147991312353 4.630119880495871E-7
 0.010571602228971895 0.000006017104491339551
 0.017737997105297255 0.000024070467566867123
 0.025007775156799604 0.00006359484292118007
 0.032382281517728456 0.0001351274246092119
 0.03986305348436897 0.00025072319791611677
 0.047451628353006314 0.00042382255612134713
 0.05514954341992564 0.0006690293479249957
 0.06295843206242993 0.001001773393917288
 0.07087973549578651 0.0014379005662767987
 0.07891518317831621 0.001993123600673831
 0.08706631240630416 0.002682490426135409
 0.0953348526380712 0.00351976140150988
 0.10372234116990248 0.004516796186810392
 0.11223127610826136 0.005682958132520002
 0.12086127312907657 0.007024571222781616
 0.1296171362832392 0.008544543439223272
 0.1384979047605711 0.01024205143764908
 0.14750646099160689 0.012112794558482635
 0.15664568740688123 0.01414881964715086
 0.16591558400639417 0.016339791106301085
 0.17531903322068035 0.01867362154241917
 0.18485795667009622 0.02113726007410216
 0.19453331516482 0.0237170426912906
 0.20434895194556463 0.026398254306228136
 0.21430486701233006 0.02916399008595659
 0.22440394279565098 0.03199340365615447
 0.23464810091588387 0.03486258299921771
 0.24504022380356336 0.03774542635234041
 0.25558127226886773 0.04061749615907008
 0.2662741287423316 0.04345803363489329
 0.2771197540341332 0.046250396716276086
 0.28812199138498545 0.04898039585431055
 0.29928180160506657 0.05163401667970494
 0.31060206712491123 0.05419601856585446
 0.3220847095648759 0.056651336065770476
 0.3337326113554952 0.05898691829805003
 0.34554769411712566 0.06119339315322926
 0.35753187947012366 0.06326664391032871
 0.3696880498450239 0.065208597545126
 0.3820190876723611 0.06702687437092354
 0.39452691457249156 0.0687324231137305
 0.4072144129759501 0.07033260131742505
 0.4200835045030932 0.07182119010563397
 0.43313707158445536 0.07317173735631909
 0.44637799665057143 0.07434403934757465
 0.4598082013217978 0.0753026222071309
 0.4734315288388473 0.07603180735934269
 0.4872489400118983 0.07653185757363423
 0.5012652388918417 0.0766849191908886
 0.5154823470990342 0.0768401736980529
 0.5299031470640103 0.07663223549368645
 0.5445295604071265 0.07617930859613843
 0.559366391179274 0.07548910090851936
 0.5744146001906308 0.07456958310336388
 0.5896789914920884 0.07342373323414651
 0.6051614867040028 0.07205566802184671
 0.6208649682569091 0.07047607342304942
 0.6367932793915199 0.06869922657647065
 0.65294930253837 0.06673826595332141
 0.6693368809381723 0.06460685556366115
 0.6859579362112832 0.0623261045512356
 0.7028172724085939 0.059924917552709005
 0.7199168111504608 0.05743403859071516
 0.7372603956775968 0.05488123363441336
 0.7548518692307147 0.05229032711159958
 0.7726941142403494 0.049679450112545064
 0.7907919347573918 0.04706235423711732
 0.8091472524021985 0.0444554187794261
 0.8277639104154824 0.0418817674488028
 0.8466467128481344 0.03936758959786141
 0.8657985421306894 0.03694152709384194
 0.8852242023140388 0.034626966415500025
 0.9049256150185384 0.03243047679844117
 0.9249085451052579 0.03034540141725179
 0.9451749141945537 0.02836569657517482
 0.9657295263373169 0.0264928512989475
 0.9865791072047952 0.024732471336286543
 1.0077265392275232 0.02308876099797947
 1.0291718224055009 0.021561807873834358
 1.0509245648405106 0.020147407653063675
 1.072984766532552 0.018839078689869986
 1.0953524274816255 0.017629200670950897
 1.1180467638912954 0.01651067882185246
 1.1410581676597795 0.015478520523514477
 1.1644058549906422 0.014531061569583559
 1.188070609680319 0.013670579295069615
 1.2120812560341572 0.012901891139416687
 1.2364281859503736 0.012229113823604226
 1.2611210075307513 0.011654261913217926
 1.286169328877072 0.011175671201904387
 1.3115731499893357 0.010784495119048191
 1.337332470867543 0.010462602574378123
 1.3634568996134755 0.010188183705683886
 1.3899464362271332 0.009942494294037754
 1.4168202969120811 0.009710731661875303
 1.4440688735665366 0.009482385032227722
 1.471701774292282 0.009252023836994448
 1.4997286071910996 0.00901903494751897
 1.5281493722629893 0.008790815133447486
 1.5569736776097334 0.0085593548757685
 1.586201523231332 0.008340038755333293
 1.6158425172295672 0.00812903490768426
 1.6459062677062215 0.007923899577176152
 1.6763927746612945 0.007719718975576045
 1.707311646196569 0.007509363292506756
 1.738653274210262 0.007285501261032536
 1.770446483007721 0.007044042437116352
 1.8026912725889452 0.006786624750169179
 1.8353876429539357 0.0065204393234338485
 1.8685355941026913 0.006257538514501275
 1.9021639503405594 0.006014021330095364
 1.9362534954639758 0.005808640748124649
 1.970823445676504 0.005658100144988746
 2.005883409079927 0.005566349821031768
 2.041433385674245 0.005521862957511243
 2.07748298356124 0.0055229805927989525
 2.1140418108426937 0.005524114015578732
 2.1511098675186067 0.0055489194492251434
 2.1886967616907613 0.005566717698225676
 2.226802493359157 0.0055602272934474305
 2.265455886829141 0.005523159286670731
 2.3046377258971487 0.005463668289027218
 2.3443768348685268 0.005397800753355955
 2.3846636056414923 0.005335997384779302
 2.4255172544196113 0.005276681566751935
 2.4669377812028825 0.005218119021074002
 2.5089444021948712 0.0051732817983211835
 2.551527509293795 0.005188994989898106
 2.594706318703217 0.005204927995978135
 2.6384904385249217 0.005292640429782925
 2.6828798687589077 0.005410299818968041
 2.72789382560874 0.005540502068669281
 2.773522700972636 0.005684666133777435
 2.8197953191559426 0.005863401896132194
 2.8667020720568774 0.006097722150690389
 2.9142621758790055 0.006400432527392363
 2.9624852387241085 0.006770806030831106
 3.0113808686939687 0.007198121668498423
 3.0609394576868048 0.007664274627065527
 3.111199438109744 0.008135122399345367
 3.162141593759223 0.008584738402148195
 3.2137947489405887 0.009010889095368136
 3.2661589036538405 0.009413889802314253
 3.319253274102543 0.00976433662441628
 3.3730682521849147 0.010028244716141697
 3.427632662206302 0.01022794947854925
 3.4829465041667036 0.010403829813160813
 3.539019386167903 0.010548615765906289
 3.595860916311683 0.010622278794496091
 3.653490310801607 0.010568498652338972
 3.7119075696376744 0.010351713877357088
 3.7711223009216694 0.009960712974117039
 3.8311537208571553 0.009345657341825008
 3.8920018294441325 0.008479096334630763
 3.9536954509879476 0.0074467891336190565
 4.016215369285035 0.006342912300430503
 4.079600016742526 0.005217707348976057
 4.143849393360418 0.0041458270726767495
 4.208973107240496 0.003167860588593835
 4.27498076648454 0.0022045128434783866
 4.341891587296115 0.0012063831855769554
 4.409705569675222 0.00024171371025767782
 4.478451537927207 -0.0006316302516737777
 4.548119883950288 -0.0013917057014988412
 4.618739432049811 -0.002022641365994596
 4.690310182225777 -0.002398506750399547
 4.76285135068175 -0.0022669899593344978
 4.836382153621294 -0.002133678965689357
 4.910892982942628 -0.0018074244485772291
 4.986412662951098 -0.0014196380912934764
 5.062950801748486 -0.0009492720629580392
 5.140526615538357 -0.0005644681386391887
 5.21914010432071 -0.00042925049652766116
 5.298800876197329 -0.0005092769246740034
 5.379537755473559 -0.000697450488848681
 5.461360350251184 -0.0009754263796487827
 5.5442782686319845 -0.0012053583848224958
 5.628301118717744 -0.001173999004733254
 5.713438508610244 -0.0011422236511631257
 5.7997288707166135 -0.0010729576309386115
 5.887152988833289 -0.0008172882365605849
 5.975749295367398 -0.00023135446365682636
 6.065517790318942 0.0005689702547741661
 6.156487297993266 0.0013012604656821576
 6.24864821028859 0.0013987128861447202
 6.342038959612041 0.000776680725639635
 6.43665954596362 -0.00014695117280105204
 6.532538793648674 -0.001285345397555205
 6.629667094565419 -0.002718919027313173
 6.7280828811209865 -0.004398024407062742
 6.827795761417156 -0.0060522367633578265
 6.928815343555713 -0.006074783316851556
 7.031160843740218 -0.005296370842352913
 7.1348418700724565 -0.004507800713521245
 7.239877638755993 -0.0026520354498682577
 7.34628736599439 -0.001073421856921401
 7.454080659889431 -0.0005678964037271852
 7.5632767366446805 -0.0018866932248837356
 7.673894812463702 -0.0022075697277801508
 7.7859444954482795 -0.007199146469252884
 7.8994450018019755 -0.00939470763434616
 8.014415547728357 -0.010873836723283148
 8.130865741329202 -0.012299098080254943
 8.24881479880808 -0.014068937742187839
 8.368281936368552 -0.015696969504849757
 8.489286370214185 -0.015673818594959393
 8.611837708446759 -0.01565037172695466
 8.73596477537162 -0.01443961780995484
 8.861667570988772 -0.013337475254966142
 8.98897491960356 -0.012191712975556847
 9.117906037419546 -0.010444471484106911
 9.248470532538514 -0.008260419619794492
 9.38068762116403 -0.005781461630679446
 9.514576519499657 -0.00308733051905107
 9.650185268054306 -0.0015768617967853872
 9.787485042522631 -0.0020571517503755504
 9.926418194293937 -0.0038790197583040975
 10.067176885403871 -0.006560844501898149
 10.209761115852432 -0.009000027959167023
 10.3540748046218 -0.009586431579800485
 10.50011795171197 -0.00904548036124546
 10.64808271915859 -0.008497411363498927
 10.797776944926014 -0.0070437008368648656
 10.949392791049888 -0.0057483176473044385
 11.102930257530211 -0.003784116201256474
 11.258293263349163 -0.0030994967433924775
 11.415577889524565 -0.0050876364839869265
 11.574784136056415 -0.0073676955369286964
 11.735912002944715 -0.00920358667312981
 11.899057571207287 -0.010221643012367958
 12.064124759826308 -0.01115237231295684
 12.231209649819602 -0.01287561419699464
 12.40040832220499 -0.013274902278120464
 12.571528614946827 -0.013421689021709085
 12.744762690080758 -0.013570288964825471
 12.920110547606788 -0.016193340947202213
 13.097572187524909 -0.016034436696262158
 13.277051528817303 -0.015873725737542053
 13.458740733519615 -0.014134016969586442
 13.642639801631843 -0.012985889765359162
 13.828652652136164 -0.011971512198060098
 14.01677928503258 -0.011530147155177793
 14.207211862356738 -0.011969672812090555
 14.399950384108635 -0.01243093151100019
 14.594802688252626 -0.011795045787108693
 14.792057017842177 -0.011151321235259958
 14.991521210841647 -0.006829473684278727
 15.193291348268856 0.0007318347439060094
 15.397463511141629 0.006139616355891938
 15.603941618442137 0.0059832685484807625
 15.812725670170389 0.004988642482902271
 16.024007828362024 0.004656099017570467
 16.2375959309814 0.0028135598149365768
 16.453682140064156 -0.000879778309232534
 16.67217037459248 -0.0030603178222412064
 16.893156715584183 -0.005318094028009081
 17.116641163039272 -0.008761520911782917
 17.342623716957746 -0.01005688658338173
 17.571008296321786 -0.010695552431256156
 17.80208314418485 -0.011341741478011721
 18.0356560985113 -0.01282437415927165
 18.271727159301136 -0.012675531284820785
 18.51048848859 -0.012524992195276467
 18.75184400536007 -0.008122632092714088
 18.99579370961135 -0.007236258270933622
 19.242433682361657 -0.0070631019793531424
 19.49166784259317 -0.007459498414770519
 19.743592271323713 -0.007239541779121512
 19.99830304957111 -0.007017152366037791
 20.255608015299714 -0.008024908143846498
 20.515699330545168 -0.008713477902054609
 20.778480914289652 -0.010030346871535461
 21.04404884755099 -0.009341943735680853
 21.312499211347 -0.008646068785761253
 21.58363984364204 -0.006271920760986942
 21.857566825453933 -0.004228301635958745
 22.1343762378005 -0.0025994377701201283
 22.413971999663918 -0.0015678225285922032
 22.696354111044187 -0.0010261496375041396
 22.981714733976954 -0.0007327693271581534
 23.269957787444397 -0.0005448252482806285
 23.56098719042869 -0.0004107707988203167
 23.854995104965482 -0.0003114299420956897
 24.151885450036946 -0.0002367841558593019
 24.45175430666091 -0.00018032113788088943
 24.754505593819545 -0.0001374494304212401
 25.060331473548498 -0.00010481959921962363
 25.36894370279431 -0.00007994715937003567
 25.680630524610436 -0.000060970739861106456
 25.995295857979063 -0.00004648496222229688
 26.31293970290018 -0.000035424821977241424
 26.63365814039162 -0.00002698055135030068
 26.957259008417733 -0.000020534817374172713
 27.284030550031993 -0.00001561673724065444
 27.61368452218092 -0.000011866054069139619
 27.946509167917995 -0.000009007648272469416
 28.282312325207563 -0.000006830805049361446
 28.621190075067453 -0.000005174464260730175
 28.963046336479838 -0.000001958735842024179
 29.308073271480367 -0.000002095599775683605
 29.656078718033392 -0.0000018906947411354715
 30.007254838174557 -0.0000016839228191936112
 30.36140946986822 -0.0000012678537128829291
 30.718734775150025 -9.53309953110227E-7
 31.07903859198433 -7.158294582767409E-7
 31.442513082406773 -5.367626064474639E-7
 31.80906216539954 -4.0192160051065226E-7
 32.17868584096262 -3.0052325919437904E-7
 32.55138410909602 -2.2438056313801532E-7
 32.92725305081756 -1.6728251905107003E-7
 33.30610050409161 -1.245299337304006E-7
 33.68811863095379 -9.256403327398122E-8
 34.07311526936847 -6.869983970512717E-8
 34.46128258137129 -5.091034968540178E-8
 34.85252448594443 -3.7669485988740696E-8
 35.24684098308789 -2.7829384180340852E-8
 35.64413599178385 -2.0527897779334908E-8
 36.04460167406795 -1.5118526412332445E-8
 36.44804586790455 -1.1117248799919371E-8
 36.85456465431146 -8.16210881921281E-9
 37.264158033288695 -5.983128404787845E-9
 37.67682600483625 -4.378964864825951E-9
 38.092376406918476 -3.1998746634446945E-9
 38.51100140157103 -2.334592467448323E-9
 38.93270098879389 -1.7006174366124181E-9
 39.357283006551434 -1.2368644387865293E-9
 39.78493961687929 -8.981634099471592E-10
 40.21547865774183 -6.511890558165877E-10
 40.64899621015687 -4.713925808860584E-10
 41.08539619310657 -3.407085872404145E-10
 41.524774687608776 -2.4587159844692626E-10
 41.96703561264565 -1.771591458094365E-10
 42.412178968217205 -1.274528056258129E-10
 42.86020475432343 -9.155324688881318E-11
 43.311016889946515 -6.566494044518888E-11
 43.764711456104266 -4.702582928715067E-11
 44.22119237177887 -3.362686598691694E-11
 44.680459636970326 -2.4009767829872195E-11
 45.142513251678636 -1.711767619180173E-11
 45.6073532159038 -1.218601963803207E-11
 46.07478736761016 -8.66252691069826E-12
 46.54500786883339 -6.148927152490149E-12
 47.01782255753781 -4.358451331775141E-12
 47.49323143372345 -3.0849480762714713E-12
 47.97133057840811 -2.1804869591238284E-12
 48.452023910573985 -1.5390580356208698E-12
 48.93521534920323 -1.0848260499325691E-12
 49.42090489429587 -7.636193334597166E-13
 49.90918862686973 -1.5332245544031756E-13
 50.39987438488913 -2.0863536046912027E-13
 50.8929621683541 -1.9685216658305004E-13
 51.38845197726464 -1.8501157210322471E-13
 51.8862477306029 -1.2938503679191406E-13
 52.386445509386746 -9.037078447982108E-14
 52.888853151580484 -6.304337748954939E-14
 53.39356673820198 -4.3926639108086453E-14
 53.900490188233384 -3.057050722400066E-14
 54.409623501674716 -2.1250688875557328E-14
 54.92077451649031 -1.475529147825169E-14
 55.434135394715824 -1.0233905585498247E-14
 55.9495139743156 -7.090184748009465E-15
 56.466814174271846 -4.906947468912129E-15
 56.98622815662018 -3.3924320975134507E-15
 57.50746767830714 -2.3429748120809557E-15
 58.030628820350536 -1.6165662567850992E-15
 58.55561550173257 -1.1142912613684904E-15
 59.08242772245323 -7.673471556913243E-16
 59.61087332047687 -5.279449404687058E-16
 60.14114445783915 -3.6291085179088224E-16
 60.6730489725044 -2.49245557853917E-16
 61.20649078345481 -1.7104274951166486E-16
 61.74156597170821 -1.1727574582575436E-16
 62.278178456246756 -8.034569299677004E-17
 62.81613607503483 -5.500964029304909E-17
 63.35553490909024 -3.7631209242612585E-17
 63.89637495841298 -2.5719608473274754E-17
 64.43846406096742 -1.757594606764222E-17
 64.98180221675354 -1.1991395084492781E-17
 65.52638942577136 -8.179364011403287E-18
 66.07203352598523 -5.579759820647818E-18
 66.61883059841297 -3.805391765637524E-18
 67.16668456203675 -2.5863080578899125E-18
 67.71559541685657 -1.7476093686438443E-18
 68.26537100083681 -1.1948300898920625E-18
 68.81601131397746 -8.110124268121193E-19
 69.36742027526067 -5.572314686961572E-19
 69.91969396570428 -3.699828528947356E-19
 70.47264022327266 -2.5102012736548585E-19
 71.0262590479658 -1.6634180451236077E-19
 71.58055043978369 -1.094443410859038E-19
 72.13532223669068 -9.441480591857403E-20
 72.6905744386868 -9.089807512442348E-20
 73.24621096475421 -1.9285961890660922E-20
 73.80232789591072 -2.3369304004748608E-20
 74.3587330701207 -1.5462368750542478E-20
 74.91533040636634 -7.552702729541518E-21
 75.47221598566544 -2.659267696423949E-21
