 0. 0.
 0.0016988879517398905 0.0006339511022153049
 0.00889220474529743 0.0019074380723892454
 0.019327962405125184 0.0031972488173428104
 0.0323571007900642 0.0045049528299417295
 0.047680844178669385 0.00583187791367412
 0.06512690753102525 0.007179136438319027
 0.08458592822262664 0.00854751425854324
 0.105985213681243 0.009937378930080105
 0.12927523544813574 0.011348568191626641
 0.15442267108168692 0.012780336458794814
 0.18140592141638495 0.014231162988315466
 0.2102104955452869 0.015698853461320033
 0.24082955921246155 0.017180366701557915
 0.27326112283091164 0.018671930805355938
 0.3075072790598428 0.020169085254418455
 0.34356687165490024 0.021666610256336823
 0.38145446815985967 0.02315877803339373
 0.42116972971663136 0.024639358757889786
 0.462725060916908 0.02610178154839244
 0.5061339530381542 0.027539244724574422
 0.5513993255342775 0.028944861374689636
 0.5985357447991924 0.030311862364427563
 0.6475528423239071 0.031633684578309874
 0.698456248578042 0.03290395113052534
 0.7512629911240181 0.03411715111201403
 0.8059745233009153 0.035267548823245426
 0.862599626918624 0.03635065336414189
 0.921145226557403 0.037361745141253774
 0.9816186055976363 0.03829699727132664
 1.0440188073630072 0.039152522268686596
 1.1083496114934959 0.03992492955535426
 1.1746059280035048 0.040611205350247856
 1.242789132689372 0.04120837293560618
 1.3128893209410968 0.04171438600770722
 1.3848974612044496 0.04212730705848643
 1.4588008812197362 0.04244608344712148
 1.534586935451942 0.04267036442309815
 1.6122302045260366 0.04279988317741066
 1.691707643653829 0.042835499296728176
 1.7729930012858304 0.042778031745277854
 1.8560531558458009 0.04262886346127469
 1.94085109258306 0.04238997522999984
 2.0273469913470983 0.04206387999222135
 2.11549254456951 0.04165393138708518
 2.205237349822884 0.041164304925505546
 2.296531184773567 0.0406
 2.389313137777156 0.039967236581980495
 2.4835276487111893 0.03927276409930933
 2.5791056151078187 0.038523239739149666
 2.6759919152059637 0.03772545559698385
 2.7741178756717138 0.036884820726146954
 2.873420172593522 0.036006110592509154
 2.9738290631343722 0.03509259181080816
 3.075296406156165 0.03414732786031727
 3.1777508622244452 0.03317303121513016
 3.281147237389088 0.03217265920001019
 3.3854320451204925 0.031149847511665284
 3.490559949464064 0.030108686454244395
 3.596494361653056 0.029053915398789196
 3.7032030786571464 0.02799044479818068
 3.810666225543153 0.026922945604075346
 3.918858649040741 0.02585536694769579
 4.027782142969687 0.024790865253153226
 4.137431591406319 0.02373202477665991
 4.2478146463171305 0.022681490250863145
 4.358954392973626 0.02164275860420755
 4.470871630978345 0.02062125117445593
 4.5836064376036765 0.019625060509460855
 4.697186324726728 0.01866528863961123
 4.81165918874563 0.01775483032867394
 4.927078605138193 0.01690641889934116
 5.043497026563355 0.01612991010514318
 5.160975926190797 0.015431526172093283
 5.279565270498849 0.014814452402974604
 5.3993402829800985 0.014279740894007846
 5.520353830263994 0.013826423977297962
 5.642681023212868 0.013450687714760164
 5.7663936066441925 0.013145949946656575
 5.89155693871959 0.012903177903136885
 6.018203771638341 0.012712120200816227
 6.146426909818111 0.012562523631818569
 6.276260719585243 0.012445240053932266
 6.40773038108371 0.012352449149864978
 6.540979547974188 0.012277988434593021
 6.675966318471322 0.012217241914605768
 6.812829313206295 0.012166840181411114
 6.9514708847369056 0.012124644324680208
 7.0920724166073565 0.012089458217802815
 7.234591705752826 0.012060845741489275
 7.379096611717049 0.012038687636117153
 7.525656078962806 0.012023019587441418
 7.674276258865909 0.012013284313625479
 7.824963863655986 0.01200833044182246
 7.977786407249127 0.012006373307539625
 8.132752019078755 0.012005582035036868
 8.289977737380193 0.012004457505443551
 8.449416516496502 0.012001708211750525
 8.611125777524407 0.011996166054202484
 8.77516737696354 0.011986700963985044
 8.941542836479952 0.01197246841716444
 9.110305369655205 0.011953325897004565
 9.281456326217722 0.011930213744941874
 9.455039087104916 0.011905082948052063
 9.631115335154576 0.011879646459385901
 9.809676147567384 0.011855378526221759
 9.990773133137207 0.011834018759491638
 10.174355297807326 0.011817910136737374
 10.360581335899596 0.011809953429205383
 10.549461682107315 0.011812535714231725
 10.740996758965514 0.011826537954955373
 10.93518151426517 0.01185078056500921
 11.13219036291997 0.011882339836917643
 11.331905613040401 0.011917046613989558
 11.534439879363308 0.011950146442617346
 11.73983778108127 0.011977353630915302
 11.948098852379523 0.011995499155933446
 12.159297130684273 0.012001958173564847
 12.373495520804868 0.011993414859830373
 12.590720070284796 0.01196733052940379
 12.811042002980257 0.011925309220309552
 13.034470722026823 0.01187349990525119
 13.261171590927972 0.011819517756659955
 13.491008117128974 0.011768219916367981
 13.724136992369429 0.011720793488497269
 13.960482038990516 0.011676771814161652
 14.200141521736755 0.01163486140871476
 14.443100236599808 0.011594136449084943
 14.689469190996114 0.01155625371822547
 14.939190588296476 0.011524799347494081
 15.19239817408924 0.011501086905158138
 15.449163195801196 0.011486209122247426
 15.70949379767688 0.011481942344394524
 15.973519173310368 0.011490474315710384
 16.241176419546967 0.011514208613708542
 16.512627176525275 0.011550973984907073
 16.78780751165917 0.01159685302140197
 17.066813199166777 0.011651695155641517
 17.34967394127489 0.01171294156051331
 17.636461852796195 0.011777563415240012
 17.927128637181962 0.011843310348040365
 18.221898791160903 0.011904746952371563
 18.52064988881239 0.011952029116430398
 18.82354024427395 0.01197668568511339
 19.13054912872593 0.011972677227754868
 19.441718418647557 0.011936917525056458
 19.75697600277767 0.011881834875136079
 20.076484118504386 0.011833300469437933
 20.400327885801662 0.011804914230946366
 20.72861293260664 0.011804109453914769
 21.061384898975824 0.011832624391909007
 21.39874502265713 0.011884611899426923
 21.740681288809682 0.011963151758629496
 22.087303572463707 0.012070169841389972
 22.438781499451284 0.012190570126126177
 22.79515292069245 0.012302032352420472
 23.156568820229968 0.012383698962749377
 23.5228857163919 0.012419380016731913
 23.894247819721496 0.012417246071492664
 24.270593346431856 0.012411728324451837
 24.651925278602942 0.012423888280244636
 25.038280992679443 0.012437604270919701
 25.429778637943453 0.012431452047126272
 25.826450274992972 0.012390238092950433
 26.228512151803937 0.01231084887406226
 26.635945230307335 0.012194629965685716
 27.04902568723002 0.0120439611424149
 27.467785071968397 0.0118818769561042
 27.892257561222763 0.011735416481744481
 28.322529027078822 0.011598491281196879
 28.75864444330955 0.011478283843850525
 29.200909310106372 0.011412536965986136
 29.649391196115218 0.011391531942631773
 30.104108724642384 0.011382925810177276
 30.564992451842958 0.011385517116055817
 31.03208686500297 0.01142212764768456
 31.50545350316089 0.011486339712893747
 31.984954676115414 0.01153919407931074
 32.47047348639225 0.011553267935956476
 32.9622129348492 0.011565725225855921
 33.46068706047956 0.011622607280640606
 33.966334665365025 0.01170751895151146
 34.47907960502684 0.011807074150694574
 34.999062243924214 0.011869919966031785
 35.52594312458457 0.011820279184520137
 36.059296098956715 0.011679126679679436
 36.5989105927718 0.01153247588334786
 37.145053538864964 0.011449628814944178
 37.697845798439126 0.011388195642857564
 38.25758524782993 0.011264546151532249
 38.824353174731726 0.011103377864415856
 39.398659116393034 0.01100826961879114
 39.980841088393014 0.011027783095436726
 40.57090836249525 0.011142486257563883
 41.16865516778562 0.011328459736433722
 41.77419786451602 0.01165259627722509
 42.38811616492951 0.012101570146059561
 43.01060790925525 0.01257803641273152
 43.64175342334061 0.013023901105275638
 44.28133497578226 0.013400037313380886
 44.92933978513793 0.013623435690015936
 45.58550850098861 0.013632094483240645
 46.250036523282844 0.013547582810228546
 46.923594500043414 0.013458343137251331
 47.6057801845884 0.013266762981224922
 48.29638974439297 0.013055190538632517
 48.9961091684588 0.012895852046297677
 49.70461240093333 0.012730671624073885
 50.421718812556726 0.012602063323122924
 51.14806432646381 0.012574736577757801
 51.884091650596275 0.012602777471652825
 52.63030584450681 0.012620855755454937
 53.38690692035389 0.012710507464298977
 54.15423236712325 0.01295692864841047
 54.93288326044114 0.013218812352098807
 55.72270563665251 0.01339973880342449
 56.522650223262325 0.013460497761970024
 57.33137011419691 0.013331053971835835
 58.14812673004218 0.013087016466712342
 58.974036834002796 0.012805897079080404
 59.81043979681409 0.012560931494120967
 60.65715789177945 0.012404636230055277
 61.51478286937756 0.01222648763954718
 62.385720673673575 0.012097851048843344
 63.264183625453995 0.012048153385477793
 64.14958065333171 0.012214622384666666
 65.04475502223906 0.012565388971297307
 65.95225149148328 0.012829146503177832
 66.87280460858324 0.013001153794952201
 67.80584682412568 0.013181805642627265
 68.74819638198808 0.013135904993566297
 69.69768332365352 0.013005883284114155
 70.6568746928207 0.012963024338479042
 71.63036096322924 0.012901744068148306
 72.62077653688367 0.012919481413741033
 73.6236860642607 0.013053888309618709
 74.63731427847955 0.013243564474868538
 75.65988723685442 0.013428551671717989
 76.69429777458477 0.013769931009267985
 77.74432466264031 0.014471627413667061
 78.81026566194785 0.015216865643094836
 79.89220302221376 0.015389217004123374
 80.98657517080105 0.015245458340109031
 82.08980570278725 0.015082473271980295
 83.20104062148658 0.014733465308609512
 84.31996989348198 0.014178293268232252
 85.45328036990502 0.013762666892721048
 86.6096456789953 0.013557728423301597
 87.78228580884296 0.013313564511429687
 88.97225299655223 0.013024630512993449
 90.17533923789681 0.012753038853543888
 91.38947487367925 0.012666214904224544
 92.61798776768507 0.012700393694685216
 93.86067296646345 0.012331585461731999
 95.10619632408596 0.012302804558311084
 96.36832635994035 0.01220815301345785
 97.6408144333834 0.012129344582457867
 98.92556316062156 0.011977771078126347
 100.22228136067818 0.011488646569548564
 101.53386966804163 0.011242286244354393
 102.86576134349221 0.010887010608978022
 104.21859251037658 0.010676282124410163
 105.58546776112365 0.011272133782030801
 106.95677026865191 0.011489952132189238
 108.34196619327 0.011911716920746563
 109.75429094824149 0.01228608969526106
 111.19895469354908 0.01195604449640432
 112.65285699319722 0.011052330071075511
 114.13918336841094 0.010027611879206335
 115.63657320017124 0.009433456418513841
 117.15137469368482 0.008975338433730507
 118.69097987505805 0.008261174250674052
 120.24748774188079 0.007704829654184445
 121.79928001290895 0.006872743265974657
 123.34242275311901 0.005811738122111147
 124.89724318765501 0.004530386296994993
 126.47007528836767 0.00342790023192041
 128.06452621725202 0.0025505607226647244
 129.68052718172555 0.001949443510338271
 131.31585915082172 0.0015533801852733928
 132.96910926009988 0.0012713024817092116
 134.64065669655 0.0010565888509727896
 136.32949364336 0.0008863041238762235
 138.03493433875215 0.000748001336897201
 139.7579751354272 0.0006340410081374864
 141.49805850410513 0.0005392281520840692
 143.25575282799423 0.0004597934318800128
 145.03035566833222 0.00039288929738540856
 146.82306661475164 0.0003363034344160047
 148.6321255861308 0.00028828180657127845
 150.45929694391614 0.0002474140254714757
 152.30394468644323 0.00021255281696557212
 154.16599206047965 0.00018275694241259345
 156.0461556695297 0.00015724693955686386
 157.94323382059108 0.00013537466528121131
 159.8589157030604 0.00011659802742756843
 161.79151286025765 0.00010046243078882772
 163.7427145052231 0.00008658267725128394
 165.7113951143935 0.00007463477741642967
 167.69811801483246 0.00006434298718586199
 169.70232062003615 0.00005547296638904395
 171.72512923354975 0.00004782499346576014
 173.76541830025124 0.000041228388277981475
 175.8243141394439 0.000035537163645963644
 177.9006022025427 0.00003062616528395287
 179.99558573342313 0.000026387989692282357
 182.10805120556063 0.00002273033215771384
 184.239124969211 0.000019573732398293384
 186.3882444183993 0.00001684980712055779
 188.5553156310678 0.000014499551717208363
 190.7405264941389 0.000012472128928134121
 192.94434717554472 0.000010723525539672109
 195.16565204239637 0.000009215899305005453
 197.40556749165827 0.00000791641332927987
 199.66296787466348 0.000006796734510042304
 201.93887861896545 0.000005832358013702519
 204.2329379118503 0.000005002099559185123
 206.54504628300708 0.000004287633379849541
 208.874641075727 0.0000036730913410913155
 211.22284873368133 0.0000031447702618792362
 213.58865036486367 0.0000026908140032339655
 215.97239696570335 0.0000023009671879451043
 218.37419453620623 0.0000019663646660779887
 220.79404345441264 0.0000016793510651439145
 223.23092959956205 0.0000014333003872182551
 225.68575743996453 0.0000012224974437601086
 228.15863775538605 0.000001042007677514902
 230.64913671682945 8.875747855814742E-7
 233.15653817400084 7.555190268947567E-7
 235.6820353852578 6.426748789240171E-7
 238.22384767287227 5.463121818154891E-7
 240.78378178231097 4.6407973452845364E-7
 243.36000627288104 3.939543120718442E-7
 245.95437899568725 3.34194554114815E-7
 248.56445396103254 2.833040769208943E-7
 251.19270390042297 2.399972916513851E-7
 253.836067581358 2.031698796573941E-7
 256.49763330389925 1.7187495454544855E-7
 259.1755826627613 1.4530037852669208E-7
 261.8686070690196 1.2275015274939578E-7
 264.5793116432489 1.0362914647916386E-7
 267.30640123947296 8.742659778351208E-8
 270.04875006655675 7.370746230877847E-8
 272.80612121208827 6.209919484180128E-8
 275.58010234182717 5.2284127610585604E-8
 278.3693440148116 4.399113547068318E-8
 281.17440984599244 3.698918760935417E-8
 283.9947371420315 3.108131271359046E-8
 286.8297631870624 2.610015325625503E-8
 289.6794884193501 2.1903264596858615E-8
 292.5444764594392 1.836959444299193E-8
 295.4236013866298 1.5396363206939487E-8
 298.3168636222725 1.2896394845072013E-8
 301.22426358770883 1.079578621500074E-8
 304.14523849946653 9.031921168832244E-9
 307.080351972418 7.551768004911167E-9
 310.03002731312966 6.3105071111599265E-9
 312.99174426543624 5.270256160757274E-9
 315.966474618881 4.399022618718844E-9
 318.9558125718029 3.669782009874701E-9
 321.95545936424645 3.059784306123554E-9
 324.96974454335714 2.5498333278863544E-9
 327.9959483566809 2.1237749409953966E-9
 331.0318540837552 1.7680130090019135E-9
 334.08188155746285 1.4711254195343103E-9
 337.1427026291274 1.2235031671393419E-9
 340.21488106998635 1.017088983324468E-9
 343.29785408404194 8.451136018311384E-10
 346.3916221504494 7.01908825988105E-10
 349.495059113589 5.82722060677301E-10
 352.61105347512864 4.835752268261889E-10
 355.73497175441224 4.011383801133968E-10
 358.8697895122972 3.326289223744682E-10
 362.014309223367 2.7571851588168686E-10
 365.16614421244753 2.284655335056034E-10
 368.32780028322856 1.8924798545823413E-10
 371.4998884515314 1.5671343273631651E-10
 374.67871431730083 1.2973395854594124E-10
 377.8649911439359 1.0736992130014812E-10
 381.06062221975264 8.883923682697865E-11
 384.263736934587 7.349074771697455E-11
 387.47320891498026 6.078305684975048E-11
 390.68960209131427 5.026589300907724E-11
 393.9123534778136 4.156537020164743E-11
 397.1434461817616 3.43709179394441E-11
 400.379803067662 2.8425129727056656E-11
 403.6214245825928 2.3514208470624733E-11
 406.8677476198919 1.946129492094501E-11
 410.12138307410714 1.6119925558140768E-11
 413.37918953134 1.3369106178050947E-11
 416.6411673932421 1.1108915338591793E-11
 419.90941238119217 9.257213403611262E-12
 423.1807345934553 7.746554072618354E-12
 426.45726198416196 6.521909229665804E-12
 429.73633588522983 5.538655071404971E-12
 433.02068028256474 4.761102813424637E-12
 436.30704041238016 4.16118973371799E-12
 439.5992373250838 3.7175798579183204E-12
 442.89351507350347 3.4150695454119232E-12
 446.19097081499837 3.24387114417327E-12
 449.496134575132 3.2040755296965147E-12
