 0. 0.
 0.003968879860143576 0.0119714
 0.02077407133166109 0.0360949
 0.04515456326683894 0.0605729
 0.07559262356542448 0.0854069
 0.11138763949836941 0.110597
 0.15213170185271666 0.136139
 0.19756289401287883 0.162029
 0.24750075311082922 0.188258
 0.3018158665634725 0.214813
 0.36041215483198746 0.241679
 0.42321608423341983 0.268836
 0.4901683620090731 0.296261
 0.5612182904662634 0.323925
 0.6363182923372271 0.351794
 0.7154287951232856 0.37983
 0.7984896200677494 0.407989
 0.8854714957387941 0.436223
 0.976299784011478 0.464477
 1.0709191433489293 0.492692
 1.1692641862693007 0.520802
 1.271237775965168 0.548736
 1.376755587041391 0.576421
 1.4857109152290366 0.603777
 1.5979769727379505 0.630721
 1.7134358167753259 0.657166
 1.831925886253881 0.683024
 1.9532992377490768 0.708208
 2.0773821081827446 0.732627
 2.2040014567428887 0.756194
 2.3329621305225214 0.778828
 2.464072134584913 0.800448
 2.597125756104132 0.820985
 2.731938088696966 0.840375
 2.868303056889085 0.858566
 3.0060383478147266 0.875517
 3.144966815778092 0.891202
 3.2849304241899113 0.905606
 3.425784718400595 0.918731
 3.5674041439703803 0.930592
 3.709700673699535 0.94122
 3.852608437874133 0.950657
 3.996083357905671 0.958959
 4.140120366382382 0.966193
 4.28472896881249 0.972433
 4.429955588814854 0.97776
 4.575872251495548 0.98226
 4.722562113772426 0.986021
 4.8701409176184285 0.989129
 5.018710619150571 0.991669
 5.168418898422376 0.993721
 5.319394608913086 0.995362
 5.471770784805497 0.99666
 5.625665284230755 0.997675
 5.781224106946532 0.998461
 5.938544405571271 0.999064
 6.097748389761233 0.999521
 6.2589233113675595 0.999864
 6.422127507156354 1.00011
 6.587480127091904 1.00029
 6.755015620540885 1.00041
 6.924828384183704 1.00049
 7.096892968243987 1.00052
 7.271282638510333 1.00051
 7.448043998832822 1.00047
 7.627208695932794 1.0004
 7.808847171344449 1.00031
 7.992943469523625 1.00019
 8.179579383217572 1.00005
 8.36881044526179 0.9999
 8.560668661072413 0.999739
 8.755226141068508 0.999573
 8.952537403561976 0.999408
 9.152665464094198 0.999247
 9.355658804049513 0.999096
 9.561589009986516 0.998957
 9.770503524535386 0.998835
 9.982451832336343 0.998729
 10.197518304877727 0.998641
 10.415738168816858 0.998571
 10.637117019313173 0.998519
 10.861738163562057 0.998481
 11.089606152634033 0.998457
 11.32070866244161 0.998444
 11.555219122668868 0.998437
 11.793046216715979 0.998437
 12.034378996217963 0.998442
 12.27901454612824 0.998451
 12.527252288706716 0.998464
 12.77898808158736 0.99848
 13.034322446477736 0.998499
 13.293342627608824 0.998519
 13.556062699873289 0.998542
 13.822470130390037 0.998566
 14.092685929174753 0.998594
 14.366704682795827 0.998625
 14.644748421240452 0.998662
 14.92672802414834 0.998706
 15.212730790638593 0.998755
 15.502873996082926 0.998811
 15.797153115940235 0.998873
 16.095670497900613 0.998941
 16.398437454010725 0.999016
 16.705548596322547 0.999097
 17.01712356693224 0.999186
 17.33315799925846 0.999282
 17.653737508595373 0.999383
 17.978720839171512 0.999484
 18.308406726878534 0.999585
 18.642777228339227 0.999684
 18.981803557858136 0.999778
 19.325435521563627 0.999862
 19.67392735250243 0.999932
 20.027083537187824 0.999989
 20.385167724879835 1.00004
 20.74832833120143 1.00009
 21.116575749236183 1.00014
 21.490009747035757 1.00019
 21.86883941971083 1.00025
 22.252959671866055 1.00031
 22.64247037402019 1.00037
 23.0373720080267 1.00043
 23.43796326633257 1.00049
 23.843926689524384 1.00054
 24.255676049266082 1.00059
 24.673112365974063 1.00064
 25.096434890535917 1.00069
 25.52551652760422 1.00073
 25.96067974959288 1.00077
 26.401693597520822 1.0008
 26.84901884709119 1.00084
 27.302761979131848 1.00089
 27.76293024213347 1.00095
 28.229729929239564 1.00102
 28.702925890570313 1.00109
 29.182817102331146 1.00116
 29.66915665656228 1.00122
 30.161986146692797 1.00126
 30.661543799883805 1.00129
 31.167766262138546 1.0013
 31.680697234792298 1.0013
 32.20056601034116 1.00128
 32.727321327104335 1.00125
 33.26141938424069 1.00122
 33.802859850661356 1.00119
 34.35201282867386 1.00117
 34.90896123387209 1.00117
 35.473842910302345 1.00118
 36.046306395699744 1.00118
 36.626259631871726 1.00116
 37.21415613764096 1.00114
 37.80981686329215 1.0011
 38.41341529069676 1.00105
 39.025041163442516 1.00099
 39.64468534513478 1.00091
 40.27273054892169 1.00083
 40.909678401483504 1.00076
 41.55533874379064 1.0007
 42.210329078981836 1.00066
 42.874882791956416 1.00065
 43.54912906526794 1.00067
 44.23231383060481 1.00068
 44.923952400147265 1.00065
 45.624230789110705 1.00059
 46.333646302603036 1.00051
 47.05278248668346 1.00044
 47.78242499788802 1.0004
 48.52187858952098 1.00036
 49.2713414606836 1.00032
 50.031011794555134 1.00028
 50.80053564139387 1.00023
 51.57994096698385 1.00016
 52.370611694947904 1.00012
 53.17278163012359 1.00011
 53.98621683041353 1.00012
 54.810493196499465 1.00013
 55.645909049250925 1.00014
 56.4928463619508 1.00016
 57.35084413706235 1.00017
 58.21969802155491 1.00016
 59.10036752116654 1.00016
 59.992363641623236 1.00014
 60.89515601724573 1.00009
 61.81002764866245 1.00004
 62.73722857478048 0.999998
 63.676557883418624 0.999948
 64.62793627467737 0.999891
 65.59237337274952 0.999846
 66.57155026993495 0.999863
 67.56616045344413 0.999951
 68.57346875503771 1.00003
 69.5931648389123 1.00008
 70.62562266276605 1.00011
 71.67055299445295 1.00011
 72.72810758326918 1.00008
 73.80055138095986 1.00008
 74.88813141259665 1.00011
 75.99033613340076 1.00015
 77.10843863871706 1.00023
 78.24231506127136 1.00034
 79.39261398550872 1.00049
 80.55709121455087 1.00062
 81.7318299313129 1.00063
 82.92054722316514 1.00061
 84.12917363576715 1.0007
 85.3534175202428 1.00079
 86.58526026934996 1.00069
 87.82937332421484 1.00051
 89.08881783096902 1.00032
 90.36025402238079 1.00004
 91.65042107687071 0.999821
 92.96289320378038 0.999731
 94.29392518497895 0.999681
 95.6454652609792 0.999708
 97.01655870994881 0.999785
 98.40283367107642 0.999817
 99.80449478988085 0.9998
 101.22675945953351 0.999845
 102.67214197447746 1.00001
 104.14054896528432 1.00025
 105.62343945609078 1.0004
 107.1206963408878 1.00048
 108.6337941781384 1.00052
 110.16793482870251 1.00058
 111.72341056654331 1.0007
 113.29103091767841 1.00068
 114.87907631342912 1.00067
 116.48483001063732 1.00064
 118.1098271950756 1.0006
 119.7570344103589 1.0006
 121.41380812694129 1.00043
 123.09486177169201 1.00032
 124.80870747960884 1.00042
 126.52968530371632 1.0003
 128.26654936444504 1.00009
 130.02968098761863 0.999984
 131.82200084771685 0.999992
 133.61434715836842 0.999673
 135.42647709339414 0.999332
 137.27463585954797 0.999221
 139.1526072909182 0.999213
 141.05157664231388 0.999179
 142.96954495527106 0.999106
 144.9179281214996 0.999153
 146.88465776116485 0.999124
 148.86980597813445 0.999023
 150.87343214233223 0.99888
 152.91491695404682 0.998911
 154.97993070425775 0.99895
 157.07861166876833 0.999113
 159.21122995617603 0.999386
 161.35922895536524 0.999547
 163.51988561235976 0.999567
 165.7210062549232 0.999763
 167.9335552840631 0.999806
 170.1857362466032 1.00001
 172.4620118528195 1.0002
 174.72935399101152 0.999987
 177.00530980104614 0.999585
 179.3097460670758 0.999223
 181.66134442211367 0.999116
 184.04326509323369 0.999039
 186.45791890291113 0.999038
 188.89603292131773 0.999012
 191.36543920998105 0.999023
 193.8529596830031 0.998944
 196.38783885791375 0.999076
 198.94329928150248 0.999132
 201.51342052237703 0.999066
 204.1043388970115 0.998933
 206.8788831125876 1.0003
 209.5815013469469 1.00069
 212.2238294887429 1.00023
 214.92282183333785 1.00005
 217.66309278092456 0.999989
 220.43708691981934 0.999965
 223.24040249865672 0.999955
 226.07318745452568 0.999951
 228.93623194005033 0.999951
 231.82821160597513 0.999952
 234.74901345336784 0.999953
 237.7007439194097 0.999955
 240.6824137525173 0.999958
 243.69279008296442 0.99996
 246.73397939904712 0.999962
 249.80498801911054 0.999964
 252.90680980765248 0.999966
 256.03845108102996 0.999968
 259.20189948277965 0.99997
 262.3940425733681 0.999971
 265.6181225661302 0.999973
 268.8728817321528 0.999974
 272.1585874010322 0.999976
 275.47596289241386 0.999977
 278.8231551318468 0.999978
 282.20314550862093 0.999979
 285.6130955351618 0.999981
 289.0557027063391 0.999982
 292.5289743417379 0.999982
 296.0341950532491 0.999983
 299.57022657407515 0.999984
 303.13905651943537 0.999985
 306.7386973685161 0.999986
 310.3711367385241 0.999987
 314.0342300875411 0.999987
 317.7302772251072 0.999988
 321.4571354398026 0.999989
 325.2166297417523 0.999989
 329.00808971720005 0.99999
 332.8311882662525 0.99999
 336.68625634365816 0.999991
 340.57412327936845 0.999992
 344.49262929796345 0.999992
 348.44410454332643 0.999993
 352.42621498392947 0.999993
 356.44129866614594 0.999994
 360.48800738133605 0.999994
 364.56669962810366 0.999995
 368.67601910352846 0.999995
 372.81832004155103 0.999996
 376.99124412978944 0.999996
 381.1961600957994 0.999997
 385.4326888604533 0.999997
 389.70121377112525 0.999998
 393.99935969386667 0.999998
 398.3295060924835 0.999999
 402.6912568178499 0.999999
 407.08302482863036 1.
 411.5063928363062 1.
 415.9595746027397 1.
 420.44356391988947 1.
 424.95736699579686 1.
 429.50197762242044 1.
 434.07640200780173 1.
 438.6806401519406 1.
 443.31469205483717 1.
 447.97756392453283 1.
 452.6702495529861 1.
 457.39404210129675 1.00001
 462.1443914149166 1.00001
 466.92356083943486 1.00001
 471.73155037485174 1.00001
 476.56637242731205 1.00001
 481.4300145906709 1.00001
 486.3204892710732 1.00001
 491.237796468519 1.00001
 496.18292997993575 1.00001
 501.154896008396 1.00001
 506.1527007569721 1.00001
 511.1763442256642 1.00001
 516.2268202113997 1.00001
 521.3021411203237 1.00001
 526.402306952436 1.00001
 531.5299753111051 1.00002
 536.6788629366542 1.00002
 541.8525956096149 1.00002
 547.049185726194 1.00002
 552.2696270882881 1.00002
 557.5129258940008 1.00002
 562.779082143332 1.00002
 568.0661082324888 1.00002
 573.3759917652642 1.00002
 578.706745137865 1.00002
 584.060294769563 1.00003
 589.4328146836762 1.00003
 594.824216928231 1.00003
 600.2354953100929 1.00003
 605.6656560223967 1.00003
 611.1146990651421 1.00003
 616.5806368245985 1.00003
 622.0685671406992 1.00004
 627.5703094549885 1.00004
 633.0879527586255 1.00004
 638.6224908634445 1.00004
 644.1761506853799 1.00005
 649.7405309658055 1.00005
 655.3198184982774 1.00005
 660.9140132827954 1.00005
 666.5244601164392 1.00006
 672.1445222365321 1.00006
 677.7775040396597 1.00006
 683.4248347758117 1.00007
 689.0807027571242 1.00007
 694.7509763182709 1.00008
 700.4287368744815 1.00008
 706.1189722020383 1.00009
 711.8182089489851 1.0001
 717.5218661607962 1.0001
 723.2380837491498 1.00011
 728.9613154005369 1.00012
 734.6915612188711 1.00013
 740.4325229246913 1.00015
 746.174838325721 1.00016
 751.925939429678 1.00018
 757.6811308759391 1.0002
 763.4414066832963 1.00022
 769.2086242681282 1.00025
 774.9780021720339 1.00028
 780.7544369596808 1.00032
 786.5360270053292 1.00037
 792.3268183807749 1.00044
