 0.0008936944874018513 0.9999717604756556
 0.002693967141905911 1.0002505039119085
 0.00452018344333224 1.001009307690304
 0.006372744935479939 1.0022689583299706
 0.00825199439964092 1.0039999376766924
 0.010158323585863084 1.0060697209171716
 0.012092124244194332 1.0083479750345579
 0.01405378812468257 1.0106740458384076
 0.01604373146175369 1.012953162126553
 0.018062321521077594 1.015118817680747
 0.020109999021458182 1.0170816655594677
 0.022187155712943347 1.0188544076379027
 0.024294232314336982 1.0204611717223007
 0.026431620575686987 1.0218588659822807
 0.028599957090821207 1.0231829054098318
 0.030799143922227656 1.024352406690351
 0.033030405288806026 1.0253755399604783
 0.03529349634677639 1.0264071794317056
 0.03758915162747856 1.027340542100691
 0.03991810566225235 1.0282363250156008
 0.04228035845109775 1.0291713340471684
 0.044676644525354595 1.0301103888522258
 0.047107453572582746 1.0310546573932153
 0.049573030436562145 1.0320314392215328
 0.052074354492412545 1.0330625596433907
 0.054611425740133945 1.0340996049346372
 0.05718497871106616 1.0351618046063047
 0.05979550309276908 1.0362335605015374
 0.0624437334165825 1.0372797272912222
 0.06512991452628637 1.0383508479592485
 0.0678547809532205 1.0394181966646507
 0.07061857754116485 1.0404253140671318
 0.07342228366523913 1.0413924970590358
 0.07626614416922331 1.0423140712548957
 0.0791508935844572 1.0431580756870922
 0.08207702159850068 1.0439364410015137
 0.08504526274269354 1.0446227732896023
 0.0880561067045957 1.0452045816801239
 0.091110043171767 1.0456708767094411
 0.09420780667554728 1.0459868779255974
 0.09735013174727634 1.0461483522492647
 0.10053750807451405 1.0461719152029523
 0.10377067018860024 1.0460210733710928
 0.10705010777709478 1.045706744548098
 0.11037655537133749 1.0452518140430502
 0.11375074750266818 1.0446302774677467
 0.11717317385864674 1.0438262396125795
 0.1206448138143929 1.042851480194432
 0.12416591221368663 1.041681795326248
 0.12773769327542758 1.040122430700028
 0.13136064668717568 1.03885458431945
 0.13503550698027067 1.0372101540703456
 0.1387627638422725 1.0353766056168352
 0.14254364149208082 1.033373159749005
 0.1463783847734756 1.0311882051114694
 0.1502682179053565 1.0288120619645036
 0.15421363057528342 1.0262785628980193
 0.15821535731459616 1.0235397912956676
 0.16227437749841447 1.0205972137298163
 0.16639142565807818 1.0175026167009822
 0.17056748116870704 1.0142089265329368
 0.17480303371786093 1.0107228336400453
 0.17909930752443953 1.0070442666412853
 0.18345679227600273 1.0031674095037617
 0.18787646734767025 0.9990781880444648
 0.1923593121145619 0.9947561854796367
 0.19690606110801745 0.9901817569778635
 0.20151793854693661 0.9853555437576009
 0.20619543411887925 0.9802971565718602
 0.21093952719896514 0.9749825090413325
 0.21575144200609395 0.9693885282028015
 0.22063191307160548 0.9635196539506113
 0.2255821646143995 0.9573157880390606
 0.23060268632203582 0.9507932156817294
 0.23569494725719406 0.9439738621804782
 0.2408594371074341 0.936839792152139
 0.24609738009165566 0.9293962484961888
 0.25141049011631833 0.9216564531474062
 0.2567995017127619 0.9136009701375603
 0.26226441488098634 0.9052088830237879
 0.2678076780587911 0.8964828929729226
 0.27342929124617604 0.8874585513224905
 0.27912925444314135 0.87812853632064
 0.2849124645252856 0.8685292223332849
 0.29077647305480964 0.8586650741622004
 0.29672617690731207 0.8485859687450602
 0.3027566792071941 0.8382763622865287
 0.30887532526785405 0.8277204465906729
 0.31507966665149234 0.8169369702116276
 0.3213721517959085 0.8058643521307587
 0.32775522913890187 0.7945460513136166
 0.3342288986804724 0.7829952716320393
 0.34079316042062013 0.7712347867179993
 0.3474504627971445 0.7592566072717727
 0.35420080581004537 0.7470566987220199
 0.36104908633492155 0.7346753134959565
 0.3679928559339738 0.7221289818375748
 0.3750345630450014 0.7094264143831209
 0.3821766561058036 0.6965726309012343
 0.38941913511638065 0.6836109375399414
 0.39676444851453174 0.6705034342849774
 0.404212596300257 0.6573240127245309
 0.4117660269113558 0.6440504238019353
 0.41942718878562746 0.6306879161971435
 0.42719608192307196 0.6172564016584885
 0.4350751547614887 0.6037401099459715
 0.44306195886307836 0.5901290533753738
 0.4511638395412391 0.5764293509137177
 0.4593807967959708 0.5626686869520754
 0.46771283062727365 0.5488194887423297
 0.4761599410351474 0.5349095346593846
 0.4847294733329904 0.5210225799990436
 0.49341653064520385 0.5072171590081513
 0.5022260098473864 0.4935042705039785
 0.5111603593773376 0.4798763492454466
 0.5202195792350572 0.4662999409100744
 0.529406117858345 0.4527707689070718
 0.538722423685 0.43929298736444805
 0.5481684967150223 0.4258165280519139
 0.5577467853862115 0.4123352187384365
 0.5674572896985672 0.3989172696705582
 0.577307354965488 0.38556979348525144
 0.5872920843113748 0.3722455570879638
 0.5974188230496258 0.3589122903095191
 0.6076851227424417 0.3455709229032054
 0.6180958802654212 0.33226850804693725
 0.6286510956185644 0.31908621584587044
 0.6393556656774699 0.30606723504645744
 0.6502071420043386 0.29325670114727337
 0.6612104214747689 0.2806436178763267
 0.6723679525265606 0.26823286719111106
 0.6836797351597133 0.25603322465085177
 0.695150666249826 0.2440749304513275
 0.7067782973590993 0.23237545956556216
 0.7185699738009311 0.22090992929027645
 0.7305232471375225 0.20970835188404138
 0.7426430142444719 0.19883478317101821
 0.7549317235595787 0.18826866936993775
 0.7673918235206424 0.17794728907292756
 0.7800208656898636 0.16786645490382582
 0.7928286438184399 0.15801500031828533
 0.8058102610307724 0.14839165096403353
 0.8189730626402592 0.1390741865767714
 0.8323170486469003 0.13008755326277538
 0.8458471159262947 0.12144347971248136
 0.8595608160406428 0.11316212228067514
 0.8734654943033431 0.10521415549125022
 0.887561150714395 0.09760439267915677
 0.9018502337115983 0.09031290798479731
 0.9163351917327525 0.08347990290051446
 0.9310209216534558 0.07657344932380603
 0.9459074234737088 0.07006829481641695
 0.9609971456313107 0.06378994042295598
 0.9762949850018601 0.057769275530647674
 0.9918009415853573 0.052037157224676604
 1.0075223606952 0.046633059158026034
 1.0234543454557898 0.04159614989071307
 1.039606689618324 0.03690732733416012
 1.055979393182803 0.03257813419651553
 1.0725749045870259 0.028631564914218817
 1.0893956722687919 0.02504839404544956
 1.1064465931037 0.021791507724237148
 1.1237276670917502 0.018823042811043394
 1.1412462395463407 0.01613640370577433
 1.158999862029672 0.013737120644835376
 1.1769958798551423 0.011594997423115266
 1.1952342930227515 0.009688274081172463
 1.2137199984080989 0.00800168029266431
 1.2324578928867822 0.00652245071294878
 1.2514455280210028 0.005214456166075918
 1.270690249124159 0.004041066839604479
 1.2901945046340495 0.002989473239200882
 1.3099631914262737 0.002053409514667767
 1.3299963095008311 0.0012376289648494362
 1.3502963072955214 0.0005320608550338099
 1.370870530123743 -0.0000780712321129934
 1.3917214264232947 -0.0006243079925395401
 1.412851444631976 -0.0011222278041793275
 1.4342630331875865 -0.0015520610877992366
 1.4559586405279257 -0.0019081994211725035
 1.4779480604041908 -0.0021939198773580203
 1.500226395940783 -0.002402849446007254
 1.5228034408889004 -0.002538878086663211
 1.5456791952485422 -0.0026269126727647713
 1.5688610043331073 -0.002693105710864449
 1.592346419704796 -0.0027471481358523537
 1.6161452351148058 -0.0027919907956441723
 1.6402574505631364 -0.002828539619843661
 1.6646904113631866 -0.002846492550970377
 1.6894416690771565 -0.002867011654437571
 1.714521017456244 -0.002872479334271053
 1.7399309049382479 -0.0028702019733814967
 1.7656737799609685 -0.002869750914184564
 1.7917545394000034 -0.002887741287279185
 1.8181756316931532 -0.002931512108045712
 1.8449419537160159 -0.0029842673567243585
 1.8720584023441904 -0.0029818978923611913
 1.8995274260154766 -0.0029644885281690002
 1.9273539216054725 -0.0028413072746149817
 1.955542785989777 -0.0013801600537582536
 1.9840964676061899 -0.0017488219704480652
 2.01301986333031 -0.0017903393874470022
 2.0423178700377354 -0.0016571466806997886
 2.0719929361662657 -0.0015040906139312674
 2.1020499585915005 -0.0011519961369032498
 2.132493834189037 -0.0008013329104268702
 2.163329459834476 -0.0004915744127823963
 2.194559283965615 -0.0002395720931541068
 2.226190651895853 -0.000054809773282726904
 2.25822356362519 0.00006229595660126107
 2.2906653644670247 0.0001211910826550335
 2.3235209512969544 0.00014582286854154344
 2.3567927725527795 0.00014988136930152077
 2.390485725110099 0.00015193503660498048
 2.4246047058445113 0.00018826319625122315
 2.459161956945013 0.0002610488603885256
 2.494150133098206 0.00035075969289073846
 2.5295545436772944 0.000424624795749364
 2.5654241574382657 0.00047604622437392205
 2.60175897438112 0.0005730306558922411
 2.6385345101278634 0.0007633170491047993
 2.675750764678496 0.000956202940537354
 2.7134567067890054 0.0010628871567899183
 2.751603367703403 0.0010512220103922345
 2.7902397161776786 0.0008743407239404028
 2.82936575221183 0.0005901494115028618
 2.8689569914278645 0.0003736903300877165
 2.909037918203776 0.00033751852231198016
 2.9496085325395645 0.00031094119376855433
 2.9906688344352292 0.00022885061637120308
 3.0322433082687645 0.0000345457232057185
 3.074307469662177 -0.00020697205277415607
 3.116885802993459 -0.000431514943497389
 3.160002792640607 -0.0005311298357082487
 3.2036094698476303 -0.0005384046267624241
 3.2477548033705186 -0.0005663999100830405
 3.292438793209272 -0.0005410228319512292
 3.3376614393638886 -0.0005127142845181928
 3.3833982574563763 -0.00043194146311745067
 3.4296982162427225 -0.0004324331628641176
 3.4765613157229267 -0.00044704861443618614
 3.5239630715189953 -0.0006641165602341748
 3.571903483630928 -0.0011056978924216837
 3.6204315208147135 -0.0015868673167245915
 3.669547183070351 -0.001884599030426782
 3.719201501641853 -0.0021146565280353675
 3.7694679296632003 -0.0026983774399600416
 3.820297498378406 -0.0034758992016135893
 3.871714692165464 -0.002929973448955352
 3.923743995402368 -0.002344444508410562
 3.9763609237111237 -0.003017221290064274
 4.029565477091732 -0.0036837712511022954
 4.08340662430018 -0.003610715764519662
 4.1378353965804795 -0.0035596337335699665
 4.19290076268862 -0.0032894564509060227
 4.248578238246605 -0.0027321773120137214
 4.30489230763243 -0.0019572897703864544
 4.361842970846095 -0.0012143904518418952
 4.4194302278876005 -0.0006868033661215939
 4.477629594378952 -0.00020571981561718
 4.536514523454129 0.0004560589241448747
 4.596036046357147 0.001162829510011671
 4.6561941630880055 0.001664073385413804
 4.71703784240269 0.001759095061623092
 4.77854259992321 0.0014026674177491625
 4.840708435649562 0.0008479509090014965
 4.903559833959742 0.0004276202559861307
 4.967072310475755 0.00034603274115953736
 5.031270349575596 0.00031133001350149426
 5.096178435637258 0.00006695200093515842
 5.161747599904754 -0.00022381063711842335
 5.228026811134071 -0.00016481805574037302
 5.2949915849472164 -0.00010986923599710839
 5.362666405722181 0.00009364899795142805
 5.431075757836962 0.00012391677433398274
 5.500170672535571 0.0000866082241229314
 5.569975634196001 0.000039283374687749357
 5.640515127196245 -0.000006757732847056326
 5.711764667158311 0.00002340684318755862
 5.783724254082198 -0.00011185661576977776
 5.856442856723895 -0.0004310835016139137
 5.929895990705406 -0.0005003751405184291
 6.004059171648739 -0.000457029374951513
 6.07898136830988 -0.00038992225953511287
 6.154638096310837 -0.00025345131276488525
 6.231053840029603 -0.00017751897765385082
 6.308204115088183 -0.00013555799445320147
 6.3861378902425665 -0.00009365575839356766
 6.464781712358772 -0.00003590137439699193
 6.5442090345707795 0.000014057857267755206
 6.624395372500596 0.00003817708645989132
 6.705340726148221 0.00004511023237431749
 6.78706957989165 0.00004560007151981026
 6.869532964974893 0.00004408567922142985
 6.952804334531934 0.00004253960092941284
 7.0368102354287885 0.00004071756863390531
 7.12162412079944 0.0000396178406348986
 7.207197021887901 0.000038767291894728044
 7.293553423072164 0.00003762993667770278
 7.380668839974237 0.00003667060534533182
 7.468592241350106 0.00003584585029274393
 7.557274658443784 0.00003560593235231741
 7.646765060011258 0.000035447403731096644
 7.737014477296543 0.000034907756125761005
 7.8280718790556225 0.00003442040257409329
 7.919888296532513 0.00003398898079351761
 8.012512698483198 0.00003358432516196733
 8.105920600529686 0.00003365978781423755
 8.200112002671977 0.000033749393651860856
 8.295086904910072 0.0000334212756207943
 8.390869791621963 0.000033107123995112124
 8.487411694051662 0.00003281378835051892
 8.584761580955158 0.0000325249700925602
 8.682870483576465 0.00003266915569547328
 8.781787370671568 0.000032807698674022506
 8.881487757862471 0.00003254432725744006
 8.981971645149178 0.000032284898760688504
 9.083214548153695 0.00003243731407556436
 9.185265435632008 0.00003218496868134788
 9.288075338828131 0.00003194129012915192
 9.391668742120055 0.00003209298467867842
 9.496045645507783 0.0000322457866380563
 9.601206048991314 0.00003201250989831872
 9.707100983814659 0.000031782921572364836
 9.813779418733807 0.00003154959970807547
 9.921241353748758 0.00003170760927971879
 10.029437820103524 0.00003186629087075447
 10.138417786554093 0.00003164476910969921
 10.248132284344477 0.00003142990591179713
 10.358605797852672 0.0000315883152542929
 10.46981384270068 0.00003174721785097206
 10.581780903266496 0.00003153606040694903
 10.694482495172128 0.00003169425386085302
 10.807918618417576 0.00003149196425805902
 10.922089273002838 0.00003129101852428291
 11.036969974549923 0.000031809772163553915
 11.152585207436822 0.000031613726813119594
 11.268910487285542 0.00003141927380840853
 11.385945814096083 0.000032630849366453904
 11.503691187868444 0.00003070174692744342
 11.622146608602629 0.000031199777944714965
 11.741263107542647 0.000034478861990102205
 11.861089653444486 0.00003086388946157763
 11.981577277552159 0.00003067549541959615
 12.102725979865665 0.00003390555403102617
 12.224560244762998 0.000030355567151076902
 12.347055587866166 0.000030177643205673743
 12.470187524797172 0.000033367553296559517
 12.593956055556019 0.000033193095634761556
 12.7183856645207 0.0000330236807718286
 12.843427382935225 0.00003286241840957621
 12.969081210799597 0.000032702716052602764
 13.095347148113815 0.000032547694954735955
 13.222200710499886 0.00003239415102143885
 13.349666382335803 0.00003224512043861101
 13.477695194865575 0.00003530375361476772
 13.606311632467204 0.000035159598084419704
 13.735491210762687 0.000031818225496129425
 13.86523392975203 0.00003484830586770471
 13.995490820679244 0.00003471762060461625
 14.126310852300316 0.00003456212453495979
 14.257645055859255 0.00003444291416306536
 14.389468946978075 0.00003429671888854197
 14.52183149441276 0.000037279360368109465
 14.654659245029327 0.00003405587032250833
 14.787976683205768 0.00003392289109214779
 14.921759324564094 0.000036884320873792565
 15.056007169104305 0.000036763405096061906
 15.190671248070407 0.00003664329776822714
 15.325800530218395 0.000039563023806739
 15.461346046792277 0.00003945436961898633
 15.597283313414062 0.000036307191587540696
 15.733636814461741 0.000039212223649409264
 15.87038206555732 0.000042119768303164824
 16.007470097944815 0.00003901387008518123
 16.144925396002215 0.000038902485168454275
 16.282747959729527 0.000041794632181087576
 16.420888820370756 0.00004169844092506001
 16.559347977925903 0.000044570995852177395
 16.698125432394974 0.000044483167478114
 16.837172215021972 0.000044387300415794075
 16.9765128101849 0.0000472537803751701
 17.116122733505758 0.00004716270977192015
 17.25600198498455 0.000047080217859232766
 17.396101595865286 0.00004700622493154222
 17.53642156614797 0.00004986771898101725
 17.6769374114546 0.00005272546640013086
 17.817673616163177 0.000052652119611205025
 17.958581211517707 0.000055508291797032674
 18.099660197518197 0.00005544360707143664
 18.240910574164644 0.00005829660903016193
 18.382283372701057 0.00006116311872128493
 18.523778593127442 0.00006111284064602864
 18.665371751065802 0.00006688149405226893
 18.80708733089413 0.00006974202462665155
 18.948876363856442 0.00007261577245141167
 19.09071436557474 0.00007548866373820183
 19.23262582042702 0.00008126646143383844
