 0. 0.
 0.0020973458713674435 0.03825627441859872
 0.0063222733745422555 0.10580332083426137
 0.010608086114817306 0.16581881032077664
 0.014955726445805699 0.21885432802451057
 0.019365998815713735 0.26544599081538633
 0.023839822593920063 0.30618938439786214
 0.028378117149803306 0.34175695535322664
 0.03298180185274212 0.37285976212763156
 0.037651853532701285 0.40019811993553017
 0.04238913409847328 0.4243997542056743
 0.04719467784060909 0.4459981188670548
 0.05206940412848732 0.46541435996062397
 0.05701434725265897 0.4829721182619964
 0.06203042658250265 0.49891651438309814
 0.06711913609325866 0.5134341882495569
 0.07228024594258234 0.5266694566412996
 0.07751662915978191 0.5387292658498998
 0.08282771113899576 0.5496849017391844
 0.08821521569780881 0.5595798692711023
 0.093680866653806 0.568446019264531
 0.09922466400698735 0.5763250306348356
 0.10484833157493778 0.5832798506677082
 0.1105530185693806 0.5893959043589989
 0.11633929959617748 0.5947689779605807
 0.12220947307877496 0.5994939886321702
 0.1281635390171731 0.6036724505176992
 0.13420322122895678 0.6074147844136476
 0.14032966892584933 0.6108221167054714
 0.14654460592543572 0.6139584062121833
 0.15284860683357757 0.6168417327077428
 0.15924339546785982 0.6194763998628576
 0.16572954643414414 0.6219001486080515
 0.17230935815587708 0.6242019549190966
 0.17898340523892034 0.6264754712024874
 0.18575341150085883 0.6287711686912775
 0.19262052615341585 0.6310963777175683
 0.19958647301417637 0.6334605806892606
 0.20665240129486365 0.6359091860549269
 0.21381946020720102 0.6385093347068226
 0.22108937356877342 0.6412897371121732
 0.22846386519716577 0.644189456454939
 0.23594408430410135 0.6470577178846622
 0.24353175470716518 0.6497206409386608
 0.2512280256180805 0.65208107866128
 0.25903462085443224 0.6541671440378907
 0.2669532642338054 0.6561009192205299
 0.2749851049679232 0.6580406313378697
 0.2831324414802323 0.6601201707908906
 0.2913958483765944 0.6624024324404529
 0.29977819868631755 0.664851546470135
 0.30828064162112523 0.6673303433254042
 0.3169049009986023 0.6696529738713602
 0.32565212603047206 0.671601220024889
 0.3345251897460428 0.6729312422720404
 0.3435246667511761 0.6734359761806133
 0.35265343007518024 0.673001544361381
 0.3619126289297785 0.6716745072819704
 0.37130398713255586 0.6696793778744473
 0.38082980310695885 0.6672716189368537
 0.39049180067057254 0.6646186178655451
 0.4002922782468434 0.6618510173390616
 0.41023238504749465 0.6589746254771154
 0.42031499410183476 0.6557271557496344
 0.4305412546215869 0.6520972015229487
 0.44091346503019757 0.6485839900390729
 0.4514339237511135 0.6454760135347059
 0.4621043546019197 0.6426512603220659
 0.4729276306119242 0.6398304680338585
 0.4839049009928505 0.6368126036776727
 0.495038464168145 0.6335511032928236
 0.5063311931671161 0.6299943957995021
 0.5177848118073486 0.6260359324158323
 0.529402193118151 0.6216688073814972
 0.5411844863112463 0.6169881400757935
 0.5531351390218044 0.6119789274791716
 0.5652553004615488 0.6065392787812686
 0.5775478436597877 0.6008006922986924
 0.5900167908575525 0.5951553290582428
 0.6026638658724284 0.589806841965963
 0.615489068704415 0.5845958202266068
 0.6284981454121291 0.5793371034607913
 0.6416910959955706 0.573988586153449
 0.6550679204547395 0.5686721205869927
 0.6686401109068687 0.5635734999523219
 0.6824019212933419 0.5588757197669232
 0.696364843731392 0.5546096467441248
 0.7105173861037859 0.5506542816743907
 0.7248767865863731 0.5469246260612646
 0.7394372991205372 0.5433277050296047
 0.7542046697648946 0.5396696219859772
 0.7691846445780619 0.535677096993493
 0.784377223560039 0.5311653801802356
 0.7997824067108259 0.5261747032041306
 0.8154059400890391 0.5206178653122451
 0.8312478236946785 0.5143092955395792
 0.8473195496449772 0.5074875096674787
 0.8636153718813188 0.5004410018001569
 0.8801410364623196 0.4932018058731371
 0.896902289446596 0.4856402856472554
 0.9138991308341483 0.47729479054766866
 0.9311373066835926 0.4677158929946143
 0.9486168169949294 0.4569902213427509
 0.9663434078267749 0.4459016731698452
 0.9843228252377455 0.43510176478545
 1.0025550692278413 0.4244887015270482
 1.0210458858556788 0.4140906995688558
 1.0397895290626413 0.40422594918885757
 1.0588032370245786 0.39483517526247924
 1.0780870097414905 0.38541894169832497
 1.097640847213377 0.3756485303950588
 1.117464749440238 0.3656693960690962
 1.1375759545979234 0.3559167372392935
 1.1579629705691998 0.34658759852403087
 1.1786372894713 0.3375571407515856
 1.199604657362841 0.32877584872340637
 1.2208650742438225 0.3202955526607454
 1.2424242861728612 0.3122555901364953
 1.2642880392085731 0.30470430901873674
 1.2864563333509587 0.29758481082313104
 1.3089349146586344 0.29105065416878395
 1.3317237831316 0.2852640661773533
 1.354840176945705 0.27997826645361384
 1.3782726039837165 0.27467095445941553
 1.402038302421484 0.26930501550436625
 1.4261315262003909 0.26420934940114404
 1.4505637674376701 0.25970717962694645
 1.4753350261333218 0.25588792965988727
 1.5004567944045788 0.25269727931299796
 1.525923326192825 0.2501888905754056
 1.5517461136152928 0.24843845463798458
 1.5779309027305988 0.24744795842644954
 1.6044776935387435 0.24722866233747318
 1.6313979781569592 0.24768249633502848
 1.65868601052663 0.24862285639568474
 1.6863590288236046 0.24988098237203604
 1.7144112869892674 0.251293741831199
 1.7428542771408506 0.2527046546881826
 1.7716937453369714 0.2539572369272093
 1.8009354376362454 0.25493668959887295
 1.8305736079800572 0.25563773988595156
 1.8606312406028718 0.2561539199706364
 1.8910968433874569 0.2565353437952536
 1.9219876545096612 0.256713743336668
 1.9533036739694851 0.2566260488304841
 1.9850563938841619 0.2563348221566135
 2.0172400681950746 0.25595179254420425
 2.049871935078073 0.25552517742970215
 2.082951994533157 0.255081924865248
 2.116485992618943 0.2547039532929234
 2.1504796753940476 0.254490158678381
 2.1849445349757035 0.25451663465227975
 2.219880571363911 0.25481969162824747
 2.2552935306172865 0.25537458033493343
 2.291194904853063 0.2560777909728886
 2.3275846940712404 0.25667874360211185
 2.364480136447668 0.25680606016816376
 2.4018697398651128 0.25620727141930766
 2.4397764885580413 0.2550435158397719
 2.478200382526453 0.2538604956833323
 2.5171471678289645 0.25315980939478516
 2.5566225905241926 0.25315924308587473
 2.5966381427293697 0.2539139526002135
 2.6371938244444957 0.2554056424071502
 2.678306873845421 0.25754637242848527
 2.719971544873528 0.260169370595765
 2.7622050757046672 0.26297234438605693
 2.8050074663388376 0.26546705374981866
 2.8483902088932735 0.26709679404703707
 2.892364795485206 0.2673189197353179
 2.93692548005602 0.26567525286230737
 2.9820895007815644 0.2622019711246902
 3.027862603720456 0.25771609866927375
 3.074256280989928 0.25346279178732367
 3.121270532589979 0.25028113188751305
 3.168911104579227 0.24833532997782268
 3.2171952351335213 0.2478755579561325
 3.2661286703114776 0.24936044129683493
 3.3157171561717127 0.252680636649883
 3.3659664387728436 0.25700137954090047
 3.416882264173486 0.2610940435053589
 3.468487616608106 0.2642954318161264
 3.5207710039594717 0.2670304066524851
 3.5737554104620473 0.27010343264795655
 3.6274408361158335 0.2740191263511945
 3.68184451909668 0.27848383351172834
 3.736960713345971 0.2821866190298668
 3.7928124030981714 0.2836527843684602
 3.8493995883532808 0.28275642084783303
 3.90673950728715 0.2804746980838965
 3.9648264138411613 0.2774209516433648
 4.023683292249782 0.2740271486163365
 4.083315888571626 0.2704701321821268
 4.143729948865313 0.26677758979329436
 4.204936965248073 0.2634683512093775
 4.266942683778525 0.26131121338497815
 4.3297585965739005 0.2603511537965772
 4.393396195751433 0.25910052470689243
 4.457861227369739 0.25626284957420997
 4.523165183546051 0.2529785258390541
 4.589319556397602 0.25030614385754246
 4.65633009198301 0.24876236473019475
 4.7242082824195055 0.2481672758742146
 4.792965619824323 0.24744525463650907
 4.862607850256079 0.2462303884631821
 4.933146465832006 0.24619700413405102
 5.0045929586693365 0.25045730806355543
 5.076958820885305 0.2587153094027325
 5.150249798538526 0.267043112794752
 5.224483129804851 0.27138911553381845
 5.299658814684277 0.27282800411340513
 5.375794091352658 0.2742558587769953
 5.452900451927222 0.27578533439787073
 5.530983642466589 0.2765507018166194
 5.610055155087991 0.2745637583200641
 5.690126481908662 0.2730130865342926
 5.771226353221681 0.27556847245597693
 5.853337530851201 0.2805643065614945
 5.936425538445524 0.28504200926828754
 6.020605297176977 0.2884808349563258
 6.105876807045562 0.29103160701733716
 6.1921826074651145 0.290779936210158
 6.279522698435634 0.2869004465753629
 6.368012001129449 0.28204551364219144
 6.45753559437423 0.276881594691334
 6.548208399342308 0.2696781169841639
 6.640030416033682 0.26024962792521167
 6.732944183862188 0.253494465162688
 6.82700716341399 0.25471671147408415
 6.922219354689089 0.2622675763806622
 7.0185807576874835 0.26924573986629424
 7.116148832995338 0.26860387546542985
 7.214866120026491 0.2648883854543877
 7.3147900793671035 0.2660692508016841
 7.415978171603343 0.2731621818415025
 7.518315475562877 0.27943016397909676
 7.621916912418039 0.2823730138791324
 7.726782482168827 0.2848800081167817
 7.83291218481524 0.28345897016461463
 7.940248559771114 0.28091854199106503
 8.04890652820878 0.2863472359865822
 8.158886090128235 0.29683037114621164
 8.270129784943316 0.30313156903029564
 8.382637612654024 0.30610274992985054
 8.496524494432688 0.3076834450832824
 8.611790430279306 0.30717622378991294
 8.728320499021551 0.3055671011146782
 8.846287082417916 0.29446053234353886
 8.965575259296072 0.2779640759472099
 9.086242490242183 0.2685656208775867
 9.208346235842415 0.2616350776572506
 9.331829035510601 0.2501382675371469
 9.456690889246744 0.24323456104556182
 9.583046718223173 0.24040083936618162
 9.710781601267557 0.23597543736766216
 9.840010459552225 0.23196145109657768
 9.970675832491015 0.23698887953669684
 10.10283518067009 0.24427520939644257
 10.236488504089447 0.24139293167753095
 10.371635802749092 0.23111005372393045
 10.508219616062858 0.22440877324796685
 10.646412325789237 0.21741871231604792
 10.786099010755901 0.21617150146178513
 10.927279670962854 0.21583122943066063
 11.070069227582417 0.21065326410701815
 11.214410220028434 0.20521650145069048
 11.360302648300898 0.20527424516545223
 11.507803972985979 0.20579855043166512
 11.656856733497508 0.19957498678465832
 11.807518390421652 0.19524295905127623
 11.959846404344576 0.19460675482091896
 12.113725854093952 0.1948401482756042
 12.269271660842104 0.197840997761302
 12.426426364002875 0.1982885699208513
 12.585247424162421 0.19299357488356378
 12.745792301906915 0.17209127846952946
 12.907946076064023 0.14447397023678374
 13.07176620721991 0.11301219606936304
 13.237310155960742 0.08477984373636843
 13.404520461700352 0.06501081491176482
 13.573397124438744 0.05355280922090664
 13.744055065348244 0.04329867189657397
 13.91643682384269 0.034961335094283515
 14.090484939335914 0.02876973736961894
 14.266314333000247 0.02369168795129134
 14.443867544249525 0.019722553287762856
 14.623202033669914 0.016759127229822934
 14.804260340675244 0.014520644093593015
 14.987157386437849 0.01275692486920163
 15.171720789199238 0.011310223031743177
 15.358122930717895 0.010086839668974395
 15.546306350407665 0.009029261095861569
 15.736271048268543 0.00810058136457985
 15.928074484886695 0.007276085738348458
 16.12160173908979 0.006538558644621502
 16.31702519263633 0.005875549220628146
 16.514172463767807 0.005277626201072299
 16.713215934242726 0.004737421732060087
 16.914040682888754 0.004248926706082599
 17.116704170292056 0.003807082190345671
 17.321148935866468 0.0034075568408643937
 17.527489900784317 0.0030465160731497835
 17.73561214387328 0.002720532177500695
 17.945630586305676 0.0024265092779336465
 18.157430306909184 0.0021616221636162345
 18.37112622685613 0.001923278177932249
 18.586603424974186 0.001709103565812582
 18.80397682243568 0.001516902772521481
 19.02318895865445 0.0013446560935219262
 19.24423983363049 0.0011905049595519381
 19.46712944736381 0.001052739873413751
 19.691915260440567 0.0009297885018332597
 19.918482351688432 0.0008202093982042644
 20.146945642279736 0.0007226810463869557
 20.37719021104215 0.0006359956031469368
 20.609330979148 0.000559050985470446
 20.843310486011127 0.0004908445287662512
 21.079128731631528 0.0004304618128160541
 21.316728255423037 0.00037707573685850134
 21.556223978557984 0.00032993663029889226
 21.797500979864044 0.0002883661776177189
 22.040616719927375 0.00025175296601344117
 22.28557119874798 0.00021954587047848245
 22.532364416325862 0.0001912498902592064
 22.78088145148869 0.0001664203435607789
 23.031237225408788 0.00014465875704553402
 23.283431738086158 0.00012560883091772024
 23.537350068348474 0.0001089525137274846
 23.793107137368064 0.00009440630397860817
 24.0505880239726 0.00008171734593195125
 24.309850188748246 0.00007066127213748246
 24.570836171108837 0.0000610388530364011
 24.833603431640533 0.00005267375056008244
 25.09809450975718 0.00004540958870798342
 25.364309405458766 0.00003910858681341671
 25.632248118745295 0.00003364894106284908
 25.90185318903061 0.000028923441772206145
 26.173182076900865 0.000024837708523172163
 26.446177321769902 0.000021308904445955524
 26.720838923637718 0.000018264261554038868
 26.99716688250431 0.000015640104550591433
 27.275161198369684 0.000013380686454128404
 27.55470695006151 0.000011437281738967458
 27.835919058752115 0.000009767360076270966
 28.118682603269168 0.000008333860431304666
 28.402997583612674 0.000007104518411712609
 28.688921460368793 0.000006051280957795808
 28.976396772951365 0.000005149788019261834
 29.265366060774213 0.000004378902931243763
 29.555829323837354 0.0000037203215759304756
 29.847844022726946 0.000003158210541284196
 30.141295236270654 0.0000026788555910167224
 30.436182964468486 0.0000022704562825873844
 30.732507207320435 0.000001922813471816795
 31.03021050424034 0.0000016271467108120046
 31.32935031581437 0.0000013758986976259085
 31.629811720870183 0.0000011625841787696337
 31.93165217999396 9.816238238804941E-7
 32.23481423259952 8.282321765191864E-7
 32.539297878686874 6.98319171320171E-7
 32.844988197083694 5.883774574168929E-7
 33.1520001089623 4.95409946563718E-7
 33.46021869315036 4.1685469737896563E-7
 33.76958648906173 3.5052934439296596E-7
 34.080218417868714 2.9456989739846073E-7
 34.39194209781284 2.4739078628958234E-7
 34.704814989480255 2.0764264105116367E-7
 35.018779632284804 1.7417827315749503E-7
 35.333836026226486 1.4602362436183294E-7
 35.649869250132966 1.2235134477813898E-7
 35.96699422517658 1.0246143739410397E-7
 36.285096030184995 8.57598332940289E-8
 36.60411720457205 7.174419795624563E-8
 36.9241152089239 5.998964157315293E-8
 37.24503258265439 5.013721514802738E-8
 37.566754404591194 4.188378629190323E-8
 37.889338135320465 3.497390836152503E-8
 38.21278377484221 2.9191909525830207E-8
 38.53697640198409 2.4356323346510148E-8
 38.86191601674612 2.0314349879019603E-8
 39.18760261912829 1.6937537617638294E-8
 39.513921287958276 1.4117889093049311E-8
 39.84092948382224 1.1764730428699787E-8
 40.16856974613401 9.801914855264168E-9
 40.49684207489359 8.165720569759338E-9
 40.82563154892867 6.802620543113642E-9
 41.15493816823923 5.667865921730774E-9
 41.4847044722391 4.724046976981069E-9
 41.81498792151445 3.939882330167316E-9
 42.14567359489296 3.289298877074932E-9
 42.47676149237463 2.750560629192325E-9
 42.80825161395945 2.305626803921011E-9
 43.140029038475085 1.939539272678048E-9
 43.47209376592155 1.639960193170728E-9
 43.80438833571267 1.3967745198257606E-9
 44.13697020843462 1.2017556859866777E-9
 44.46972446291507 1.0483136622224077E-9
 44.80259363856784 9.312655216144758E-10
 45.135635195979106 8.466793546257695E-10
 45.46873421397654 7.917445850238847E-10
 45.801890692560136 7.647581423523364E-10
