 0. 0.
 0.002002421217868732 0.00022116532277913732
 0.010481115738646895 0.0006359394625276843
 0.022781936839038626 0.0010289266251779085
 0.03813987109695409 0.001402084162951711
 0.05620274900860213 0.0017569746725550712
 0.07676734532444032 0.0020948317354861704
 0.09970444531408004 0.002416636091760611
 0.12492824441621428 0.0027231801262494553
 0.1523797634854878 0.003015125204697145
 0.18201824220954865 0.0032930229273419884
 0.21381785059945504 0.0035573445152248047
 0.24776065218767582 0.003808477386042879
 0.2838368954705474 0.004046727072585943
 0.3220416162664728 0.004272329575301981
 0.36237617303127845 0.004485431974737773
 0.40483712742619166 0.0046861391357918515
 0.44943798108221933 0.004874494845622467
 0.4961768968644324 0.0050505346251659335
 0.5450636148738182 0.005214326418627817
 0.5961096906383431 0.005366041371439471
 0.6493160264713795 0.0055059240822953595
 0.7046941518089809 0.005634403251454407
 0.7622487181154344 0.005752043115276519
 0.8219832366876161 0.005859590429373029
 0.883907353703568 0.005957910707622262
 0.9480159581253637 0.00604798313489712
 1.0143125186396287 0.006130848228426471
 1.0827933510247982 0.006207600180423994
 1.1534558458369237 0.006279355062424803
 1.2262881492890287 0.0063472513736262245
 1.3012777488126155 0.006412534600296517
 1.3784041503829265 0.006476511406613903
 1.4576540736533352 0.006540642170307133
 1.5389936242947668 0.006606451392389109
 1.622395473025156 0.00667555990161125
 1.7078202920656222 0.006749585172438377
 1.7952301227523266 0.006830102488250085
 1.8845739936870938 0.006918627031427551
 1.9758005689520168 0.00701657323769944
 2.068850979439428 0.007125285959173849
 2.163669962135439 0.0072460264973294155
 2.260186188380345 0.007379871272590058
 2.358329735674847 0.007527536117482267
 2.4580256103311697 0.007689070164850884
 2.5591988379100408 0.007863650551747578
 2.6617686842098514 0.0080495341480113
 2.7656540023632274 0.00824427680272806
 2.870782935402683 0.008445093249929215
 2.977062333446153 0.008649306330567787
 3.084432308601915 0.008854518620455885
 3.1928142435965876 0.009058592605918427
 3.3021433639743876 0.009259411428379235
 3.4123486716319715 0.009454644361370765
 3.5233886147378928 0.009641685537290666
 3.6352084932409263 0.00981777469694635
 3.747780158086202 0.009980320636131888
 3.8610701817562707 0.010127141748785784
 3.975063569977626 0.010256656375252122
 4.089758940610436 0.010367931326933064
 4.205161422716803 0.010460449321133389
 4.3212896791277995 0.010534419775194075
 4.438160330844152 0.010590514623945335
 4.555819996898857 0.01063005174023156
 4.674301988712213 0.010655045753069295
 4.7936601680983895 0.010668130107943003
 4.913957159783175 0.01067239429556461
 5.035248555248162 0.010670941851589297
 5.15761161974547 0.010666864581497227
 5.281106658392643 0.010662926427580752
 5.405808104442991 0.010661660283464297
 5.531795255184111 0.010665083215802866
 5.659138541730641 0.010674830209422536
 5.787913003909702 0.010691912831668616
 5.9181834162578255 0.01071676257085133
 6.050024556742044 0.010749279045591848
 6.18349370705001 0.010788975855010522
 6.318652990378141 0.01083494347008788
 6.455580676451298 0.010886137974506846
 6.5943236884419925 0.010941389308492774
 6.734902976934151 0.010999545445153632
 6.877404650148536 0.011059701623461638
 7.021843756343796 0.011121240937952923
 7.168233332563576 0.011183604070244976
 7.316717183842416 0.011246421653130386
 7.4672372096831 0.011309111370925658
 7.619924475632468 0.0113712796113718
 7.774662994660851 0.011432497539907892
 7.931648074279927 0.011492649824996846
 8.090820069013821 0.011551666546433897
 8.252249521714315 0.011609651157549911
 8.415999176513296 0.011666876188594787
 8.582086113886376 0.01172352336117432
 8.750511219105968 0.011779346331609408
 8.921342745727012 0.01183380750223697
 9.094586453530603 0.011886420823780386
 9.270364927924545 0.011936959411843537
 9.448621313656412 0.011985991823791639
 9.629405576433317 0.01203445054832168
 9.812781383252027 0.012083087353818146
 9.998749557755833 0.012131570384744095
 10.187373813178885 0.01217895726242604
 10.378655020303345 0.012224401825856348
 10.572667542323751 0.012267844146385298
 10.769475757764958 0.012309833467598171
 10.96908671946981 0.012350587030582798
 11.1715707962362 0.012389148477599258
 11.376867377430688 0.012423727299003307
 11.585155778522976 0.01245158624433048
 11.796431839631115 0.012469202059474375
 12.010684996258327 0.01247260999149737
 12.2279161083805 0.012458330546265018
 12.448308449268403 0.012424733397542178
 12.67172413367439 0.012373196838327596
 12.89830174815317 0.012308249266244164
 13.128098182096675 0.012237646832622684
 13.36112707597933 0.012169387823551356
 13.597459087791835 0.012108798454016814
 13.837165380742379 0.012058109304530292
 14.080247695971854 0.012018943381179563
 14.326770707041721 0.011994415367161502
 14.57675084510907 0.01198632554204999
 14.830364572458295 0.011990996622466374
 15.087510699981163 0.011998249872377222
 15.348358014824859 0.011997583089939408
 15.612830025807932 0.011987576902777308
 15.881029980001529 0.011977270139727166
 16.15294989523699 0.011979649410562898
 16.42869060884731 0.012004707410012123
 16.70818762632451 0.012054833055666927
 16.99156514360843 0.012123324626520566
 17.278867099580772 0.012194424955691842
 17.570108471190252 0.012258670400985583
 17.86541329827086 0.012319780842206569
 18.16472588427338 0.012379458792693645
 18.46822430048117 0.012432175996180234
 18.77585304413346 0.012472810429089348
 19.08774595913677 0.012503479515718815
 19.40395513095908 0.012530083798602465
 19.724551707789807 0.012556671533491668
 20.04944144694154 0.012582130185306462
 20.378863153105588 0.012607418451054918
 20.712749818064562 0.012641321133489173
 21.05131094580841 0.012690390064927082
 21.394525784638663 0.012751235234282206
 21.742487203639264 0.01280558471917624
 22.095086080924734 0.012832108166626402
 22.452450894133182 0.012829731096168773
 22.81456321875548 0.012812962186785693
 23.18153621905768 0.012789448776237387
 23.553545491690727 0.012757233242360978
 23.930813040812197 0.012711058177822962
 24.313380321094876 0.012645908429211403
 24.701292397067974 0.012556870629261098
 25.09463077103184 0.01245082326595314
 25.493322538621257 0.012361108364544016
 25.89740111045366 0.01232797631405901
 26.306654354950425 0.01236264534798277
 26.721322770656787 0.012448935697480326
 27.14138122352401 0.012564831873129062
 27.566949103790456 0.012678919512324385
 27.99819182948705 0.012753352500421212
 28.435358751190012 0.012773997025207106
 28.878480095525685 0.012768672601331745
 29.327850104906474 0.012774349298496577
 29.783577451649347 0.012816473774014443
 30.245972333569103 0.01288072202945161
 30.71494793181035 0.012931898545843916
 31.1904278832296 0.012942217738857587
 31.672417894370366 0.01293537784527379
 32.16087214338665 0.01295885797437413
 32.65598116268125 0.01299215147694946
 33.157793093200624 0.013013416154108037
 33.666384333788784 0.013050095785089089
 34.18168526481771 0.013094159003158622
 34.70365024600072 0.01311384764285448
 35.23249406914559 0.013105838393632052
 35.768361262009954 0.01313209808065718
 36.31134705987306 0.01322406896533741
 36.86162257832037 0.013342675893537997
 37.419384289099774 0.013440238093129154
 37.984816337568354 0.013474383102762071
 38.557759536890025 0.013490700500715299
 39.13833215835005 0.013574461315278775
 39.72621371563944 0.01368652622106866
 40.3214551232853 0.013767316368849812
 40.9242574583988 0.013852003465203147
 41.53519455987038 0.013910212076025297
 42.154397191275095 0.013958939787820564
 42.781999856171566 0.014009496778971042
 43.41772969776958 0.014084743519141555
 44.0616598702273 0.014214288585785783
 44.71359709219407 0.014320928740832418
 45.37381015971142 0.01434200125505503
 46.04262062652465 0.014211192771896383
 46.71980793531045 0.01398527797364071
 47.405648746857224 0.013728838261120277
 48.10079036668085 0.013533883404256148
 48.80526165494897 0.01349214586342736
 49.51925108882142 0.013535619675508027
 50.24310134261704 0.013504110485330014
 50.97690013642591 0.01341234505968289
 51.72103180304975 0.013324563782728498
 52.47571093935563 0.013279608427962023
 53.24002700868794 0.013270229839757864
 54.01293954019373 0.013232422302813646
 54.79416358217115 0.013185711964092042
 55.585200977488405 0.01306506792940626
 56.386951373117405 0.01285643807592134
 57.198627295181325 0.012720023584883795
 58.02134531141505 0.012707596153482372
 58.85565029225742 0.012731339285401202
 59.701385957420676 0.012734323696215672
 60.55940689124391 0.01268290187614806
 61.429875078842784 0.012535389902192912
 62.31179850027578 0.012393869452273571
 63.20313819709759 0.012292314672184406
 64.104168703208 0.0122747708736253
 65.01747676619817 0.012476457830650493
 65.94471662977318 0.012682783606133159
 66.88168753653011 0.012731928369261273
 67.82912131262317 0.012877189134279267
 68.7881490936435 0.013104541197615428
 69.75906269229955 0.01325235828069857
 70.74078434720528 0.013402350540110493
 71.73551857246676 0.01365283853270081
 72.74040874458949 0.013778425164001872
 73.75582880140887 0.013748963597304344
 74.78246101871662 0.013636678481213818
 75.82051467367813 0.01355160507098698
 76.87332768366026 0.013543227089582452
 77.9387378383327 0.013459569086712992
 79.01617073860125 0.013377667958205572
 80.10651491520395 0.013477648162791608
 81.20791007758316 0.013686051293196295
 82.32475324962297 0.013827147211192914
 83.45713092622607 0.014040192306375295
 84.60045670177746 0.014170568090235479
 85.76568974228404 0.014149063573254591
 86.94870524114278 0.014257278842752567
 88.14238863142711 0.014360327294320279
 89.35122993801683 0.014216750683612623
 90.56519851863219 0.014103120222135243
 91.78788586024012 0.01413987270098285
 93.02476737745744 0.014042578110874086
 94.27727521117383 0.01373990538540932
 95.54623697193693 0.013496814438970405
 96.83884183494094 0.013418979096786758
 98.1450138557685 0.013438452291837778
 99.46688918968236 0.013281867338593621
 100.81642868283224 0.013292629536701909
 102.19250670104563 0.013335329017313371
 103.571524460351 0.013174255197163899
 104.95671098298489 0.012643970895252803
 106.3497991084651 0.012439413169438501
 107.76275914775469 0.01205371312086031
 109.18925880949338 0.011642379481875686
 110.63006280439498 0.011533819835596532
 112.08301586157734 0.011807412925785224
 113.54937533204607 0.011959013337228118
 115.0335859976563 0.012249367330601202
 116.54305597078228 0.01268566119680011
 118.0686156941535 0.012714361958037847
 119.60120957074318 0.012115857377833399
 121.15071429704335 0.011902772786204063
 122.72343095302816 0.011695127190415672
 124.32876997483598 0.012154135098804851
 125.9511228918964 0.012190898244182008
 127.6222342621319 0.011065532070352515
 129.29475685995482 0.01037694560070544
 131.0026279592869 0.008858780954510615
 132.73526849911323 0.007469290461616819
 134.4645124186491 0.005993246198847499
 136.18343958050139 0.004664611452200494
 137.9005531101798 0.003665405843832303
 139.63867942318302 0.0029476736590063695
 141.4013225369145 0.00246138375715775
 143.1886008304254 0.002065187642806338
 144.99856650316926 0.0017619250835378898
 146.82860887453603 0.0015306795876341985
 148.6777577140415 0.0013448122545545158
 150.54692837715464 0.001189319132949605
 152.43535854228537 0.0010561439295853573
 154.34220144810055 0.0009404100169606872
 156.26872176248915 0.0008388557682939302
 158.21413778421433 0.0007491301622548648
 160.17923936248212 0.0006694632178096121
 162.16324101581668 0.0005984722215775767
 164.16748394488502 0.0005350476614284002
 166.1900000730364 0.0004782781617427248
 168.2326779415457 0.00042740145062926496
 170.2948884268302 0.00038176956400425634
 172.37663182151778 0.0003408225344662527
 174.47853785018827 0.0003040766350774094
 176.59934794470254 0.0002711021947531963
 178.74104010008168 0.00024152080655711632
 180.90154858911697 0.00021499465109625401
 183.08285035642004 0.00019122186067497618
 185.2835941508607 0.000169929985582298
 187.50459393956226 0.00015087411971574183
 189.7451290037698 0.00013383347862175592
 192.00645855036376 0.00011860691379510725
 194.28732397025578 0.00010501428474260061
 196.58888616696277 0.00009289111905882069
 198.91008199084075 0.00008208873247894622
 201.25207350747277 0.00007247254652625365
 203.61350025713247 0.00006392088860458684
 205.99582394561455 0.00005632344094602176
 208.39821054285105 0.000049580540537593983
 210.8208675741834 0.000043602293517657994
 213.26358567717313 0.000038307310007360214
 215.72720670654556 0.00003362231401911534
 218.21025744569346 0.000029481468755813372
 220.71421416268242 0.000025825278314085988
 223.2375986655391 0.00002260039822657999
 225.7818922379296 0.00001975889673033391
 228.34624113417925 0.00001725778085386415
 230.93075725760113 0.000015058618794564128
 233.53492814855596 0.000013126956996958586
 236.15978085039018 0.000011431972708154967
 238.8042915000704 0.000009946230441730174
 241.46897313103574 0.000008645258816252986
 244.1537039638092 0.000007507249829331644
 246.85872711196413 0.0000065128027760711445
 249.58253829089276 0.000005644714341753708
 252.32664505916452 0.0000048876886152863705
 255.09079674053427 0.000004228202927958875
 257.8739882663564 0.000003654257790577999
 260.67735283192866 0.0000031552686098017074
 263.49963165621176 0.0000027218853759848157
 266.3414545669289 0.000002345858051971602
 269.20219230879803 0.000002019920790526203
 272.08247471583184 0.0000017376823645304108
 274.9816725264474 0.0000014935226814481257
 277.8997860237078 0.0000012825131578272405
 280.836815490673 0.000001100331768149952
 283.7921316468665 9.431898006233952E-7
 286.76636433258176 8.077778159865496E-7
 289.7603328780073 6.912025752266842E-7
 292.7711553603767 5.909382370434325E-7
 295.80026572382616 5.0478411226979E-7
 298.84766424195533 4.3082479037307037E-7
 301.91209201722876 3.673908001025611E-7
 304.9948084817836 3.1303625988054484E-7
 308.0960949017791 2.6650290805167586E-7
 311.21288674466837 2.2670178649494581E-7
 314.3473385622407 1.9268912787181326E-7
 317.498821014186 1.636490146624782E-7
 320.66830769241216 1.3887620386516906E-7
 323.85260885393313 1.1776162363011136E-7
 327.05557631035236 9.978070955851136E-8
 330.272697492187 8.448135889058603E-8
 333.50559147333627 7.147447096691238E-8
 336.7559417348762 6.042573954863937E-8
 340.02146821998355 5.1048016611813625E-8
 343.30108512566284 4.309501131221571E-8
 346.59694898194635 3.635546726422314E-8
 349.9062414809362 3.064893146587659E-8
 353.2318145520427 2.5820631285853567E-8
 356.57193628045655 2.1738537209297224E-8
 359.9253477583865 1.8289887916551046E-8
 363.29330873501755 1.5378556499229697E-8
 366.6745602773661 1.2922577142350514E-8
 370.06847309151135 1.0852188719332151E-8
 373.4763069454957 9.108067852184677E-9
 376.8961731476584 7.639810207066665E-9
 380.3287017640174 6.4045999094400895E-9
 383.7732634565659 5.366125231486869E-9
 387.2317935664704 4.493606569338264E-9
 390.6991803175142 3.7609972081882754E-9
 394.1805708599344 3.146221543375482E-9
 397.67078424978865 2.630640606392291E-9
 401.17314776332034 2.198501762564679E-9
 404.68632200838726 1.8365075551165043E-9
 408.20967768966557 1.5334373153148452E-9
 411.7419556902395 1.2798359269843928E-9
 415.28586088919633 1.0677452879783642E-9
 418.8372620048463 8.904588704707253E-10
 422.39906696841496 7.423408920435409E-10
 425.96707374483316 6.186533762940279E-10
 429.5455206907869 5.154182767422979E-10
 433.1310385062976 4.2929593522417607E-10
 436.7264387716498 3.574856640482245E-10
 440.3267473445511 2.9764055503240817E-10
 443.93634519446357 2.4779426950597545E-10
 447.55179170447286 2.0630196315110527E-10
 451.17308729254034 1.7178824173964877E-10
 454.8018734496419 1.431038084748271E-10
 458.434256495622 1.1928998281498744E-10
 462.0758440487957 9.954762679240525E-11
 465.7197694069967 8.321171792482113E-11
 469.37066516678397 6.973040943519549E-11
 473.0249646183089 5.864665378348538E-11
 476.6850474172679 4.9583868344452517E-11
 480.34794064496236 4.2233280715568376E-11
 484.0166902336546 3.634405040718494E-11
 487.6900905508928 3.171498068736603E-11
 491.36756592811105 2.8187550443413844E-11
 495.0473312432493 2.564141181760474E-11
 498.7331019637751 2.3989831179064184E-11
 502.4249865591395 2.3179430536577037E-11
