 0. 0.
 0.24370726048068408 0.2437072604806841
 0.7346351143863035 0.734500644814345
 1.2326377071511563 1.231541781168183
 1.7378245383196849 1.7334872118981612
 2.2502890831127553 2.2382521064128653
 2.7701381703542136 2.7431922345333137
 3.297478628867907 3.2453039125302796
 3.832417287477681 3.741596936182672
 4.375067651808874 4.229240608782321
 4.92552987388384 4.70587601640575
 5.483924136129408 5.169571096220398
 6.050357267369423 5.61891049987218
 6.624949450030714 6.052973127638595
 7.207807512937126 6.471264730888058
 7.799105052927412 6.873605582845449
 8.398815362795606 7.260175410285886
 9.007272282616231 7.631266269218947
 9.624409044374385 7.987372408276214
 10.250425952114776 8.329122871170615
 10.88552330988212 8.657169167461966
 11.529701117676412 8.972162806710084
 12.18315967954237 9.27486762770924
 12.846032531509799 9.565935140019247
 13.518386441593602 9.846016853199927
 14.200488481853398 10.115809208504874
 14.892338652289185 10.375896317953236
 15.594137256945674 10.626839827717268
 16.306017831852678 10.869223849816116
 17.028180681054902 11.103520167034477
 17.760692572567258 11.330178096310155
 18.503753810434453 11.549669420427843
 19.257431162671395 11.762353592937789
 20.021991701337694 11.968590067390236
 20.797502194448256 12.168738297335423
 21.584162946047798 12.363090338782929
 22.38210749216612 12.551938247742324
 23.191536136847944 12.735551614376293
 24.01258241612307 12.91417756300063
 24.84537986602131 13.088063217931122
 25.69012879058738 13.257455703483565
 26.547029493865985 13.422557212279974
 27.416215511886932 13.583592402789245
 28.297887148694937 13.740763467633396
 29.19217794031981 13.894227667740658
 30.09928819080626 14.04416472988615
 31.019418204199003 14.190776846691886
 31.952701516527842 14.334176347392317
 32.899405199852396 14.474565424609455
 33.85959602218757 14.612056407577752
 34.83360782360788 14.746784091378549
 35.821574140143134 14.878883271093187
 36.82369527583805 15.008488741803008
 37.84010476672244 15.135712832742463
 38.87113645287081 15.260645407299114
 39.91685710229807 15.3834212605543
 40.977600555078745 15.504085324201803
 42.05350034724263 15.622749927476075
 43.14475678283446 15.739504933764676
 44.25163693391384 15.854372808914496
 45.37434110452547 15.967465882159988
 46.513136366728986 16.0788964827356
 47.66815625655418 16.188732008182008
 48.83973461407558 16.29712971942744
 50.02800497532299 16.40417947985945
 51.23323441235603 16.509971152865614
 52.455689997234316 16.614594601833485
 53.695572034002566 16.71811722430373
 54.953214362735295 16.820606417817025
 56.2287505194623 16.922107114067153
 57.52244757624321 17.022686710594776
 58.83463937315255 17.12232274155301
 60.16552621423501 17.221060138635636
 61.51544193956514 17.31894383353643
 62.88452008517273 17.415951360408506
 64.2731612591472 17.512195048486312
 65.68149899751837 17.607674897769854
 67.10986714036075 17.702368442412233
 68.55873306377867 17.796343079954127
 70.02829707181687 17.889621276242423
 71.5185591644753 17.982203031277123
 73.03018702190305 18.074065879211332
 74.56318064410009 18.165187354198164
 76.11754003106641 18.255567456237618
 77.69460054310011 18.34516125363591
 79.29369450005215 18.43394628054616
 80.91615726222062 18.521855139427686
 82.56065346930743 18.608910296127384
 84.22918616175969 18.69504435310458
 85.92108765942837 18.780279776206168
 87.6370256424625 18.864504236197696
 89.37766779101113 18.947717733079163
 91.14301410507427 19.029920266850567
 92.93306458465192 19.111111837511913
 94.74848690989309 19.191337376756973
 96.5892810807978 19.270551952891974
 98.45678245766413 19.34877803176381
 100.35032336034304 19.426015613372467
 102.27057146898359 19.50228716356485
 104.21819446373478 19.577547750647167
 106.19319234459664 19.65175244292565
 108.19623279171819 19.724901240400282
 110.22731580509945 19.79699414307108
 112.28710906488946 19.86803115093803
 114.37628025123725 19.93801226400114
 116.49482936414282 20.006915016413522
 118.64342408375522 20.074739408175173
 120.82139672992538 20.141462973439197
 123.03075034310048 20.20706324635871
 125.27148492328045 20.271607624474385
 127.54360047046536 20.335230902867558
 129.84709698465514 20.39793308153823
 132.18397750629697 20.459714160486403
 134.55290667509274 20.520596605558964
 136.9552198513405 20.580557950909025
 139.39158471518937 20.63964312823037
 141.86200126663928 20.697897069216776
 144.36713718583934 20.75536470556202
 146.90766015293852 20.812023571419218
 149.48357016793682 20.867963530175928
 152.09553491098336 20.923117184291478
 154.74355438207806 20.97750699961276
 157.42963162166808 21.031177907833552
 160.15243126945532 21.08415237480075
 162.91395636588692 21.13645286636124
 165.71353923081378 21.18805691666813
 168.5525152245341 21.238897128180753
 171.43088434704777 21.288951035052218
 174.3499819586529 21.338196171435637
 177.3091403792005 21.386587605637224
 180.3096949689886 21.434057940116308
 183.35231340816625 21.480584709026004
 186.43699569673345 21.526145446519422
 189.5650771949883 21.570627823362106
 192.73589022278173 21.613986907860276
 195.95143782056087 21.656200234167045
 199.21105230817668 21.697200404741743
 202.51606904592725 21.736942487890587
 205.86715571396164 21.775426483613575
 209.26497999242883 21.812697323604493
 212.70887420117987 21.848777473710225
 216.2015090608108 21.883622002236994
 219.74154921102365 21.917185977491016
 223.3309976922655 21.94942446777852
 226.9698545045363 21.980315007252607
 230.65945500813422 22.009857595913278
 234.39913152291018 22.038007302066756
 238.1908870893113 22.064831523253705
 242.03472170733758 22.090352725321022
 245.93130305713802 22.1145933741156
 249.88129881886178 22.13753100379054
 253.8860443528068 22.15918808019273
 257.94553965897313 22.179587069169074
 262.06045241750985 22.198750436566453
 266.23211798871506 22.21663325069109
 270.4605363725887 22.23323551154298
 274.74771060957784 22.248512287428348
 279.0923053393845 22.262508510040966
 283.4969912826048 22.275291576921518
 287.96176843923877 22.28688395391688
 292.4873044894354 22.29733057272085
 297.0742671133438 22.30667636502719
 301.72399167126196 22.314966262529687
 306.43647816319 22.32235752615658
 311.21372962957486 22.32885015590786
 316.0550783902677 22.334466617630422
 320.9625274857155 22.339296774711823
 325.93607691591836 22.34338555884585
 330.9770620411743 22.346890230960724
 336.08681822178136 22.34990065444402
 341.2646777775906 22.352574090223957
 346.5126437490491 22.354977935841212
 351.8313838163059 22.35720205468335
 357.22223333965906 22.35922398090347
 362.6851923191086 22.36104371450158
 368.2209284348035 22.36266125547768
 373.831444727191 22.364076603831762
 379.5174088764201 22.36535715710451
 385.27948856263976 22.36650291529591
 391.1183514659991 22.36755881009975
 397.03466526664715 22.368569773209813
 403.0311006851801 22.369558270472982
 409.1063223612998 22.370524301889265
 415.2630010156024 22.371490333305545
 421.501136648088 22.372478830568713
 427.8227322992036 22.373467327831886
 434.22712028880034 22.374433359248165
 440.7169713374742 22.375354458970666
 447.29228544522516 22.376163229458715
 453.9550656525006 22.37681473901853
 460.7046442791512 22.377308987650117
 467.54369204577324 22.37760104365969
 474.47287663251575 22.37760104365969
 481.4928657195278 22.377264055956335
 488.60499466710735 22.37654514885585
 495.8099311554036 22.37548925405201
 503.1090105447146 22.374163769085484
 510.50356819533835 22.37272595488451
 517.9942717874239 22.3713555382242
 525.5824566812695 22.37009745079835
 533.2694582371729 22.368951692606945
 541.0559441352835 22.367873331956215
 548.9432497358991 22.366907300539935
 556.9327103993181 22.366098530051886
 565.0249938056891 22.3656042814203
 573.2214353153106 22.36558181557341
 581.5233702884804 22.366188393439447
 589.9321340854967 22.36737908332463
 598.4483943865085 22.369019090147617
 607.074154231963 22.3709062212864
 615.8094136218601 22.37279335242518
 624.6561755966471 22.374231166626153
 633.6157755166217 22.37483774449219
 642.6888810619333 22.37468048356396
 651.87682759288 22.374276098319935
 661.1809504697598 22.374096371544812
 670.6045880933176 22.374343495860607
 680.1457374231065 22.37492760787975
 689.8003923782326 22.375848707602252
 699.5819065616761 22.376994465793654
 709.4902799734374 22.37818515567884
 719.518835812026 22.379083789554446
 729.667574077442 22.379578038186033
 739.949848372666 22.379892560042496
 750.3523050947173 22.380341876980303
 760.8882978465767 22.381060784080788
 771.5578266282441 22.3819594179564
 782.3542146382295 22.382790654291338
 793.2841386780227 22.383329834616703
 804.3475987476241 22.383554493085608
 815.5445948470336 22.38368928816695
 826.8818037777417 22.38389148078896
 838.3525487382578 22.38418353679853
 849.9635065300724 22.384812580511458
 861.721353954676 22.386138065477983
 873.6127374090876 22.387912867382312
 885.6510104962882 22.389710135133534
 897.8361732162778 22.39126027856896
 910.1682255690562 22.392540831841703
 922.6404907531331 22.393619192492437
 935.2663223714893 22.39406850943024
 948.0457204241249 22.393596726645544
 960.9720081095493 22.392495900147924
 974.0451854277626 22.391237812722068
 987.2786059817458 22.390204383765116
 1000.6722697714987 22.389552874205304
 1014.2128231940404 22.388699172023472
 1027.9202966538423 22.38777807230097
 1041.7813365479235 22.386564916568897
 1055.8026196777744 22.384722717123896
 1069.9908228448855 22.38285805183201
 1084.3392692477662 22.381285442549693
 1098.8479588864168 22.38016215020518
 1113.5302453638178 22.379757764961155
 1128.3727750769885 22.38031941113341
 1143.38890162891 22.38097092069323
 1158.5719482180914 22.38029694528652
 1173.9285916460233 22.37867940431042
 1189.4588319127058 22.37751118027213
 1205.1626690181388 22.376927068252982
 1221.033426160832 22.376500217162068
 1237.0911337452565 22.376230626999387
 1253.3224381684313 22.376410353774506
 1269.727339430357 22.37748871442524
 1286.3191911340139 22.380341876980303
 1303.091316477912 22.385868475315302
 1320.0437154620506 22.392428502607252
 1337.1830648879209 22.397910169248473
 1354.502687954032 22.401751829066704
 1372.0092614618743 22.404515128234205
 1389.7094622129384 22.407233495707924
 1407.5899366042436 22.410176521650545
 1425.6640382387704 22.41336667190896
 1443.9250903150287 22.41684887817695
 1462.3797696345086 22.420420947832497
 1481.0347529987007 22.42354370055024
 1499.8766868046243 22.425610558464143
 1518.9122478537695 22.426599055727312
 1538.148112947627 22.426486726492865
 1557.577605284706 22.42529603660768
 1577.2007248650068 22.424127812569388
 1597.0308252915104 22.42349876885646
 1617.0612297627258 22.422937122684207
 1637.2852614771632 22.421948625421035
 1657.7162740378033 22.42089273061719
 1678.3475906431552 22.420353550291825
 1699.1858880947102 22.420376016138714
 1720.2244895909766 22.420668072148292
 1741.4767487349363 22.421094923239206
 1762.9226351221182 22.4215667060239
 1784.5821791569924 22.422105886349264
 1806.4487040380695 22.42273493006219
 1828.522209765349 22.42345383716268
 1850.8093731403217 22.42421767595695
 1873.2968405600063 22.425003980598106
 1896.0046424288746 22.425790285239266
 1918.9127483424547 22.426599055727312
 1942.0411887052185 22.427385360368472
 1965.3766099141844 22.42821659670341
 1988.9256887708436 22.42902536719146
 2012.6817484737053 22.4298566035264
