 0. 0.
 0.001570927762999028 0.003103840830110047
 0.0031645026610581566 0.011263329124662522
 0.004781049042387514 0.02360386162027305
 0.00642089583805612 0.039355760393899535
 0.008084376624920007 0.05784621236015952
 0.009771829689367755 0.07849024406039432
 0.01148359809188732 0.10078492355056648
 0.01322002973245218 0.12430426622513241
 0.014981477416755689 0.1486900322694484
 0.016768298923282108 0.17364460620012448
 0.01858085707123541 0.19892316219321884
 0.020419519789345152 0.22432716107461553
 0.022284660185524423 0.24969979185711932
 0.024176656617427857 0.27491607487744635
 0.02609589276388865 0.2998807976189876
 0.02804275769727687 0.32452408538378485
 0.03001764595673863 0.3487911346284887
 0.032020957622381586 0.37264281603862776
 0.03405309839037595 0.3960487706866422
 0.036114479648995924 0.41898785384816173
 0.03820551855560759 0.4414429061795146
 0.04032663811462215 0.4634015503683944
 0.04247826725640331 0.4848544913219148
 0.04466084091715155 0.5057934096306659
 0.04687480011978675 0.5262124067717036
 0.04912059205581172 0.5461062389475474
 0.05139867016818148 0.5654737614352661
 0.053709494235194104 0.5843156674117465
 0.05605353045538911 0.602636834006074
 0.058431251533492386 0.620443533932341
 0.06084313676739576 0.6377429301157376
 0.06328967213618286 0.6545402374799716
 0.06577135038922832 0.670840366235405
 0.06828867113634889 0.6866486557196878
 0.07084214093903943 0.7019643980840876
 0.07343227340280713 0.7167916289607857
 0.07605958927058658 0.7311352441715593
 0.0787246165172686 0.7450018596478422
 0.08142789044533667 0.758396699037918
 0.08416995378164426 0.7713208096015916
 0.08695135677530155 0.7837801094913747
 0.08977265729671839 0.7957764737523478
 0.09263442093779722 0.8073192983155477
 0.09553722111328014 0.8184139123309195
 0.09848163916326336 0.829072836612691
 0.10146826445688875 0.8393072642413837
 0.10449769449722025 0.8491245287667443
 0.10757053502732035 0.8585336556495585
 0.11068740013750561 0.8675426941864678
 0.113848912373837 0.876158807096247
 0.11705570284781049 0.8843883478257824
 0.12030841134727253 0.8922394702146482
 0.12360768644857834 0.8997145157368162
 0.12695418562997904 0.9068152788106225
 0.13034857538625516 0.9135405530448554
 0.13379153134461186 0.919891174870914
 0.13728373838183003 0.9258724031677172
 0.1408258907426812 0.9314840467461256
 0.1444186921596155 0.9367351698163188
 0.1480628559737462 0.9416366226912376
 0.15175910525708783 0.9462010328422169
 0.15550817293612412 0.9504332561762353
 0.15931080191663277 0.9543448441821712
 0.16316774520984992 0.9579349878278188
 0.1670797660599166 0.9612120096365433
 0.17104763807263765 0.9641791022997797
 0.17507214534557475 0.9668461589996753
 0.17915408259944227 0.9692179974765566
 0.1832942553108275 0.9712991162727503
 0.1874934798462486 0.9730937121738058
 0.19175258359752698 0.9746033679566175
 0.1960724051185071 0.975831731054731
 0.20045379426309876 0.9767891535520072
 0.20489761232466036 0.9774880368708224
 0.20940473217671293 0.9779358952717391
 0.2139760384150046 0.9781469905315366
 0.21861242750090368 0.978126115008415
 0.22331480790612693 0.9778662934400155
 0.2280841002588084 0.9773673352634006
 0.23292123749091428 0.9766172584693977
 0.23782716498697545 0.9756131583608466
 0.24280284073415498 0.9743519210937175
 0.24784923547365983 0.9728442072394364
 0.2529673328534605 0.9710935414205697
 0.2581581295823338 0.9691103125701105
 0.2634226355852351 0.9669001290328748
 0.2687618741599606 0.9644802494685182
 0.2741768821351391 0.9618585262526443
 0.27966871002950017 0.9590451324919084
 0.285238422212434 0.9560407491785528
 0.2908870970658505 0.9528530939485292
 0.2966158271472907 0.9494779314171115
 0.3024257193543096 0.9459012617551127
 0.30831789509010377 0.9421256062933778
 0.3142934904303922 0.9381558176128586
 0.32035365629149587 0.9339845620193543
 0.32649955859965996 0.9296042463229062
 0.3327323784615588 0.9250069951266005
 0.3390533123359751 0.9201895570181059
 0.34546357220666196 0.9151534130290246
 0.351964385756336 0.9099049054464995
 0.3585569965418082 0.9044428457102546
 0.36524266417022205 0.8987835349099395
 0.37202266447636884 0.8929283042455426
 0.3788982897010769 0.8868758314610898
 0.38587084867064403 0.880627202343382
 0.3929416669772613 0.8741885918248956
 0.40011208716046576 0.8675688457069308
 0.40738346888950816 0.8607743279875948
 0.4147571891466927 0.8538061807468365
 0.4222346424115872 0.8466761950127294
 0.4298172408461249 0.8394045727217262
 0.43750641448052036 0.8320121423517074
 0.445303611400006 0.8245094129525182
 0.4532102979323122 0.8169100092843724
 0.461227958835892 0.8092196187854209
 0.4693580974888035 0.8014299603589844
 0.4776022360782677 0.7935266742513204
 0.485961915790789 0.7855034423914397
 0.49443869700286164 0.7773477950060977
 0.5030341594721538 0.7690437189149303
 0.5117499025291662 0.7605714376120914
 0.520587545269285 0.7519312999791152
 0.5295487267451853 0.7431143980255583
 0.5386351061595362 0.7341205438251468
 0.5478483630579344 0.7249587993330907
 0.5571901975220234 0.7156227163428573
 0.5666623303627174 0.706115018855973
 0.5762665033134816 0.6964417091017578
 0.5860044792235974 0.6865825695368125
 0.5958780422513307 0.6765361829647719
 0.6058889980569576 0.6663240436088429
 0.6160391739955366 0.6559629671752576
 0.6263304193093905 0.6454798765521065
 0.6367646053201899 0.6348898117005961
 0.647343625620557 0.624200049454968
 0.6580693962651216 0.613439774344162
 0.6689438559609288 0.602639469340675
 0.6799689662571132 0.5917908088084639
 0.6911467117337211 0.5808668676187767
 0.7024791001896392 0.569864112788768
 0.7139681628294613 0.5588042797842808
 0.7256159544492398 0.5477042086964162
 0.7374245536210017 0.536556751016705
 0.7493960628758978 0.5253519805710672
 0.7615326088859088 0.5140879151866797
 0.7738363426439606 0.5027628257985876
 0.7863094396423452 0.4913784953949123
 0.7989541000493056 0.4799448900417939
 0.8117725488836989 0.4684680879077621
 0.8247670361875363 0.45695277830158076
 0.8379398371963436 0.44539903081872867
 0.8512932525071341 0.43381057319155397
 0.8648296082439046 0.42218024800871934
 0.8785512562204748 0.410540972222361
 0.8924605741005232 0.39891869376458133
 0.9065599655546905 0.3873266580734758
 0.920851860414544 0.3757815505942251
 0.935338714823288 0.3642834735016024
 0.9500230113830285 0.35281901979224595
 0.9649072592984038 0.3414115134127557
 0.9799939945164529 0.33007510729206263
 0.9952857798624842 0.31880315314533536
 1.0107852051717934 0.3076241253199198
 1.0264948874170454 0.29656689416953674
 1.042417470831083 0.28563924994049983
 1.0585556270250234 0.27485664926733006
 1.0749120551013718 0.2642849272807863
 1.091489481762008 0.2539575684932541
 1.108290661410776 0.24387398650608513
 1.1253183762504837 0.23405599608941743
 1.1425754363741005 0.22454045992698568
 1.1600646798498844 0.2153695784620187
 1.1777889728002475 0.2065793722301934
 1.1957512094740776 0.19819679731251708
 1.213954312312312 0.19024019984953147
 1.2324012320064837 0.18270885566148581
 1.2510949475499897 0.17556910408548304
 1.2700384662818343 0.16877130690874786
 1.2892348239225615 0.1623176126642134
 1.308687084602121 0.15626271640144307
 1.3283983408793825 0.1506727798931325
 1.348371713753001 0.14559933958038732
 1.3686103526633957 0.14107978931071705
 1.3891174354854796 0.1371222389726228
 1.409896168511891 0.1336920900506479
 1.4309497864264098 0.1307329895692206
 1.4522815522672363 0.1281703145890535
 1.4738947573798364 0.12591190218788528
 1.4957927213590183 0.12386636165212339
 1.517978791979921 0.12193727234648133
 1.5404563451175821 0.12004352599453096
 1.5632287846547537 0.11814458138038572
 1.586299542377606 0.11625443109878232
 1.6096720778590083 0.11443578136936003
 1.6333498783289828 0.1127776252152433
 1.6573364585320292 0.11137211740594552
 1.6816353605709276 0.11030217224994483
 1.7062501537366372 0.10962005652215825
 1.7311844343239704 0.10931186106719495
 1.7564418254326115 0.10926556715393858
 1.7820259767531323 0.10930252082523706
 1.8079405643376094 0.10926473659077798
 1.8341892903544537 0.10910785457299375
 1.8607758828270518 0.10891096555465506
 1.8877040953558348 0.10878298430275488
 1.9149777068233627 0.10878298430275488
 1.9426005210820212 0.10891575671848819
 1.970576366623928 0.10916377613957258
 1.9989090962326221 0.10947964192566166
 2.0276025866161387 0.10977951328700074
 2.056660738021038 0.11000599436190364
 2.086087473826978 0.11020586793063271
 2.1158867401214074 0.11049514506934777
 2.146062505253928 0.1109557654806808
 2.1766187593699557 0.11162789043198253
 2.207559513923191 0.1124905872824424
 2.2388888011665156 0.11344635596996301
 2.2706106736208627 0.11437033724696889
 2.3027292035216385 0.11508640159322552
 2.3352484822422483 0.11548609479722045
 2.368172619694346 0.1157016020863062
 2.401505743704312 0.11600983683427561
 2.4352519993655806 0.1166254186818183
 2.469415548366373 0.11756957336057433
 2.5040005682924127 0.11871642214662559
 2.5390112519042134 0.1199680923705471
 2.5744518063884927 0.12140116534899593
 2.6103264525833407 0.12297609737507853
 2.6466394241766897 0.12445128967009998
 2.683394966877713 0.12553293560733472
 2.7205973375607293 0.12597621313143037
 2.7582508033812405 0.12600556547685093
 2.796359640863684 0.12614593001359592
 2.834928134960564 0.1266049824936976
 2.8739605780825355 0.12731620987091596
 2.913461269099134 0.1282340236896423
 2.953434512309735 0.1292942034662283
 2.993884616384465 0.1304016215454518
 3.03481589327466 0.13147141560578743
 3.076232657092625 0.13231035833254895
 3.1181392229602842 0.13276518533040224
 3.1605399058265577 0.13273989158005503
 3.203439019253036 0.1322089778395072
 3.246840874167796 0.13144967010216155
 3.290749777587051 0.1306725823636559
 3.3351700313044175 0.12947762023583398
 3.3801059305475394 0.12730462626540304
 3.425561762601948 0.12457519435229107
 3.471541805401889 0.12216220000998144
 3.5180503260880114 0.12040227380906347
 3.5650915795317637 0.11904582112205445
 3.612669806826337 0.11748502022650914
 3.6607892337441577 0.11550023874204048
 3.7094540691607305 0.11361841510476135
 3.7586685034449006 0.11234507675811276
 3.8084367068154337 0.11169981628115533
 3.858762827663978 0.11102363109106227
 3.909650990844365 0.1097619451089984
 3.9611052959284514 0.10789506133675944
 4.013129815428396 0.10605564532173091
 4.065728592985721 0.1050602900811076
 4.11890564152713 0.10456329042155126
 4.172664941387374 0.10401812311611489
 4.227010438399373 0.10339923493150623
 4.281946041951843 0.10266751182629044
 4.337475623014734 0.10115231216424198
 4.393603012132801 0.09860753071351565
 4.450331997387737 0.09536480328361811
 4.5076663223291815 0.09182273380554291
 4.5656096838751905 0.0888690284959062
 4.624165730182539 0.08749590593185175
 4.683338058487481 0.08706101213039602
 4.743130212917548 0.0859017121548469
 4.80354568227493 0.0839537002252048
 4.864587897792266 0.08188102380328789
 4.9262602308613745 0.0796235358821293
 4.988565990735898 0.07706263182164519
 5.051508422208505 0.0742130654018404
 5.1150907032636255 0.07089912760797479
 5.179315942706581 0.06640439432228304
 5.2441871777701285 0.06023431102140405
 5.3097073716993455 0.05356998105390227
 5.375879411316062 0.047438709893678876
 5.442706104563834 0.042119727664412736
 5.510190178034692 0.03738372679553117
 5.578334274478914 0.03283432388152623
 5.6471409502990815 0.028603770319203678
 5.71661267302973 0.024886702762374428
 5.786751818804022 0.021349259600101412
 5.857560669808932 0.017632113317409166
 5.929041411730299 0.013865425540051702
 6.001196131189515 0.010678029905185524
 6.07402681317322 0.008409842574597929
 6.147535338457903 0.006859081267713434
 6.221723481030948 0.005745013554661062
 6.296592905510004 0.0048972043364498155
 6.3721451645624585 0.004223919299420524
 6.448381696326934 0.0036728735249078603
 6.52530382183866 0.003211896636719901
 6.602912742460854 0.0028199405029407346
 6.68120953732395 0.0024825912788328584
 6.76019516077495 0.002189561753194829
 6.839870439838917 0.001933286315535994
 6.9202360716948155 0.0017080295013263528
 7.001292621167944 0.0015093185129995905
 7.083040518241251 0.0013335786716122664
 7.165480055587799 0.0011778955120733453
 7.24861138612676 0.0010398365525128715
 7.332434520605393 0.0009173472982989897
 7.416949325209341 0.0008086586890205283
 7.502155519203829 0.0007122350815139667
 7.588052672608165 0.0006267297746047957
 7.6746402039062005 0.0005509554279510569
 7.761917377795182 0.0004838553625161539
 7.849883302975771 0.00042448851306898475
 7.938536929985608 0.00037201457470945363
 8.027877049079352 0.0003256804554806081
 8.117902288157586 0.00028481119882675665
 8.208611110747457 0.00024880229222571347
 8.300001814037627 0.00021711124726492214
 8.39207252697029 0.00018925327406627793
 8.484821208392937 0.0001647919161055672
 8.578245645272586 0.00014333854191498054
 8.672343450975124 0.00012454514057198623
 8.767112063612583 0.00010810093685859237
 8.862548744460902 0.00009372896480298709
 8.958650576450937 0.00008118284402801702
 9.055414462735348 0.00007024328902814855
 9.15283712533402 0.000060715120487698714
 9.250915103860628 0.00005242590992448596
 9.34964475433287 0.00004522259381233683
 9.449022248069065 0.00003896993187178094
 9.549043570673447 0.00003354849423982307
 9.649704521112787 0.00002885293300398903
 9.751000710886618 0.000024790428889835317
 9.85292756329363 0.00002127943215098526
 9.95548031279629 0.000018248308990027445
 10.05865400448621 0.00001563422606919369
 10.162443493652267 0.000013382151053280119
 10.266843445453697 0.000011443954822485909
 10.371848334700129 0.000009777595610084238
 10.47745244574064 0.000008346367069671699
 10.583649872463612 0.000007118336014806751
 10.690434518409235 0.000006065664909919589
 10.79780009699635 0.000005164211928695573
 10.905740131865313 0.000004392986437659084
 11.014247957338215 0.0000037337999826059897
 11.12331671899811 0.0000031709057245024074
 11.232939374388303 0.0000026906708602790983
 11.3431086938331 0.0000022813404119368348
 11.453817261380866 0.0000019327522807421335
 11.565057475870569 0.0000016361568196930445
 11.67682155212246 0.0000013840170898313576
 11.789101522253649 0.0000011698533946296563
 11.90188923711919 9.881002579480513E-7
 12.015176367878984 8.339813401497186E-7
 12.128954407690959 7.03401193841349E-7
 12.243214673530515 5.92853725616439E-7
 12.35794830813642 4.993387033220375E-7
 12.473146282082844 4.202935252435094E-7
 12.588799395977464 3.5352951380303456E-7
 12.704898282785006 2.9718133216790684E-7
 12.821433410275825 2.496579924280731E-7
 12.938395083598712 2.096068519457933E-7
 13.055773447977074 1.7587613247262732E-7
 13.173558491527434 1.4748798978466556E-7
 13.291740048199175 1.2361223516823177E-7
 13.410307800834005 1.035448275815925E-7
 13.52925128434389 8.668886497773443E-8
 13.648559889005591 7.253936754750195E-8
 13.76822286387021 6.066884151839445E-8
 13.888229320285614 5.0716146374573476E-8
 14.008568235529843 4.2376153735133616E-8
 14.12922845655304 3.539143568145501E-8
 14.250198703825738 2.9544785659270726E-8
 14.371467575290785 2.4653320654300885E-8
 14.493023550416291 2.0562927432292814E-8
 14.614854994346885 1.714402790138987E-8
 14.736950162150086 1.428759286916255E-8
 14.859297203154991 1.1902008987123616E-8
 14.98188416537978 9.9103492511085E-9
 15.104699000044938 8.24803790704296E-9
 15.227729566168492 6.860900271087968E-9
 15.350963635239923 5.703456445738121E-9
 15.474388895968781 4.737644777897333E-9
 15.597992959104475 3.931509737917079E-9
 15.721763362323042 3.2582741141666106E-9
 15.845687575177156 2.6954728503866437E-9
 15.969753004105014 2.2242478811780265E-9
 16.093946997494132 1.8287430624643845E-9
 16.2182568507956 1.4955890785342184E-9
 16.342669811684583 1.2134789179745165E-9
 16.467173085262512 9.727905669813842E-10
 16.59175383929665 7.652730404715131E-10
 16.71639920949233 5.837687109200558E-10
 16.8410963047934 4.2196899755229076E-10
 16.965832212706168 2.741971530177401E-10
 17.09059400464227 1.3520088762315528E-10
 17.215368741275636 4.950974243177367E-17
