 0. 0.
 0.004194690520596632 0.0020281388604238572
 0.008449853409810595 0.007296345871380377
 0.012766354742069016 0.015199493212356049
 0.017145072828946523 0.025215848377844904
 0.02158689838719588 0.036899856318733076
 0.026092734708961292 0.04987067006174962
 0.030663497834184702 0.06380189157155518
 0.035300116725199865 0.07841378305755883
 0.040003533443591255 0.09346692503219282
 0.04477470332928713 0.10875978876954397
 0.049614595181943 0.12412695795381293
 0.05452419144466698 0.13943706491626703
 0.05950448839002047 0.15458777060238044
 0.06455649630842206 0.16950032141529325
 0.06968123969889868 0.18411475561015533
 0.07487975746229669 0.19838591264848046
 0.0801531030968451 0.21227924761713154
 0.08550234489624564 0.2257705309496832
 0.09092856615020738 0.23884405859372101
 0.0964328653474927 0.25149182215143207
 0.10201635638149012 0.26371491749908743
 0.10768016875836516 0.27552494082776724
 0.11342544780775862 0.2869449171554306
 0.11925335489609379 0.2980081433607891
 0.1251650676425489 0.3087562213674478
 0.13116178013764923 0.3192329617469164
 0.13724470316454468 0.32947425888215864
 0.14341506442301483 0.33950944369877395
 0.14967410875616488 0.3493467027372128
 0.15602309837991551 0.35897834523077515
 0.16246331311525578 0.36837509561880405
 0.16899605062328976 0.3774987956589654
 0.1756226266431491 0.38630446659978823
 0.18234437523271446 0.39476375821876025
 0.18916264901223415 0.40286053112182674
 0.19607881941087435 0.4105813144970601
 0.20309427691615647 0.4179126419947421
 0.2102104313263677 0.4248443045884576
 0.21742871200592956 0.43138227467197815
 0.2247505681438124 0.4375452929645358
 0.23217746901491285 0.4433619310942725
 0.2397109042445179 0.44885630252030306
 0.2473523840758403 0.4540432642722465
 0.2551034396406352 0.45892490920296347
 0.2629656232329344 0.4634871700677508
 0.2709405085859233 0.46770567539146307
 0.27902969115198195 0.47153593930169485
 0.2872347883859303 0.4749330212338186
 0.295557440031422 0.4778581581706925
 0.30399930841063516 0.48029111853820994
 0.312562078717168 0.48222845080363735
 0.3212474593122056 0.4836780866825925
 0.33005718202400447 0.4846710253700359
 0.3389930024506593 0.4852750703584619
 0.348056700266197 0.4855851764128559
 0.35725007953003995 0.48568554926909896
 0.3665749689998233 0.4856068272150909
 0.3760332224475858 0.4853252914488087
 0.38562671897936096 0.4848149608068727
 0.39535736335822963 0.4840879453581515
 0.4052270863307206 0.4832006326791274
 0.41523784495676086 0.4822363787371998
 0.42539162294298366 0.48125033298783004
 0.4356904309796118 0.4801866324668497
 0.44613630708076596 0.4789549687362604
 0.456731316928276 0.4775110101740322
 0.46747755421905585 0.4758447898922283
 0.47837714101595613 0.47397110457330116
 0.48943222810215414 0.471935078212998
 0.5006449953391149 0.46981292989977264
 0.5120176520280629 0.4676648027465024
 0.5235524372750507 0.4654893104594573
 0.5352516203595595 0.4632231406120282
 0.5471175011066809 0.46082969832860576
 0.5591524102628503 0.45834869674405043
 0.5713587098751886 0.45579862723638304
 0.5837387936743891 0.45308657080635756
 0.5962950874611719 0.4500917603820345
 0.6090300494963163 0.4468074408177842
 0.621946170894288 0.44336300896700764
 0.6350459760203846 0.4398394582024999
 0.6483320228914459 0.4362326803801314
 0.6618069035801531 0.43254501285544905
 0.6754732446228212 0.428782170305371
 0.6893337074307233 0.4249747677581376
 0.703390988704966 0.42116017799604155
 0.7176478208548087 0.4173095757966685
 0.7321069724195329 0.4133190640125971
 0.7467712484937211 0.4090805926501178
 0.7616434911559821 0.40455329454342664
 0.7767265799011476 0.3997668068188756
 0.7920234320758129 0.39476496878476475
 0.8075370033172715 0.38963639039064535
 0.823270287995773 0.384602209552996
 0.8392263196601295 0.37988010113327236
 0.8554081714865209 0.3756281751436965
 0.8718189567306194 0.3717404537938467
 0.8884618291828706 0.3678558147121874
 0.9053399836269136 0.3637248062656532
 0.9224566563011539 0.3593761672105372
 0.939815125363363 0.3550779058543277
 0.9574187113583102 0.3509775944329889
 0.9752707776883549 0.34693902417133715
 0.9933747310869133 0.34307583047161755
 1.0117340220947941 0.339555890818662
 1.030352145539317 0.3362507293526347
 1.0492326410160826 0.33292136856999954
 1.0683790933734856 0.32957722525553623
 1.0877951331996736 0.3263306253802109
 1.107484437312101 0.32317563638431307
 1.127450729249407 0.3200059692986575
 1.1476977797656729 0.3167608424327141
 1.168229407326857 0.31342418971484237
 1.1890494786094168 0.30995297126079135
 1.2101619090009181 0.3063051709396518
 1.2315706631026337 0.3024920948548297
 1.2532797552338963 0.2985427878427835
 1.2752932499382557 0.29451927648675424
 1.297615262491139 0.2904773801886637
 1.320249959409074 0.2864947298150894
 1.34320155896019 0.28273647689388487
 1.366474331675983 0.27927312123825154
 1.3900726008641373 0.2761114329570516
 1.4140007431222792 0.2733706388101686
 1.4382631888525388 0.27108148854080233
 1.4628644227767214 0.2691896467073634
 1.4878089844519748 0.2676437278192246
 1.5131014687867341 0.26637118435076085
 1.5387465265568196 0.26529850345117606
 1.5647488649214936 0.26433611227600695
 1.5911132479392578 0.2633985092753622
 1.6178444970832715 0.26249488098784024
 1.6449474917560902 0.261689868278866
 1.6724271698036313 0.2610237493622698
 1.7002885280280764 0.2605045608238357
 1.7285366226994905 0.26012197592470937
 1.7571765700659798 0.2598742073934547
 1.786213546862118 0.25976844787575365
 1.8156527908154163 0.25980891747163126
 1.8454996011505125 0.2599907688883006
 1.875759339090982 0.2603052609289654
 1.9064374283583065 0.26074843144815396
 1.937539355667869 0.2613101160972297
 1.9690706712216481 0.2619578118133661
 2.001036989197263 0.2626341170859412
 2.033443988233163 0.26327292862206314
 2.0662974119095745 0.2638107622816416
 2.099603069224919 0.2641990393323712
 2.1333668350673287 0.2644189002759541
 2.167594650681035 0.2644872079704504
 2.202292524127081 0.2644416714679529
 2.23746653073822 0.2643281574785274
 2.2731228135674373 0.2641992202142381
 2.3092675838298558 0.264115639599789
 2.345907121337551 0.26414495009883643
 2.3830477749268786 0.26434695934134117
 2.4206959628779714 0.26475466700299805
 2.4588581733258543 0.2653581205467462
 2.497540964662874 0.26610229708193217
 2.5367509659319207 0.26690743006155665
 2.5764948772099556 0.26768889814460806
 2.6167794699814824 0.26837070476426444
 2.6576115875013486 0.2688921220635203
 2.6989981451464535 0.26921875980561527
 2.7409461307558876 0.2693531008224257
 2.783462604958854 0.269330744878924
 2.8265547014900116 0.2692033160541231
 2.8702296274915082 0.2690165007436856
 2.914494663801329 0.2688012892857817
 2.9593571652272277 0.26857273842277735
 3.0048245608057402 0.2683500478231459
 3.0509043540456964 0.2681982773942737
 3.0976041231555267 0.2682399693754636
 3.1449315212538513 0.2686040533810162
 3.1928942765625914 0.26935327824312716
 3.2415001925820626 0.27048674034599207
 3.2907571482473106 0.27200754235060837
 3.3406730980649995 0.2739341805691193
 3.391256072230224 0.27624882275682855
 3.4425141767224487 0.27884859551012514
 3.494455593379921 0.28153674498143344
 3.5470885799517737 0.2840600366970811
 3.600421470127044 0.2861570837813721
 3.6544626735399492 0.2876699645725684
 3.70922067575048 0.2886552189324164
 3.764704038199623 0.28940091686098385
 3.820921398138376 0.29026820216959975
 3.8778814685296945 0.2913895179437863
 3.9355930379225836 0.2927304393484139
 3.9940649702974254 0.29426263088617316
 4.053306204881708 0.29588106314682644
 4.113325755935255 0.2973987906803476
 4.174132712504074 0.298543908356186
 4.235736238141866 0.29902629892728844
 4.298145570598362 0.29867177933283606
 4.361370021473411 0.29746354145774523
 4.425418975835999 0.29564871528313647
 4.490301891807189 0.29373646528618214
 4.556028300105895 0.29230289662496695
 4.622607803556716 0.2916957151608649
 4.690050076558599 0.29194021253509483
 4.75836486451347 0.29306882842691306
 4.827561983213729 0.29499123851593173
 4.897651318187602 0.29735057995409814
 4.968642824001255 0.29964127320936257
 5.040546523516665 0.3011857502387782
 5.113372507104138 0.3017247424446695
 5.187130931808399 0.3020559032292794
 5.2618320204671685 0.3027715969411958
 5.337486060781109 0.30351111138556236
 5.41410340433406 0.3037478288657012
 5.491694465562424 0.30319745976207346
 5.570269720672583 0.3017130216881468
 5.649839706505251 0.2993047265211363
 5.730415019345535 0.2960748160943025
 5.8120063136777125 0.29270399132844827
 5.8946243008834305 0.28990280773527916
 5.978279747882304 0.2874010505502698
 6.062983475713683 0.2849580015339355
 6.148746358058493 0.28322841153488776
 6.2355793196999425 0.2827868411191258
 6.323493334922055 0.2841856804328691
 6.412499425844749 0.28777493567127926
 6.502608660694424 0.29298516490442217
 6.593832152008869 0.2984835547184989
 6.686181054775377 0.30259445099953136
 6.779666564500956 0.30390181650220455
 6.8742999152134585 0.3030382255853025
 6.970092377392625 0.30137149432391347
 7.067055255829837 0.30028331721065227
 7.1651998874155876 0.300899692916095
 7.264537638853537 0.30413901553037537
 7.365079904300153 0.31047058692129514
 7.4668381029288335 0.3190427874641174
 7.569823676417594 0.3278952787685726
 7.6740480863592 0.3354311041742563
 7.779522811592918 0.34073464688474214
 7.886259345456771 0.34266884695859806
 7.994269192959555 0.3408566445810387
 8.103563867871559 0.3358667790930306
 8.214154889733276 0.3294510507492181
 8.3260537807811 0.32370606383709516
 8.439272062789458 0.3185301000269748
 8.553821253828332 0.31326862830721425
 8.669712864935702 0.30791338538326224
 8.786958396704089 0.30285161018193707
 8.905569335780635 0.29867097930921255
 9.025557151280033 0.294730950314593
 9.146933291109944 0.29151577310416993
 9.269709178208235 0.2896193017203544
 9.393896206691716 0.2909494929558553
 9.519505737915981 0.2924813740805571
 9.646549096445932 0.29232316878009956
 9.77503756593697 0.2919501976922073
 9.904982384926345 0.2895103774840849
 10.036394742534835 0.28461383109411664
 10.169285774078487 0.28195925722502935
 10.303666556590585 0.28096702096247117
 10.43954810425375 0.2809289188956316
 10.57694136374269 0.28005182316743354
 10.715857209477315 0.277012219532277
 10.856306438787179 0.27263946570960323
 10.998299766987142 0.2678975111468563
 11.141847822365051 0.2609479422765897
 11.286961141081974 0.2522411005423131
 11.433650161985698 0.2432801383282115
 11.581925221338222 0.23528465636005905
 11.731796547458226 0.22729974731418687
 11.883274255279533 0.22067745699797475
 12.036368340826503 0.21341331202150057
 12.191088675607865 0.20265854704716788
 12.347445000930003 0.19147190150813886
 12.505446922131343 0.18123605221531952
 12.665103902739437 0.1704422017374563
 12.826425258552131 0.15763519423478892
 12.98942015164509 0.14328522470157007
 13.154097584307046 0.12783120736502404
 13.320466392905404 0.11020936926674625
 13.488535241683914 0.09028361298398449
 13.658312616494998 0.07108438903181964
 13.82980681846906 0.055048589197077544
 14.003025957623473 0.04209672356626513
 14.177977946413748 0.032074731701934575
 14.354670493230085 0.024870453399445713
 14.533111095841944 0.01996695483223165
 14.713307034793992 0.016592310559544934
 14.895265366756696 0.014145686297908461
 15.078992917834931 0.01227666150906067
 15.264496276838175 0.01078716543688399
 15.451781788515994 0.00955984795577284
 15.640855546762904 0.008521664268704751
 15.831723387796124 0.007625528568087637
 16.024390883311046 0.0068401223298348
 16.218863333618 0.006144019183249703
 16.415145760765405 0.005522116157254491
 16.61324290165349 0.004963428320610543
 16.81315920114346 0.004459702589191377
 17.01489880516699 0.004004523887099505
 17.218465553841103 0.0035927109987397166
 17.4238629745934 0.0032199938711592753
 17.631094275303344 0.002882720317354793
 17.840162337464477 0.0025776801442213993
 18.05106970937368 0.002302036156401845
 18.263818599352856 0.0020532266285601592
 18.478410869008925 0.0018289153875242024
 18.694848026538118 0.0016269646084017015
 18.91313122008069 0.0014453978009892367
 19.133261231132096 0.001282399123443844
 19.355238468017035 0.0011362874198315733
 19.579062959432836 0.0010055046701092313
 19.804734348068468 0.0008886210467018882
 20.032251884306074 0.000784315768117437
 20.261614420011433 0.0006913734712739427
 20.492820402420417 0.0006086777911006091
 20.725867868127978 0.0005352067431899061
 20.960754437187077 0.00047002547422244576
 21.19747730732385 0.0004122794698462217
 21.436033248276907 0.00036119336033615956
 21.676418596267055 0.0003160615552641416
 21.918629248605274 0.0002762434599532821
 22.16266065844558 0.00024116139238084417
 22.40850782969037 0.0002102929288557517
 22.656165312055244 0.00018316725951992988
 22.90562719630064 0.00015936133968384538
 23.156887109637353 0.00013849549967198357
 23.409938211313435 0.00012022963798610292
 23.664773188389272 0.0001042595208448452
 23.9213842517083 0.00009031330289814785
 24.179763132070324 0.00007814963159437794
 24.439901076614493 0.00006755310840578955
 24.70178884541898 0.000058332736884176816
 24.965416708324085 0.00005031903451302402
 25.23077444198592 0.00004336219853090183
 25.49785132716692 0.000037329528026788724
 25.766636146270283 0.00003210436744833484
 26.03711718112428 0.000027583315628131527
 26.309282211023373 0.00002367596942010058
 26.583118511031646 0.000020302607676493563
 26.85861285055522 0.00001739336400522214
 27.135751492189055 0.000014887027067750817
 27.414520190844023 0.000012730074471374017
 27.69490419315959 0.00001087567129401688
 27.976888237207543 0.000009283008952428138
 28.26045655249161 0.000007916528341804233
 28.545592860247886 0.000006745257909855043
 28.832280374050534 0.000005742299820272513
 29.120501800727293 0.000004884289142182835
 29.410239341588376 0.000004150969771909691
 29.7014746939731 0.00000352483009955371
 29.994189053117164 0.000002990688066460337
 30.288363114344165 0.0000025354422961550625
 30.583977075583793 0.0000021477892330065986
 30.881010640219685 0.0000018179866910902252
 31.17944302026881 0.000001537648208233151
 31.479252939894288 0.000001299556754786352
 31.780418639253394 0.0000010975181909358803
 32.0829178786815 9.262187724815295E-7
 32.38672794321319 7.810969016006092E-7
 32.69182564744055 6.582526561050834E-7
 32.99818734070912 5.543485004406403E-7
 33.3057889126506 4.665322314603043E-7
 33.614605799052235 3.923704742363762E-7
 33.92461298806116 3.297845106522689E-7
 34.2357850267226 2.770089417231673E-7
 34.54809602784973 2.3253636013979664E-7
 34.86151967722308 1.9508722578635842E-7
 35.17602924111641 1.6357410874037895E-7
 35.49159757414651 1.3707381437056203E-7
 35.8081971274425 1.1480321209155074E-7
 36.1257999571316 9.609980559058611E-8
 36.444377733136164 8.04015820517882E-8
 36.76390174827786 6.723379978361499E-8
 37.08434292768325 5.6195156061071186E-8
 37.40567183848572 4.6946492253557057E-8
 37.72785869981718 3.920195471927002E-8
 38.05087339308372 3.272037220341845E-8
 38.37468547251808 2.729854284538364E-8
 38.69926417600182 2.27654155788268E-8
 39.02457843615 1.897703967007418E-8
 39.35059689164982 1.581243433690599E-8
 39.67728789884583 1.3169952678490725E-8
 40.00461954356219 1.0964160088875247E-8
 40.332559653153915 9.123439790283503E-9
 40.661075808777056 7.587682524783131E-9
 40.99013535786901 6.306479352217319E-9
 41.31970542682821 5.237568859169666E-9
 41.649752933883974 4.345555484987825E-9
 41.98024460214515 3.600722934584895E-9
 42.3111469728176 2.978198202474455E-9
 42.64242641857896 2.4570619785875295E-9
 42.97404915709994 2.0197543436763878E-9
 43.305981264700456 1.6514651996098164E-9
 43.638188690129155 1.339674846633002E-9
 43.97063726845434 1.0737299520825835E-9
 44.30329273505462 8.44497291858312E-10
 44.636120739696864 6.440655565308674E-10
 44.96908686068944 4.654605637497116E-10
 45.3021566190982 3.0241404081791686E-10
 45.63529549301301 1.4912781885183147E-10
 45.96846893185194 1.0637001175344508E-16
