 0. -0.
 0.005457864685287432 -0.
 0.028564597448096172 -0.
 0.06208047306111664 -0.
 0.10391255854104783 -0.
 0.15309962543025674 -0.
 0.20904555769010227 -0.
 0.2714330840698079 -0.
 0.339901404899666 -0.
 0.4144043546386613 -0.
 0.49456727491555436 -0.
 0.5805459563251637 -0.
 0.671841280518026 -0.
 0.7687732593562518 -0.
 0.8707594469329333 -0.
 0.9781320601584874 -0.
 1.0903411765228839 -0.
 1.2075130662029392 -0.
 1.3294749897280969 -0.
 1.455635421728025 -0.
 1.5867669451820883 -0.
 1.7209576081721942 -0.
 1.8596988726719716 -0.
 2.0016622329792253 -0.
 2.1466760935280695 -0.
 2.2955486246756993 -0.
 2.445659879630963 -0.
 2.5987664105789583 -0.
 2.7544178629438076 -0.
 2.9104283033182368 -0.
 3.068662408206647 -0.
 3.2285558797622134 -0.
 3.3879541079894193 -0.
 3.5487970761106133 -0.
 3.710753393402834 -0.
 3.8722854706986714 -0.
 4.0343138740282924 -0.
 4.197148795190866 -0.
 4.360645060191123 -0.
 4.523903456217841 -0.
 4.687995876570104 -0.
 4.853062457349558 -0.
 5.019156210795684 -0.
 5.186266080784234 -0.
 5.354478065904046 -0.
 5.524273359300314 -0.
 5.695789937533394 -0.
 5.869155335751459 -0.
 6.044512675838149 -0.
 6.221971786306764 -0.
 6.401639539219455 -0.
 6.583696322435339 -0.
 6.768219398681537 -0.
 6.955237855255058 -0.
 7.144894133070813 -0.
 7.337203178123904 -0.
 7.532229669255517 -0.
 7.7300330552224565 -0.
 7.930637410927711 -0.
 8.134098173952708 -0.
 8.34046762323883 -0.
 8.54979485053732 -0.
 8.762104401723796 -0.
 8.977457641487316 -0.
 9.195879115703496 -0.
 9.417417916123584 -0.
 9.64212313449882 -0.
 9.867751346666697 -0.
 10.098734597237616 -0.
 10.332994732210006 -0.
 10.570585627798511 -0.
 10.811568490725225 -0.
 11.055968923127159 -0.
 11.303853036256985 -0.
 11.555250613838314 -0.
 11.810246922310744 -0.
 12.068873147379636 -0.
 12.331166974821441 -0.
 12.597220041861014 -0.
 12.867120509246817 -0.
 13.140838633994226 -0.
 13.418478092945087 -0.
 13.700073070668155 -0.
 13.985751593409283 -0.
 14.275604649984409 -0.
 14.569509635226911 -0.
 14.867831019200496 -0.
 15.170232088827941 -0.
 15.477066961928697 -0.
 15.788150426617575 -0.
 16.103650410816044 -0.
 16.423689290787326 -0.
 16.74815781212145 -0.
 17.07711757247347 -0.
 17.41073187513491 -0.
 17.749062393535358 -0.
 18.092321407669115 -0.
 18.440368876698273 -0.
 18.793383978845565 -0.
 19.15143521676547 -0.
 19.51451294857584 -0.
 19.88273943958531 -0.
 20.256124379135414 -0.
 20.634893799801215 -0.
 21.019113182696024 -0.
 21.408827893624792 -0.
 21.80435100569258 -0.
 22.205297449044185 -0.
 22.612148947217378 -0.
 23.024820079164382 -0.
 23.443312708198054 -0.
 23.86762873194391 -0.
 24.298089689212556 -0.
 24.734165097426068 -0.
 25.17652508560462 -0.
 25.62491527082046 -0.
 26.079713706262854 -0.
 26.541050410515794 -0.
 27.00892061138898 -0.
 27.48332489294139 -0.
 27.964526351022805 -0.
 28.452390685941364 -0.
 28.947286899559913 -0.
 29.448970177151008 -0.
 29.95780955912495 -0.
 30.473683008560712 -0.
 30.996681990227493 -0.
 31.526799343711566 -0.
 32.06427327278154 -0.
 32.60913627247681 -0.
 33.16130311943265 -0.
 33.72138557764363 -0.
 34.28922111941282 -0.
 34.865229816167094 -0.
 35.44912091983532 -0.
 36.04162327996761 -0.
 36.64208360851343 -0.
 37.25111116872803 -0.
 37.86883861786974 -0.
 38.49482232580653 -0.
 39.129116762340736 -0.
 39.77220426062558 -0.
 40.423628156686824 -0.
 41.08353246102487 -0.
 41.75188721526189 -0.
 42.42911908990267 -0.
 43.11529920051445 -0.
 43.8116596280893 -0.
 44.51800874064328 -0.
 45.23471600216916 -0.
 45.961247900590536 -0.
 46.697150474291384 -0.
 47.44262706318272 -0.
 48.19801801909205 -0.
 48.96404576306812 -0.
 49.74072102565727 -0.
 50.52766606386274 -0.
 51.32512343593118 -0.
 52.13384376217793 -0.
 52.95357382393936 -0.
 53.78416685564769 -0.
 54.62600506268478 -0.
 55.47877852986976 -0.
 56.34302329433322 -0.
 57.219392203177804 -0.
 58.108355277474665 -0.
 59.009140454295945 -0.
 59.92263179352546 -0.
 60.84849341637366 -0.
 61.788205616645506 -0.
 62.74076139131422 -0.
 63.705906820062225 -0.
 64.68407368408867 -0.
 65.67386641704861 -0.
 66.67654297609539 -0.
 67.69221002388934 -0.
 68.72121928010715 -0.
 69.76297894393075 -0.
 70.81890808165022 -0.
 71.89269906381735 -0.
 72.983005114337 -0.
 74.08675287843884 -0.
 75.20427583883394 -0.
 76.33679516436209 -0.
 77.48159973934611 -0.
 78.6390146662787 -0.
 79.81302616646619 -0.
 81.00532479368381 -0.
 82.21590504574401 -0.
 83.4461264382166 -0.
 84.69149292987004 -0.
 85.9474284075378 -0.
 87.21727919223892 -0.
 88.50680374080855 -0.
 89.81683164249633 -0.
 91.14536551485118 -0.
 92.48993856674957 -0.
 93.8544905393098 -0.
 95.23829670625189 -0.
 96.63683893037697 -0.
 98.05609809135342 -0.
 99.49580866587812 -0.
 100.9497504143976 -0.
 102.41899893927848 -0.
 103.90663733080346 -0.
 105.4113087474984 -0.
 106.93316678764265 -0.
 108.47561462323824 -0.
 110.03442059623971 -0.
 111.60422904164042 -0.
 113.19766461311353 -0.
 114.81910528848299 -0.
 116.46278149825697 -0.
 118.12575273820254 -0.
 119.81137494219573 -0.
 121.52628337428798 -0.
 123.26452905160173 -0.
 125.01598471280155 -0.
 126.79128148152883 -0.
 128.5998816010673 -0.
 130.44018536953226 -0.
 132.3017911432676 -0.
 134.17325720143745 -0.
 136.06466956750202 -0.
 137.98509401425784 -0.
 139.92189814490303 -0.
 141.87827727631597 -0.
 143.85710718619663 -0.
 145.86395569765537 -0.
 147.88493024041455 -0.
 149.92334182477245 -0.
 152.01280483072514 -0.
 154.14237028722545 -0.
 156.2764197708836 -0.
 158.42795358794842 -0.
 160.58850078984398 -0.
 162.78462179756295 -0.
 165.00744613045552 -0.
 167.2432491530572 -0.
 169.51882284880483 -0.
 171.8414332897105 -0.
 174.18893673493224 -0.
 176.5703949577913 -0.
 178.96791208259143 -0.
 181.389392266947 -0.
 183.85163747070095 -0.
 186.32981215407426 -0.
 188.83905628198514 -0.
 191.37933404565015 -0.
 193.99878659879454 -0.
 196.64819847317108 -0.
 199.29200460347016 -0.
 201.9492812496927 -0.
 204.65756061260822 -0.
 207.4012582874089 -0.
 210.17276136166845 -0.
 212.93968325153216 -0.
 215.7424095079917 -0.
 218.58165714269506 -0.
 221.45296838875674 -0.
 224.3680421528818 -0.
 227.2953702252722 -0.
 230.2709243180755 -0.
 233.27995015882814 -0.
 236.33975180674693 -0.
 239.42111117939592 -0.
 242.55269996856572 -0.
 245.72989265143784 -0.
 248.91478172657625 -0.
 252.1494679961251 -0.
 255.4489275909206 -0.
 258.73562033661335 -0.
 262.057904601957 -0.
 265.4145530931704 -0.
 268.80679310403474 -0.
 272.23585192833104 -0.
 275.6992749784972 -0.
 279.1982895483142 -0.
 282.7341229315632 -0.
 286.305547834463 -0.
 289.9125642570138 -0.
 293.5576267867776 -0.
 297.23950812997333 -0.
 300.95698099282 -0.
 304.71249996287963 -0.
 308.5048377463712 -0.
 312.3352216370759 -0.
 316.20242434121246 -0.
 320.1089004463431 -0.
 324.05096807112477 -0.
 328.0323090969004 -0.
 332.0516962298891 -0.
 336.1091294700908 -0.
 340.2058361112866 -0.
 344.3393615659143 -0.
 348.51338771531726 -0.
 352.72423267815213 -0.
 356.9755783357622 -0.
 361.2649701005852 -0.
 365.5936352664023 -0.
 369.96034653943246 -0.
 374.3675585072378 -0.
 378.8128165822561 -0.
 383.29857535204957 -0.
 387.8223802290561 -0.
 392.3866858008377 -0.
 396.9890374798324 -0.
 401.6318898536022 -0.
 406.3140156283662 -0.
 411.0354148041242 -0.
 415.79608738087626 -0.
 420.59726065240346 -0.
 425.4364800311438 -0.
 430.3162001046592 -0.
 435.2339662853877 -0.
 440.19223316089125 -0.
 445.1897734373889 -0.
 450.22658711488066 -0.
 455.30144689958547 -0.
 460.41680737906546 -0.
 465.5702139657584 -0.
 470.7628939534455 -0.
 475.9948473421266 -0.
 481.2660741318019 -0.
 486.57411973490906 -0.
 491.92143873901034 -0.
 497.3080311441057 -0.
 502.73144236263306 -0.
 508.19412698215444 -0.
 513.6936304151078 -0.
 519.2311799552742 -0.
 524.8055483088726 -0.
 530.417962769684 -0.
 536.0671960439273 -0.
 541.7532481316026 -0.
 547.4761190327098 -0.
 553.234581453468 -0.
 559.0298626876581 -0.
 564.8607354414991 -0.
 570.727199714991 -0.
 576.6292555081337 -0.
 582.5669028209273 -0.
 588.5376870658098 -0.
 594.5440628303431 -0.
 600.5835755269652 -0.
 606.6562251556761 -0.
 612.7632390102567 -0.
 618.9033897969263 -0.
 625.0754502219033 -0.
 631.2794202851882 -0.
 637.5165272805618 -0.
 643.7843166204619 -0.
 650.0827883048888 -0.
 656.4119423338423 -0.
 662.7705514135413 -0.
 669.1598428377671 -0.
 675.5773620189572 -0.
 682.0243362508929 -0.
 688.4995382397932 -0.
 695.002967985658 -0.
 701.532170900925 -0.
 708.0896015731566 -0.
 714.6728054147906 -0.
 721.280555132046 -0.
 727.9153053124847 -0.
 734.5733740747637 -0.
 741.2559887126639 -0.
 747.9619219324044 -0.
 754.6911737339851 -0.
 761.441289529844 -0.
 768.2147239075431 -0.
 775.0090222795203 -0.
 781.8229573519945 -0.
 788.657756418747 -0.
 795.5121921859964 -0.
 802.3838100661807 -0.
 809.273837353081 -0.
 816.1822740466972 -0.
 823.1066655594674 -0.
 830.0470118913913 -0.
 837.0033130424692 -0.
 843.9731144251388 -0.
 850.9576433331811 -0.
 857.9556724728151 -0.
 864.9672018440408 -0.
 871.9897768592962 -0.
 879.0233975185811 -0.
 886.0668365281147 -0.
 893.1213211816777 -0.
 900.1843968917082 -0.
 907.2560636582061 -0.
 914.3363214811716 -0.
 921.4227157730422 -0.
 928.5152465338183 -0.
 935.6126864697186 -0.
 942.7162628745242 -0.
 949.8235211606731 -0.
 956.9332340343841 -0.
 964.0466287894383 -0.
 971.1612508382735 -0.
 978.2771001808898 -0.
