 0. 0.
 0.007937757407592822 0.000004389305184194874
 0.027764990072134337 0.000016332054371694947
 0.05434148692311899 0.000034879220174768814
 0.0866585144530919 0.00005923149500054848
 0.12416161326468035 0.00008873032176206733
 0.16650845960062186 0.0001228425821936351
 0.21347326676749448 0.00016114341438606793
 0.2648977612986528 0.00020330002459419428
 0.32066684582718163 0.0002490514003172839
 0.38069537517286894 0.0002981913814985269
 0.44491658073488444 0.0003505481422001834
 0.5132771165260877 0.0004059667474067304
 0.5857298883266522 0.00046429085711437396
 0.6622311300022065 0.0005253456005335916
 0.7427384835706636 0.0005889295373811709
 0.8272067742316592 0.000654802260228231
 0.9155879048994098 0.0007226845784988081
 1.0078260005832587 0.0007922575338865513
 1.1038588002902239 0.0008631662644010133
 1.2036128598899138 0.0009350347587122095
 1.307004133461646 0.0010074720839804941
 1.41394022894567 0.0010800925886237716
 1.5243132033248883 0.0011525319952174864
 1.6380029423175735 0.0012244468138714723
 1.7548746795562198 0.001295565513588564
 1.8747817215714055 0.00136566833455272
 1.9975673580818665 0.001434618416165079
 2.1230570210614035 0.0015023847709558294
 2.2510685511217674 0.0015690379217851939
 2.381415097904383 0.0016347752139055692
 2.5138959236801908 0.0016999205863804344
 2.648314710304421 0.0017649532571714188
 2.7844694455271 0.0018304835426739023
 2.9221643659553846 0.0018972796314723878
 3.061209871251082 0.001966247695484981
 3.2014312941549887 0.002038428316129856
 3.3426642554746 0.002114965720762396
 3.4847680393451457 0.0021970889831775136
 3.627621580731934 0.0022860686778834968
 3.7711325542206593 0.0023831743536720093
 3.9152313011913886 0.0024896204530008184
 4.059880365236972 0.002606518751131478
 4.205072329138412 0.002734836375361422
 4.350824694748042 0.002875346935588817
 4.497182764467472 0.0030286168460206386
 4.644218000490807 0.003194996087634537
 4.792023365068023 0.0033745962721487143
 4.9407050939426025 0.003567365975057788
 5.090385711115709 0.003773049164800268
 5.241194248221265 0.0039912278812415615
 5.393270974575645 0.0042213978727431035
 5.546750640392501 0.004462913846356436
 5.70176296208098 0.004715050370886827
 5.858436308912129 0.004976987040368901
 6.016890110789532 0.0052477900110427435
 6.1772292891975225 0.005526400275043421
 6.339553901784421 0.005811634881855535
 6.50392504571504 0.006102229100910584
 6.670455744343966 0.006396866420365521
 6.839183718056387 0.006694206450356906
 7.01019775288449 0.006992910695840467
 7.183485871504868 0.007291597904437682
 7.359106303316027 0.00758886025698194
 7.5371209262135155 0.007883197320884465
 7.717556824227878 0.008173065520354036
 7.900480811508787 0.0084568670321816
 8.085882824806767 0.008733006355202085
 8.273832076577385 0.008999966666604938
 8.464401857441768 0.009256413992470302
 8.65762204786287 0.009501263073928644
 8.853553547993725 0.009733714604404631
 9.05226007126462 0.009953215560812495
 9.253794343787417 0.010159429117819564
 9.45822505180692 0.010352246133086287
 9.66560459408092 0.01053190391144925
 9.876001665179013 0.01069925231032524
 10.08945744407154 0.010855505515635834
 10.30602885157896 0.011002181601846062
 10.525763848994377 0.01114109509877732
 10.748711124053202 0.011273996629412303
 10.974898118170342 0.011402543575886917
 11.204373622875195 0.011528182857675357
 11.437169967081532 0.011651866803220848
 11.673307098688191 0.011774336499353158
 11.912839071530332 0.011896007733689483
 12.155802833528993 0.012017196012381591
 12.402241245066804 0.01213791580132273
 12.652203678656397 0.012258344096981452
 12.905733718766268 0.01237881254402053
 13.162881709659459 0.012499919999743998
 13.423685232640988 0.012622717615474094
 13.688208915932051 0.012748372445139811
 13.956491182949367 0.01287784919930343
 14.228605695806895 0.013011072207931212
 14.504599414163705 0.01314693880719006
 14.78454908085416 0.013283711830659382
 15.06851878408095 0.013419314438524793
 15.356550899437565 0.01355182644516967
 15.648718767842462 0.013679181262049275
 15.945073751308886 0.01379931157703166
 16.245675560642205 0.013911038782204585
 16.550593004712372 0.01401445682143978
 16.859879458262576 0.014110527984451893
 17.17361429985243 0.014200140844371932
 17.49185276346047 0.014284117053566874
 17.81464140911312 0.014363112476061726
 18.14199914590443 0.014437451298619158
 18.473988646789003 0.014507274037530276
 18.810654571541352 0.014572576985557497
 19.152031455291453 0.014632908118347493
 19.498133057676867 0.01468768191376706
 19.848980325642515 0.01473662105097366
 20.20464257128526 0.01478025710195868
 20.565252152769347 0.014819446683327958
 20.930926257874603 0.014854797204943593
 21.30174394091149 0.014886503954925079
 21.677775020563125 0.014915059503736483
 22.059200459888164 0.014942924747183867
 22.44598542307117 0.014973509942561898
 22.83820246327335 0.0150089639882305
 23.23592503751918 0.015050382054951296
 23.639227515683224 0.015098542976062293
 24.048065014366756 0.015153184483797457
 24.46262980074056 0.015212757803896044
 24.88299895097932 0.015275045008116998
 25.309250488689678 0.015339915254003198
 25.741334781483765 0.015407725335038914
 26.179456020523943 0.015477112133728307
 26.62356202376377 0.015544420220773755
 27.073998379387785 0.015606280786913966
 27.53085462433953 0.01566167296300111
 27.99422148155766 0.01571104706886209
 28.464190872980677 0.015754491423083133
 28.940711386966388 0.01578806511260959
 29.42387017623958 0.015806359479652487
 29.913606049303457 0.015808921531843975
 30.409848980931184 0.015801170842693904
 30.91282849939841 0.015786829954110484
 31.422471130674975 0.015766610288835074
 31.939012917101053 0.015743157243704325
 32.46237679979104 0.015720718813082308
 32.9928054853812 0.01569968152543229
 33.530553087127814 0.015677659264061075
 34.07571532392094 0.015655222770692215
 34.62856195689853 0.015638542131541547
 35.18937506530689 0.015638574103798594
 35.758092269921626 0.015660332052673726
 36.33445981533313 0.015705222061467326
 36.91838635535372 0.015772380923627226
 37.510331623468375 0.01585859388470491
 38.1100186680795 0.01596264389128568
 38.717727499851144 0.016080453973691167
 39.33355466361376 0.016207158912036373
 39.95739801303614 0.01634343905057929
 40.58975195664013 0.016484568541517853
 41.23093130911026 0.016616858908951475
 41.88105585558099 0.016727043970767817
 42.54045939920098 0.016810145745947594
 43.209490597714996 0.016868491337401814
 43.88829411078709 0.016905147145174455
 44.576125711354955 0.0169301210863951
 45.2724137478646 0.01696110255850132
 45.97746411055587 0.017005175682714955
 46.69159708687473 0.017054618142896074
 47.41562180723849 0.01710295296140406
 48.15015160376628 0.017147827850780402
 48.89460926510444 0.017190811499170133
 49.649118862001984 0.01722059813130775
 50.41380572997577 0.017228290687122737
 51.18854059071071 0.01722335623506638
 51.973179685546945 0.01721734590463931
 52.76914713627617 0.01722460449473369
 53.576609287785956 0.017268613146399454
 54.39546276122679 0.017364273667504784
 55.22531375834013 0.017514051501580096
 56.066297416378205 0.01769406680217976
 56.918834729403876 0.017878310882183474
 57.78249866801396 0.018063582147514374
 58.657122116461004 0.0182443689942952
 59.543711872769634 0.018392009134403996
 60.44151626309213 0.018497567407634984
 61.35034406959127 0.018571268131175104
 62.27123153529363 0.018608761377372756
 63.20457601546336 0.01860575179883898
 64.15002150056749 0.01855605022627391
 65.10773629619915 0.018436404204724956
 66.07848644712773 0.018260093099434077
 67.06411615571183 0.0180682594623832
 68.06517562374808 0.017866113175506303
 69.07916283299195 0.017691155982580673
 70.1055193390225 0.01758505046907742
 71.144677672572 0.017520188355151893
 72.19640359510474 0.01745070199161054
 73.26080827557887 0.0173814268689311
 74.34023293345321 0.017337012430058415
 75.43488719336632 0.01733865623397615
 76.5442178490779 0.017382663777453674
 77.66957072775926 0.01744270621205322
 78.81078563783225 0.01751470810490429
 79.96848169846271 0.01756374105935293
 81.14046563594034 0.017572763015530596
 82.32276068454148 0.017565335180405754
 83.51908049290434 0.01756103641588389
 84.73546928805902 0.01755317635073493
 85.96757635380928 0.01755565435977822
 87.20729862404256 0.01760985519531606
 88.45931564871593 0.017705112256068866
 89.72678621926192 0.017837853009821557
 91.00622323385133 0.01797798653909831
 92.30459206300041 0.01809756889750665
 93.62537106488914 0.018197170109662656
 94.96476813389981 0.01832438266354422
 96.32482637849205 0.018373567971409363
 97.7045662538356 0.018319142993055107
 99.09956796351376 0.01828340777863908
 100.50972156522532 0.01833343939363261
 101.94076679584133 0.01850951106863712
 103.39602224648502 0.01866260967817738
 104.87357937653394 0.018655186946262427
 106.36502491040247 0.018621170747297282
 107.87143098942603 0.018657170203436532
 109.39447254548271 0.01865301584194899
 110.93757654826314 0.018548827456203263
 112.50323076581115 0.018524956140298955
 114.08037078878682 0.018539120799002308
 115.67752788936146 0.01856165402112646
 117.29316116826726 0.018634350002079494
 118.92800983483447 0.018711173132649913
 120.58525595802652 0.018808349209858903
 122.252364185452 0.018739263592788272
 123.94334497592466 0.0185781323065587
 125.66796639865444 0.018474928957914832
 127.39958801503354 0.01847549728694738
 129.14622130266798 0.01851358960331572
 130.92051816346668 0.018356579202019094
 132.72361598396532 0.018082118238746257
 134.52635221366526 0.01785169459743248
 136.34881834504552 0.017755111939945632
 138.2085691859449 0.017689516669485348
 140.09754450630336 0.017473036370362193
 142.00706875696068 0.017203604273523614
 143.93632884439032 0.017014141177267808
 145.89701698984555 0.01694597297295142
 147.87518216913514 0.016915761880565712
 149.87109620679126 0.016917771720885703
 151.88701784624482 0.01709473603189005
 153.93965657252767 0.017222253046567396
 156.0167843577415 0.017319497683247052
 158.12780518870923 0.017452163189702302
 160.272188056314 0.017661257033405067
 162.43244952628598 0.017882113968991472
 164.6060453472445 0.01813573819837505
 166.81916202188242 0.01821493892386137
 169.04476682585423 0.018058432933120195
 171.30944388904985 0.017953634729491408
 173.59874677764756 0.01803976163922351
 175.8786223944775 0.018016964228193384
 178.1669261101979 0.017860179170433872
 180.4838460614473 0.01772455923288362
 182.84937489070725 0.017660719124656277
 185.24375054756968 0.01750942603285442
 187.67158576330095 0.01730681946517037
 190.12373229395556 0.016913929170952562
 192.60625731455346 0.016721064559411282
 195.10707920404923 0.01649157360593585
 197.65581209279173 0.01601792745644704
 200.22468413378832 0.015344673342890034
 202.80891368917037 0.014408608537953968
 205.4138520566041 0.013047451858504786
 208.20254331839448 0.009424988063652918
 210.91996784987197 0.006683651696490474
 213.57600800886874 0.005162082912933499
 216.28953184620315 0.004237168866118035
 219.04421843700783 0.0035855264606470274
 221.8316251055659 0.0030850299836468367
 224.64948069891747 0.0026816580691803346
 227.49708966869846 0.0023467743819975536
 230.37439991557764 0.0020631941256217265
 233.28122861226854 0.0018197142632842113
 236.21760880973758 0.0016085770109012499
 239.18380371597598 0.00142414886862294
 242.1799581302127 0.0012621885754513864
 245.2059683092172 0.0011193882257733462
 248.2620872557133 0.0009931173143189077
 251.34844473304327 0.0008812201768003272
 254.46516674818682 0.0007819092018898358
 257.6123754367415 0.0006936749959455076
 260.7901889471763 0.0006152276001611111
 263.99858932133003 0.0005454521060551513
 267.2379487702988 0.0004833797678844244
 270.50810712373436 0.00042816001681614317
 273.80943427639846 0.0003790422140078859
 277.14175448721414 0.0003353639813694965
 280.5052947292886 0.0002965373500926991
 283.90014190583275 0.0002620368294724999
 287.32652165461377 0.00023139576487049196
 290.78422529339963 0.00020419745346110464
 294.2733193872086 0.00018006887571148992
 297.79416291661454 0.00015867703047385277
 301.34667154130545 0.0001397236558353667
 304.9309007892517 0.0001229422628716423
 308.54690054366665 0.00010809440318536386
 312.19471492519995 0.00009496699426642921
 315.8742242355657 0.00008336887908566362
 319.58577474182306 0.00007312981608072045
 323.3292364767683 0.0000640974258453489
 327.104465791478 0.00005613581744305502
 330.91180145435465 0.00004912351778934404
 334.75092153180054 0.00004295229912356264
 338.6221593867758 0.000037525724509994476
 342.5253434298655 0.000032757747175286646
 346.4602875127536 0.000028572119277365478
 350.4273163058057 0.000024900602402351633
 354.4260545232996 0.000021682827306419243
 358.45682066890106 0.000018865073548756708
 362.51921715325904 0.000016399756095747278
 366.61355603261404 0.000014244613016856582
 370.7394168865982 0.000012362281342859011
 374.8971050595999 0.000010719608201795437
 379.08617679084205 0.000009287367764872888
 383.30693046657797 0.000008039670391253612
 387.55889849632 0.000006953704048922416
 391.842372081912 0.000006009326085344346
 396.15685933606034 0.000005188805257474981
 400.5026440718069 0.000004476527672203088
 404.87920966228194 0.000003858769233836094
 409.28683235108645 0.000003323447005745691
 413.72497035545234 0.0000028599702795658557
 418.19368309771846 0.0000024590628296161936
 422.69281919546245 0.0000021125789926059567
 427.22221884244794 0.000001813400121319065
 431.7817137536798 0.0000015552909695616444
 436.3711271144468 0.0000013328128150644412
 440.99027353346077 0.00000114121426559608
 445.638959000214 9.763575164866608E-7
 450.31698084665834 8.346310562158587E-7
 455.02412771332644 7.128969069928695E-7
 459.76247831513956 6.084258377156578E-7
 464.5272300596946 5.188467981976953E-7
 469.3204204696755 4.421040601487392E-7
 474.14180317227704 3.7641333663939166E-7
 478.9911230039976 3.202327278714654E-7
 483.86811600551505 2.722245396726754E-7
 488.77250942168064 2.3123494545591504E-7
 493.7040217067141 1.9626716485444018E-7
 498.6623625346803 1.6646110656847143E-7
 503.6472328153225 1.4107586611465478E-7
 508.658324715317 1.1947342800807216E-7
 513.6953216850223 1.0110489602388205E-7
 518.7578984907743 8.549830407674762E-8
 523.8457212527887 7.224929065395729E-8
 528.9584474887149 6.10103269946982E-8
 534.0983966081398 5.14838809725918E-8
 539.2598939936105 4.3415204709870944E-8
 544.4452164309089 3.658647291007976E-8
 549.6539875755803 3.0811280401826865E-8
 554.8858227844744 2.5930831070368723E-8
 560.1403291939394 2.180942456829157E-8
 565.4171058038484 1.8331557489749744E-8
 570.7157435674644 1.5398766184340875E-8
 576.0358254871317 1.2927335378955711E-8
 581.3769267157882 1.0846151391161752E-8
 586.7415482913387 9.094718247422512E-9
 592.1234096500353 7.621784567934206E-9
 597.5249698804863 6.38386246719022E-9
 602.9457738663461 5.344118262164489E-9
 608.3853592357107 4.471353262715886E-9
 613.8432564968808 3.7391977749244554E-9
 619.3189891796563 3.12537677728622E-9
 624.815197940941 2.6110476824447306E-9
 630.3251724303663 2.1803325434437748E-9
 635.851512636107 1.8198351573700294E-9
 641.393715692543 1.5182687509133552E-9
 646.9545071612603 1.2661319046608059E-9
 652.526930589091 1.0554240853799006E-9
 658.1136718883901 8.794265176806985E-10
 663.7142044805564 7.324875425561857E-10
 669.3313427797895 6.098639192475646E-10
 674.9578846587283 5.075736399774914E-10
 680.5966060979335 4.222783442233333E-10
 686.2503908182018 3.5117801753526657E-10
 691.9118531058069 2.919294435304531E-10
 697.5873269458505 2.4256751637430766E-10
 703.2693047035342 2.0144974559427968E-10
 708.9642254433277 1.6720047846821492E-10
 714.6680330557008 1.3867011213668215E-10
 720.3765539719543 1.1489603996657151E-10
 726.0963872180023 9.507339270269048E-11
 731.8233812057998 7.852872086058705E-11
 737.5569544126089 6.469783613073933E-11
 743.3002385760868 5.3107344124894815E-11
 749.045243801412 4.33593127251805E-11
 754.7988418160178 3.511822888472595E-11
 760.5567258597395 2.8099466187100423E-11
 766.3183033775244 2.205982774184785E-11
 772.086839788744 1.6789669442844906E-11
 777.8579377779026 1.2105494620212757E-11
 783.634917967305 7.843825597245263E-12
 789.417269444359 3.855463655645064E-12
 795.2084550196524 1.0035237914469193E-17
