 0. 0.
 0.006053823579249777 0.000004711570863310877
 0.021175775391890847 0.000017548960083150227
 0.04144612476216747 0.000037459711691362495
 0.06609650769898605 0.00006349590537979594
 0.09470550881463982 0.00009480653985880932
 0.12701479165440838 0.0001306265669762472
 0.16285555778761998 0.00017026567475565942
 0.20211099900342513 0.00021310068043063588
 0.24470047589525687 0.00025856681921700625
 0.2905670186574703 0.00030615388287591586
 0.33966875056249207 0.00035540258862309937
 0.39197694953547346 0.00040590392952027455
 0.4474697468377403 0.00045730077629498945
 0.5061319031601611 0.0005092897014470251
 0.5679504281842619 0.0005616226491159344
 0.6329137098465182 0.000614117252648059
 0.7010111292552472 0.0006666550832327014
 0.772230100593658 0.0007191884314976153
 0.846555936561895 0.0007717389454990593
 0.923969905605727 0.0008243931101119175
 1.0044493407202117 0.0008772969850626411
 1.087966871225533 0.000930640639559653
 1.1744885407456727 0.000984641051348155
 1.2639741054215752 0.0010395191195932858
 1.3563751078658417 0.0010954816292389389
 1.451633992452906 0.0011526968378546025
 1.5496882775302774 0.0012113009535206353
 1.6504624468300606 0.0012713732732757914
 1.753873329001612 0.0013329628651991773
 1.859829566130258 0.001396119622381979
 1.9682296426940138 0.0014609004072831248
 2.0789639710424495 0.001527412845304111
 2.1919129267328175 0.0015958446039636817
 2.3069536590042725 0.0016664783226912974
 2.423955598820593 0.001739706871860889
 2.5427847705659676 0.0018160286341354864
 2.6633022840070404 0.0018960379743032574
 2.7853708804589012 0.001980396424961427
 2.9088573497249692 0.002069811585628025
 3.03362830254349 0.002164994226320246
 3.159557738191295 0.0022666340683930434
 3.286528411937679 0.0023753736548172795
 3.4144370774980435 0.0024917824945207396
 3.5431870055910477 0.002616348600626453
 3.6727048247917233 0.002749465402582837
 3.802925572301034 0.002891426983342308
 3.9338083571304994 0.0030424233761920773
 4.065326775620238 0.0032025302496619763
 4.19747721690627 0.003371690970418256
 4.330268244432095 0.00354973238427913
 4.463733290298601 0.0037363351027443993
 4.597919391915284 0.003931055837812534
 4.732888393841207 0.004133303763335088
 4.86871327784869 0.004342418680873598
 5.00548138347784 0.004557674845795825
 5.143282472161153 0.004778294674881406
 5.282218779039738 0.005003458803667719
 5.422392074427145 0.005232379955622489
 5.563899860680056 0.005464210830485954
 5.706845366257912 0.005698078623536183
 5.8513256669239855 0.005933110482706352
 5.997433068160744 0.006168379041531089
 6.1452568164032915 0.006402936826175939
 6.294878865970818 0.006635909884861306
 6.446372350350116 0.00686644740750266
 6.599809872017539 0.007093800109955171
 6.755259585808437 0.007317315081366935
 6.912773860644621 0.007536418247417005
 7.072415370080607 0.007750625781186961
 7.234232685642499 0.007959528880530555
 7.39827686833761 0.00816279363943497
 7.5646015533625475 0.008360179423911906
 7.733243686840901 0.008551514485750462
 7.904261023312161 0.008736727075970726
 8.077685816697063 0.008915845445048944
 8.253571394466803 0.009088998844757326
 8.431960634886675 0.009256441000730248
 8.612888982815571 0.009418540226595627
 8.796405581899034 0.009575823724359174
 8.982538697984136 0.009728931082087075
 9.171339324625546 0.009878582894322445
 9.36284136367675 0.010025517443005123
 9.557088443167038 0.010170349059889734
 9.754120241988296 0.01031368023549305
 9.953981982114062 0.010455955240914146
 10.156714767918551 0.010597216615696783
 10.362355091525087 0.01073722496737402
 10.570950206239417 0.010875385050654529
 10.782532168092478 0.011010994505493135
 10.99714379478546 0.011143428556777309
 11.214839734972555 0.011272311209330586
 11.435658932011771 0.011397455856462003
 11.659652190733699 0.011519071143108718
 11.886877351671718 0.011637525510176121
 12.117369533975383 0.011753552654410495
 12.351194532779195 0.01186806639684831
 12.588401303467714 0.011981944750331642
 12.829039497750864 0.012095619041619985
 13.073152923465837 0.012208849249622178
 13.320778935810003 0.012321201240138885
 13.571947802967893 0.01243245752053873
 13.826695895607365 0.012542607384431675
 14.085066286681366 0.012651482126612676
 14.347087822529522 0.012758722506583487
 14.612817690846423 0.01286339768490425
 14.882306801505868 0.012964528529800071
 15.155599131013334 0.01306104896246852
 15.432746490880762 0.013152186130069783
 15.713809215924153 0.01323714470722444
 15.998848873347345 0.01331521685891747
 16.28794459415925 0.013386074854116125
 16.5811613677774 0.013449981412626563
 16.87854018333142 0.013507220291384901
 17.180147385818177 0.013558244724152164
 17.485998187731916 0.013604337543592485
 17.796114389609244 0.013647160876900367
 18.11054318235104 0.013687914377289187
 18.429359447689173 0.013727381396318818
 18.752640018513222 0.013766880547168264
 19.080454187066078 0.013808837749789082
 19.412872637549437 0.013855287799248344
 19.749977352280858 0.013906077807922693
 20.091802215435976 0.013959369613274089
 20.438461599237737 0.014012565789319243
 20.789783121440674 0.014063214426296714
 21.146128635190866 0.014108118230295634
 21.50735457597707 0.01414323159677448
 21.87363175238413 0.014165450928226747
 22.24491666382676 0.014175365956475339
 22.621385254368988 0.014176812053490728
 23.002991820451122 0.014174343018284833
 23.389800673337593 0.014171414890546392
 23.782114509788542 0.014170391667134682
 24.179769242531716 0.014172861390700186
 24.58295425548595 0.014179210133149166
 24.99161801641708 0.014188410763718394
 25.405955500097726 0.014199401395833559
 25.82604172429853 0.01421312773459804
 26.251821415518293 0.014232006183247672
 26.683364901532435 0.014256577429383252
 27.120878748074006 0.014285097129526282
 27.564579109723464 0.01431705276933769
 28.01441207505228 0.01435524294465266
 28.470457985316436 0.014404131351803203
 28.93250897268661 0.014464681123343162
 29.400927009239386 0.014534373051494172
 29.875944328183625 0.01460859336144312
 30.357348660264933 0.014681961721786364
 30.84552589089737 0.014750016949142804
 31.340256033886167 0.014811515790087116
 31.84161843454902 0.014867649444347281
 32.34985485780416 0.014918579020804897
 32.86488968030918 0.014965059304927595
 33.386804652450834 0.015012994371543607
 33.915851795300945 0.015066187308008619
 34.45212246543995 0.015122334475867144
 34.99553410526442 0.01517814217880436
 35.546527130882325 0.015233581325479573
 36.10538465869738 0.015288557812952797
 36.67185246964784 0.015345422770324706
 37.245654833993285 0.015405615859159932
 37.82725011083583 0.01546767597281505
 38.41635265220372 0.015528425548007112
 39.01284891507756 0.015582297648293079
 39.617227813040515 0.015628979493236276
 40.22988373490282 0.015674118795007266
 40.85147577778781 0.015719541978060303
 41.482013773797306 0.01576435853436479
 42.12154386618944 0.015814455412691265
 42.77032264307339 0.015880617116472522
 43.42824701926408 0.015970159673591243
 44.09511289873001 0.016076473493897847
 44.77119004826716 0.016194412616702094
 45.45666805132198 0.01632050857050723
 46.151442037591444 0.01644782660414439
 46.85494949507329 0.016563997102148988
 47.56718238194894 0.016665053255240442
 48.28894805238523 0.016748970117592306
 49.01987257783014 0.01680538604138566
 49.76005104190169 0.016834102292667703
 50.5086446017691 0.01685277425233009
 51.266578585701296 0.016867809579195515
 52.034439882124616 0.016886858796117173
 52.81284553666193 0.016917180616166514
 53.60271183587673 0.0169465925778606
 54.40432284110545 0.016955589049042204
 55.21775055286148 0.016917623946642153
 56.042838695738766 0.016839210195255597
 56.879214362908705 0.01674679073733233
 57.726243809558476 0.016657220656520103
 58.583951762844976 0.01658116401221579
 59.452209737084864 0.01652749224776705
 60.330966196530255 0.016467179479194367
 61.22071193175996 0.01638749523264614
 62.12078074407072 0.01630987430975481
 63.03260465836219 0.01629512196947295
 63.957343162893764 0.016351391378106022
 64.89452919284396 0.0164306116745543
 65.84471366799274 0.016502211972944717
 66.80890643650176 0.016551706860623166
 67.78701538156663 0.016577364084799488
 68.77838327102806 0.016597198558792988
 69.78206141164814 0.016567588840866374
 70.79696735540514 0.016459313472924682
 71.82317011935774 0.01633780891062201
 72.86037336928058 0.01623951969733095
 73.91084528244765 0.01614787911770459
 74.97285705563937 0.01608536602008173
 76.04491462235714 0.016088784913721732
 77.12913620113152 0.016177731608603228
 78.23022559649301 0.01630377256956193
 79.35045214643979 0.016409387557127172
 80.48938368735044 0.016498454473071106
 81.6415652351349 0.01661481266821868
 82.80618818087133 0.016881943016134132
 83.98793736070081 0.017211420627013915
 85.18898871505964 0.01743315806157909
 86.408086391825 0.017585420097342003
 87.64218098018968 0.01762452836248392
 88.88679580692073 0.017535250212072823
 90.1447638863507 0.017374233796055582
 91.41615134070935 0.017199418594824652
 92.70426596256151 0.0170707059022174
 94.00930702278886 0.016974893224995555
 95.32385235982692 0.01691227364963091
 96.65551395258856 0.01691995862879103
 98.00792140843986 0.017007968720573308
 99.38092317703759 0.017118323516045607
 100.77384102492388 0.017241026651565735
 102.17267010268034 0.017355056899935536
 103.58176924565068 0.017436828840130307
 105.01309402194457 0.01746671119587199
 106.45478113249875 0.017521015952278566
 107.90907893332538 0.017425383783435014
 109.38881272444549 0.017195726213219374
 110.89409026219592 0.016894170592248677
 112.41240757499584 0.01663667635076189
 113.95803380209409 0.01649548423054019
 115.52307422386225 0.016332360515247023
 117.09578462283795 0.016084993005904602
 118.69078668538302 0.015894904844005832
 120.30015038848961 0.015800886051104857
 121.9266650788947 0.015742394989327387
 123.57234099672505 0.01573670867748399
 125.24104644644567 0.015611854470241516
 126.93144929789912 0.015569136135315922
 128.6432904919655 0.015508384828859516
 130.37321733845198 0.015470294114851211
 132.13567695506296 0.015619154906716304
 133.93126919319187 0.01582264200441886
 135.74015842892985 0.016078805925814267
 137.5547812943567 0.016393199809677184
 139.40615022323 0.0166927529185572
 141.26765195034773 0.016928289931354555
 143.1493930964239 0.01689420018823028
 145.05868185788603 0.016957446741771003
 146.98093471735464 0.01688303882599338
 148.91493009159478 0.01660581223547948
 150.84843809202349 0.016413896551398147
 152.79893620934658 0.016272676485446395
 154.79414969321502 0.016106799806292992
 156.817725886763 0.015954999216546518
 158.8670485203058 0.01558784783092265
 160.94466517081767 0.01529666630347933
 163.02671460586433 0.01502670955332537
 165.14025330292333 0.014537915944178519
 167.2863656767617 0.013932587699347167
 169.47575734492622 0.013159597258275042
 171.65633348095818 0.012103924983244072
 173.99614635664355 0.010193527358083657
 176.30322442185548 0.007798749899823689
 178.52693132852497 0.0058228858824469504
 180.77889150221776 0.004499711101837539
 183.06675950969088 0.00367428904687696
 185.38929680617028 0.0031091574421376607
 187.74113925029576 0.002680956918713913
 190.11928973529987 0.00233689323675687
 192.5228948217605 0.0020511143312843387
 194.95163162338127 0.001808792414844777
 197.40534836231538 0.0016004311918979834
 199.88407606815275 0.0014194787775799961
 202.3878382233681 0.0012611621624517603
 204.9166505473453 0.0011218823467726016
 207.47083202180153 0.0009988208047492803
 210.05018371379614 0.000889735915876166
 212.6550197750141 0.0007927956861638438
 215.28533860175725 0.0007064856686444531
 217.94113002451053 0.0006295299834003143
 220.62270605061983 0.0005608466813666637
 223.33005088253913 0.0004995037537396491
 226.0632527521821 0.00044469427700387604
 228.82228174632633 0.00039571075294967664
 231.60744600150193 0.00035193465302524557
 234.4185920201915 0.0003128170391778555
 237.25590692735966 0.0002778706533623153
 240.11957937455796 0.0002466623197815183
 243.00943503023677 0.00021880447893039118
 245.92565257366 0.00019395025135327874
 248.8682876268041 0.0001717891149054561
 251.83739129249307 0.00015204144171902605
 254.83301005523134 0.00013445631260747856
 257.8551856823386 0.00011880824887186916
 260.9039551254739 0.00010489470911347245
 263.97921842592416 0.00009253264288887462
 267.08126505325953 0.00008155795485420168
 270.2099864670826 0.00007182297682496876
 273.36526269340374 0.00006319501562623432
 276.5473769348769 0.00005555474777190515
 279.7560602181959 0.00004879497924991874
 282.9915912283299 0.000042819504901388105
 286.25368350927846 0.00003754224287386144
 289.5426109661303 0.00003288571118282224
 292.8580691892463 0.00002878061847841356
 296.20017894715795 0.000025165154479955016
 299.5690617294622 0.000021983812226272313
 302.964385337009 0.000019187131103945687
 306.38641064655343 0.000016730899557405752
 309.8347863787774 0.00001457569895408107
 313.3096111429104 0.000012686488875965643
 316.81082571819763 0.000011031998912255204
 320.33852463504127 0.000009584487466734984
 323.8923171930269 0.000008319242754001111
 327.47228310020137 0.000007214402262142027
 331.07850256292164 0.000006250551975625833
 334.71055428238094 0.000005410517535319519
 338.3685031973497 0.000004679102478039992
 342.05207265776596 0.000004042870267520342
 345.7611445925121 0.0000034899856733230296
 349.497516136918 0.0000030099750829533458
 353.2575846278522 0.0000025936460822556342
 357.0429453116552 0.0000022328927426099086
 360.853457547303 0.000001920598864937705
 364.69079698729655 0.0000016505120417615862
 368.55118115178186 0.0000014171520737027484
 372.436252144045 0.0000012157137821049822
 376.3458405872243 0.0000010419980806124357
 380.28167119680023 8.923256132152658E-7
 384.239777121783 7.634945972303929E-7
 388.2218488103594 6.527036080795019E-7
 392.22768769826223 5.57515919055232E-7
 396.2590691040669 4.7580878512276335E-7
 400.31183759958657 4.0573636760832766E-7
 404.387733658273 3.4569784494555357E-7
 408.48652932785404 2.943023955050315E-7
 412.61005226165014 2.503443628284847E-7
 416.7539546367731 2.1278134316711135E-7
 420.92002883625605 1.8071081871321374E-7
 425.1101430188246 1.533538392085441E-7
 429.319802820176 1.3003730234052074E-7
 433.55084091660643 1.1018166816671456E-7
 437.80516714686325 9.328735176860795E-8
 442.07813888927376 7.892471095924266E-8
 446.37163038376985 6.672435837083785E-8
 450.68759441240684 5.636922919465903E-8
 455.02123858203316 4.758728821859888E-8
 459.3767767412545 4.0145360877690466E-8
 463.7493159186814 3.384405413067412E-8
 468.14314318207687 2.8512470955706383E-8
 472.55326446648303 2.4004874504983356E-8
 476.9840411027775 2.019675716544614E-8
 481.43037748238834 1.6981902131386812E-8
 485.8967102554457 1.4269898387865276E-8
 490.3778418860069 1.1983655535770376E-8
 494.87828541053585 1.0057683629941837E-8
 499.39274104904405 8.436332141398891E-9
 503.92579930096406 7.072319280123035E-9
 508.47459989130544 5.925554826343268E-9
 513.0361858729401 4.9620459490012785E-9
 517.61526596172 4.153022995361331E-9
 522.2088944460409 3.4741329853648378E-9
 526.8166620215428 2.9047684933570867E-9
 531.4381539245206 2.427546086071282E-9
 536.0729500677503 2.0277746423111223E-9
 540.720625180603 1.6930711739321535E-9
 545.3807489533525 1.4129897381085256E-9
 550.052886185592 1.178736611800957E-9
 554.7365969386559 9.829074218867208E-10
 559.4314366919461 8.19277120393338E-10
 564.1397764476035 6.826104306264298E-10
 568.8555466602405 5.685103341189147E-10
 573.5839535544171 4.732863826479693E-10
 578.3217161125216 3.9384133861239096E-10
 583.0654551482193 3.275774717528664E-10
 587.8205072634961 2.7231746179780686E-10
 592.5864717807282 2.262377068483501E-10
 597.3569738396626 1.8780974415615394E-10
 602.1344734607383 1.5575333062249423E-10
 606.9215230077306 1.2899651158074004E-10
 611.7146534366622 1.0664051762815107E-10
 616.5164598239805 8.793190547235969E-11
 621.3203159259804 7.223704036019194E-11
 626.1319174051717 5.902321577142337E-11
 630.9508439466239 4.7840150501435507E-11
 635.7734969457509 3.830535210646157E-11
 640.5993812087802 3.00917762852245E-11
 645.4344494074197 2.291678424212263E-11
 650.2718506508529 1.6532604150586803E-11
 655.1143589721825 1.0718022205612377E-11
 659.9615470733335 5.2708538207770476E-12
 664.8163073639012 7.149062875650206E-18
