 0. 0.
 0.0020973458713674435 0.09205532725798868
 0.0063222733745422555 0.27623048499792136
 0.010608086114817306 0.4617123915988426
 0.014955726445805699 0.6469661304667983
 0.019365998815713735 0.8293888268806778
 0.023839822593920063 1.005846807814066
 0.028378117149803306 1.173361465760062
 0.03298180185274212 1.3296455885359384
 0.037651853532701285 1.4733336716316006
 0.04238913409847328 1.6039287734523167
 0.04719467784060909 1.7216041055807727
 0.05206940412848732 1.8269781580102198
 0.05701434725265897 1.920918694122712
 0.06203042658250265 2.0044064763788993
 0.06711913609325866 2.078434643741966
 0.07228024594258234 2.1439699205220384
 0.07751662915978191 2.201927073523869
 0.08282771113899576 2.2531710198094834
 0.08821521569780881 2.2985043533917997
 0.093680866653806 2.338642812562673
 0.09922466400698735 2.3742183013202602
 0.10484833157493778 2.4057849030881133
 0.1105530185693806 2.4338520857900527
 0.11633929959617748 2.458897333779702
 0.12220947307877496 2.481364632387685
 0.1281635390171731 2.5016272069881307
 0.13420322122895678 2.519948757767056
 0.14032966892584933 2.536537147252147
 0.14654460592543572 2.5515928744227017
 0.15284860683357757 2.5653161805687033
 0.15924339546785982 2.5778859241595153
 0.16572954643414414 2.589440712675474
 0.17230935815587708 2.600052894511148
 0.17898340523892034 2.6097156568675657
 0.18575341150085883 2.618382932276271
 0.19262052615341585 2.6260227220337087
 0.19958647301417637 2.6326348950571976
 0.20665240129486365 2.6382308006834605
 0.21381946020720102 2.642795195327697
 0.22108937356877342 2.6462629873278654
 0.22846386519716577 2.648562703137359
 0.23594408430410135 2.649657705560054
 0.24353175470716518 2.6495458809235863
 0.2512280256180805 2.64819459407949
 0.25903462085443224 2.645482724009318
 0.2669532642338054 2.6412504826258982
 0.2749851049679232 2.6353744929106027
 0.2831324414802323 2.6278091755695767
 0.2913958483765944 2.6185143381723073
 0.29977819868631755 2.6074073375826683
 0.30828064162112523 2.5944225348194956
 0.3169049009986023 2.579600118597316
 0.32565212603047206 2.563059236775403
 0.3345251897460428 2.5448546406927908
 0.3435246667511761 2.524868959178152
 0.35265343007518024 2.5028838752549705
 0.3619126289297785 2.4788057054016734
 0.37130398713255586 2.4528670123152034
 0.38082980310695885 2.425461305441079
 0.39049180067057254 2.3968752324455775
 0.4002922782468434 2.3672820423985086
 0.41023238504749465 2.336774359302484
 0.42031499410183476 2.305121008529917
 0.4305412546215869 2.2720448597565195
 0.44091346503019757 2.2378458769351584
 0.4514339237511135 2.2029425484510856
 0.4621043546019197 2.1675036949986994
 0.4729276306119242 2.131679718116461
 0.4839049009928505 2.0956059405997953
 0.495038464168145 2.0592761966468567
 0.5063311931671161 2.0225467438050915
 0.5177848118073486 1.985361700030689
 0.529402193118151 1.9479206903255644
 0.5411844863112463 1.9105063497991908
 0.5531351390218044 1.8730462875214746
 0.5652553004615488 1.8351887975983232
 0.5775478436597877 1.7969353558722918
 0.5900167908575525 1.7587492840664247
 0.6026638658724284 1.721009975087444
 0.615489068704415 1.6835516201600922
 0.6284981454121291 1.6454381511468825
 0.6416910959955706 1.6067092033386334
 0.6550679204547395 1.568264081667043
 0.6686401109068687 1.530289700719682
 0.6824019212933419 1.4925146342221627
 0.696364843731392 1.4544649251096953
 0.7105173861037859 1.4156661620795148
 0.7248767865863731 1.3761209696738235
 0.7394372991205372 1.3361851507042926
 0.7542046697648946 1.2961470855026216
 0.7691846445780619 1.2559475319837776
 0.784377223560039 1.2155704687430746
 0.7997824067108259 1.1753717139334516
 0.8154059400890391 1.1355175160351856
 0.8312478236946785 1.0964247261338
 0.8473195496449772 1.057716987813953
 0.8636153718813188 1.0181998416815414
 0.8801410364623196 0.9788937544215007
 0.896902289446596 0.940759849313332
 0.9138991308341483 0.9039538889661861
 0.9311373066835926 0.8683128854420878
 0.9486168169949294 0.8324697721816582
 0.9663434078267749 0.7964890651582905
 0.9843228252377455 0.7618487528797492
 1.0025550692278413 0.7279539650477712
 1.0210458858556788 0.6942897812876548
 1.0397895290626413 0.6623995466457407
 1.0588032370245786 0.6335405429888786
 1.0780870097414905 0.6069134127755244
 1.097640847213377 0.5810355332256205
 1.117464749440238 0.5554603204356677
 1.1375759545979234 0.5304325206092776
 1.1579629705691998 0.5055893094952484
 1.1786372894713 0.48085296333318095
 1.199604657362841 0.4572097718734359
 1.2208650742438225 0.43556062764380543
 1.2424242861728612 0.41612264205739713
 1.2642880392085731 0.3985947748115081
 1.2864563333509587 0.38263019376087337
 1.3089349146586344 0.3680908800673711
 1.3317237831316 0.35465774616566603
 1.354840176945705 0.3424735463460303
 1.3782726039837165 0.33237401636111524
 1.402038302421484 0.32332938734764066
 1.4261315262003909 0.31412630537385317
 1.4505637674376701 0.3057209539836263
 1.4753350261333218 0.29825579793137685
 1.5004567944045788 0.29152019924087663
 1.525923326192825 0.2854909721624867
 1.5517461136152928 0.2801205837810817
 1.5779309027305988 0.2754508692231094
 1.6044776935387435 0.2714097172484345
 1.6313979781569592 0.2678584420367237
 1.65868601052663 0.26481422606965915
 1.6863590288236046 0.26222548156173453
 1.7144112869892674 0.2601557776584762
 1.7428542771408506 0.258715863549846
 1.7716937453369714 0.25784753649557707
 1.8009354376362454 0.25738247584882307
 1.8305736079800572 0.2571426610080466
 1.8606312406028718 0.2569600958215028
 1.8910968433874569 0.25667092386027174
 1.9219876545096612 0.25614664391211706
 1.9533036739694851 0.2553450117201956
 1.9850563938841619 0.25431564878044305
 2.0172400681950746 0.2531516921793474
 2.049871935078073 0.25197135906174895
 2.082951994533157 0.25089806440225704
 2.116485992618943 0.2500125252538446
 2.1504796753940476 0.24931616723239058
 2.1849445349757035 0.24873815815137545
 2.219880571363911 0.24819596670113767
 2.2552935306172865 0.2476547108519964
 2.291194904853063 0.24714301644226128
 2.3275846940712404 0.24675385284647888
 2.364480136447668 0.24659305430963202
 2.4018697398651128 0.24667540400454185
 2.4397764885580413 0.24692344953029116
 2.478200382526453 0.24726113428654603
 2.5171471678289645 0.2476714982873956
 2.5566225905241926 0.24820655643679704
 2.5966381427293697 0.24893347264775315
 2.6371938244444957 0.24983813951147735
 2.678306873845421 0.2507997620540264
 2.719971544873528 0.2516817718324005
 2.7622050757046672 0.2524219670939557
 2.8050074663388376 0.25300478222940403
 2.8483902088932735 0.25338981484028134
 2.892364795485206 0.25359341896337323
 2.93692548005602 0.2539028480401671
 2.9820895007815644 0.25483244401497085
 3.027862603720456 0.2568925770681032
 3.074256280989928 0.2603026906891392
 3.121270532589979 0.2645316527095801
 3.168911104579227 0.26855494420610593
 3.2171952351335213 0.2716684261787504
 3.2661286703114776 0.2735577998179684
 3.3157171561717127 0.27396470826588853
 3.3659664387728436 0.27306839429105345
 3.416882264173486 0.27186748186881377
 3.468487616608106 0.2713283577812488
 3.5207710039594717 0.27148682773488925
 3.5737554104620473 0.2718492001471961
 3.6274408361158335 0.2724714936661122
 3.68184451909668 0.274052434654445
 3.736960713345971 0.2767788806411086
 3.7928124030981714 0.27953224573666513
 3.8493995883532808 0.28099236277950584
 3.90673950728715 0.2809411665520934
 3.9648264138411613 0.2802280417551978
 4.023683292249782 0.27949634183154715
 4.083315888571626 0.27835115231194457
 4.143729948865313 0.2762299659870303
 4.204936965248073 0.2732760484335309
 4.266942683778525 0.27000167994220153
 4.3297585965739005 0.2673101598198964
 4.393396195751433 0.2659855391387078
 4.457861227369739 0.26641298288194826
 4.523165183546051 0.2684273251230365
 4.589319556397602 0.2707630989381876
 4.65633009198301 0.27223742258795813
 4.7242082824195055 0.2728829991312943
 4.792965619824323 0.27374622945407834
 4.862607850256079 0.2750616226118532
 4.933146465832006 0.27641432650759207
 5.0045929586693365 0.2783274587168931
 5.076958820885305 0.2813931059413035
 5.150249798538526 0.2844939197913112
 5.224483129804851 0.28685546931504974
 5.299658814684277 0.28829341615706716
 5.375794091352658 0.2875039589835198
 5.452900451927222 0.2849179172614497
 5.530983642466589 0.28307938466722316
 5.610055155087991 0.28253780563241226
 5.690126481908662 0.28091343845476013
 5.771226353221681 0.27671257099398977
 5.853337530851201 0.27165927877385193
 5.936425538445524 0.2667623630021842
 6.020605297176977 0.2619503320972075
 6.105876807045562 0.2570011935930694
 6.1921826074651145 0.2530635186753377
 6.279522698435634 0.2524611535423963
 6.368012001129449 0.25665453886671147
 6.45753559437423 0.263236985562127
 6.548208399342308 0.2677947418162242
 6.640030416033682 0.27169094155563267
 6.732944183862188 0.27871128701469294
 6.82700716341399 0.2861387129614898
 6.922219354689089 0.2889284239039242
 7.0185807576874835 0.2892596960821853
 7.116148832995338 0.29158396093852595
 7.214866120026491 0.2942988442978428
 7.3147900793671035 0.2935838197011507
 7.415978171603343 0.288253132554089
 7.518315475562877 0.28311550936604407
 7.621916912418039 0.283459644530643
 7.726782482168827 0.2863812797662232
 7.83291218481524 0.28891006389349033
 7.940248559771114 0.29162329282119354
 8.04890652820878 0.29679189034268716
 8.158886090128235 0.3030919961813459
 8.270129784943316 0.3066259300817451
 8.382637612654024 0.3073956612335954
 8.496524494432688 0.30890771237671744
 8.611790430279306 0.3127984243525609
 8.728320499021551 0.3139543485411596
 8.846287082417916 0.30559212311480116
 8.965575259296072 0.2898782448907033
 9.086242490242183 0.2758664187891181
 9.208346235842415 0.27330752391198887
 9.331829035510601 0.28190060812858797
 9.456690889246744 0.2862878165568636
 9.583046718223173 0.2877174720606769
 9.710781601267557 0.28215376285415594
 9.840010459552225 0.26990520066297785
 9.970675832491015 0.260995186958702
 10.10283518067009 0.253430171615009
 10.236488504089447 0.25230380300238264
 10.371635802749092 0.2528456909622067
 10.508219616062858 0.24572895281763518
 10.646412325789237 0.24222041850672155
 10.786099010755901 0.241795269663687
 10.927279670962854 0.24469390119333162
 11.070069227582417 0.24261291447467595
 11.214410220028434 0.23570370678864214
 11.360302648300898 0.23047042658281858
 11.507803972985979 0.22550578831981374
 11.656856733497508 0.2157169476956032
 11.807518390421652 0.2011396649684834
 11.959846404344576 0.18867861888407608
 12.113725854093952 0.18178841701530257
 12.269271660842104 0.17726741810472543
 12.426426364002875 0.17425041683068257
 12.585247424162421 0.17145640815329766
 12.745792301906915 0.1638718348805897
 12.907946076064023 0.15422627567529537
 13.07176620721991 0.13810365078018205
 13.237310155960742 0.11450686349596327
 13.404520461700352 0.0951789501844277
 13.573397124438744 0.07879097509185756
 13.744055065348244 0.06084257136896859
 13.91643682384269 0.04521310239178919
 14.090484939335914 0.03423912077219181
 14.266314333000247 0.02694717691700505
 14.443867544249525 0.021801860062829737
 14.623202033669914 0.017917525665777045
 14.804260340675244 0.014882500139768197
 14.987157386437849 0.012451136235105856
 15.171720789199238 0.010467671429713757
 15.358122930717895 0.008830271324811022
 15.546306350407665 0.007467966424389384
 15.736271048268543 0.006328295805499849
 15.928074484886695 0.005371017027389906
 16.12160173908979 0.004564450709288965
 16.31702519263633 0.0038832181977788405
 16.514172463767807 0.0033066872091422807
 16.713215934242726 0.0028179887555680266
 16.914040682888754 0.0024031554412950328
 17.116704170292056 0.0020506088507646634
 17.321148935866468 0.0017506851510187956
 17.527489900784317 0.001495300888741507
 17.73561214387328 0.0012776614208359295
 17.945630586305676 0.0010920617983791242
 18.157430306909184 0.0009336824483546678
 18.37112622685613 0.0007984522247309902
 18.586603424974186 0.0006829298592372138
 18.80397682243568 0.0005842000317822297
 19.02318895865445 0.0004997864436804476
 19.24423983363049 0.0004275902011552806
 19.46712944736381 0.0003658248824796911
 19.691915260440567 0.0003129694893447788
 19.918482351688432 0.0002677313834308985
 20.146945642279736 0.00022900642334333104
 20.37719021104215 0.00019585343005138674
 20.609330979148 0.00016746946852534388
 20.843310486011127 0.00014316777668237708
 21.079128731631528 0.0001223622807224563
 21.316728255423037 0.00010455109113988768
 21.556223978557984 0.0000893046763553062
 21.797500979864044 0.00007625597504262916
 22.040616719927375 0.00006509022968873436
 22.28557119874798 0.00005553777210344251
 22.532364416325862 0.00004736776086846588
 22.78088145148869 0.000040382024046760826
 23.031237225408788 0.00003441078489631781
 23.283431738086158 0.00002930859495953474
 23.537350068348474 0.000024950604944194334
 23.793107137368064 0.00002122979319611435
 24.0505880239726 0.000018054335210277457
 24.309850188748246 0.000015345558290645254
 24.570836171108837 0.000013035991944146734
 24.833603431640533 0.000011067755014564702
 25.09809450975718 0.00000939127305161699
 25.364309405458766 0.00000796408061907212
 25.632248118745295 0.000006749762341337861
 25.90185318903061 0.000005717161546402529
 26.173182076900865 0.000004839586057729488
 26.446177321769902 0.0000040942039798255054
 26.720838923637718 0.000003461488501790106
 26.99716688250431 0.0000029247402139196324
 27.275161198369684 0.0000024696776553411554
 27.55470695006151 0.000002084115275673001
 27.835919058752115 0.000001757645752437053
 28.118682603269168 0.0000014813881821494476
 28.402997583612674 0.000001247774428856794
 28.688921460368793 0.0000010503402974438977
 28.976396772951365 8.836000702556788E-7
 29.265366060774213 7.428687371194739E-7
 29.555829323837354 6.241675020186328E-7
 29.847844022726946 5.241126104509119E-7
 30.141295236270654 4.398307660666506E-7
 30.436182964468486 3.68879395173758E-7
 30.732507207320435 3.091903794346892E-7
 31.03021050424034 2.5900718060621526E-7
 31.32935031581437 2.1684295076636162E-7
 31.629811720870183 1.8143871099062647E-7
 31.93165217999396 1.5172902248898325E-7
 32.23481423259952 1.26813668546602E-7
 32.539297878686874 1.059319703097115E-7
 32.844988197083694 8.844082599271632E-8
 33.1520001089623 7.379893557617348E-8
 33.46021869315036 6.154929956051774E-8
 33.76958648906173 5.130701287335036E-8
 34.080218417868714 4.2747954130812015E-8
 34.39194209781284 3.559959475452174E-8
 34.704814989480255 2.963266668024177E-8
 35.018779632284804 2.4654595730104037E-8
 35.333836026226486 2.0503687982650316E-8
 35.649869250132966 1.7044304287973356E-8
 35.96699422517658 1.4162702858692826E-8
 36.285096030184995 1.1763552377471547E-8
 36.60411720457205 9.767061616578928E-9
 36.9241152089239 8.106402013112838E-9
 37.24503258265439 6.725725162570682E-9
 37.566754404591194 5.578332494587894E-9
 37.889338135320465 4.625210804770501E-9
 38.21278377484221 3.83381328069913E-9
 38.53697640198409 3.176963465165169E-9
 38.86191601674612 2.631999481847424E-9
 39.18760261912829 2.1800522925480126E-9
 39.513921287958276 1.8053911694114394E-9
 39.84092948382224 1.4949301144109758E-9
 40.16856974613401 1.2377804290448824E-9
 40.49684207489359 1.0248848548670006E-9
 40.82563154892867 8.487274392111264E-10
 41.15493816823923 7.030626512197016E-10
 41.4847044722391 5.82711790670016E-10
 41.81498792151445 4.833855414185788E-10
 42.14567359489296 4.0153569777303035E-10
 42.47676149237463 3.3423078478242097E-10
 42.80825161395945 2.790610247255859E-10
 43.140029038475085 2.3404954814833567E-10
 43.47209376592155 1.9758672195526907E-10
 43.80438833571267 1.6837758524478543E-10
 44.13697020843462 1.4539818522659462E-10
 44.46972446291507 1.2786634380001167E-10
 44.80259363856784 1.152212160852698E-10
 45.135635195979106 1.0711454175356523E-10
 45.46873421397654 1.0341916105332562E-10
 45.801890692560136 1.0433695563870639E-10
