 0. 0.
 0.0024219531131980266 0.00859998
 0.012677292445724334 0.0259306
 0.02755595468281035 0.0435174
 0.04613273211567371 0.0613634
 0.06798152800541048 0.0794709
 0.09285637974559653 0.0978416
 0.12060040224673721 0.116476
 0.15110908236972828 0.135375
 0.1843108744204243 0.154538
 0.22015443976811322 0.173961
 0.25860602537821176 0.193641
 0.2996434373955225 0.213575
 0.34325154073070796 0.233756
 0.38941989843513963 0.254175
 0.4381486031924878 0.274825
 0.48942606962011787 0.295693
 0.5432650920928588 0.316767
 0.5996550879872449 0.338032
 0.6586019156458631 0.359472
 0.7201113651054685 0.381069
 0.7841729590256047 0.402801
 0.8507892583179053 0.424646
 0.9199573241409306 0.446581
 0.9916624847003338 0.468577
 1.0659033124253 0.490605
 1.1426561818595857 0.512635
 1.2219047981644646 0.534632
 1.3036243112583645 0.55656
 1.3877889528841771 0.57838
 1.4743565440898216 0.600051
 1.5632895777152553 0.62153
 1.6545314782471052 0.642771
 1.7480354474377617 0.663726
 1.8437311291879592 0.684346
 1.9415542321543235 0.704582
 2.041426014826371 0.724383
 2.1432674366442694 0.743698
 2.2469881665568874 0.762477
 2.352492282742665 0.780671
 2.4596844266870326 0.798232
 2.5684712986074056 0.815118
 2.6787460439680677 0.831287
 2.79040888453198 0.846702
 2.903357958238404 0.861333
 3.0174929550374383 0.875151
 3.1327260397917627 0.888138
 3.248964204671939 0.90028
 3.366133709060768 0.911569
 3.484148987019003 0.922004
 3.60296748047379 0.931594
 3.722529986172444 0.940351
 3.8428028069655844 0.948297
 3.963749671835945 0.955456
 4.0853793603036 0.961863
 4.2076757414718635 0.967553
 4.330671869143227 0.972569
 4.454387278495822 0.976955
 4.578863732918093 0.980759
 4.704157264962934 0.984029
 4.830329372812972 0.986815
 4.957454739353636 0.989166
 5.085602678884217 0.991131
 5.214862715662573 0.992755
 5.345311891216703 0.994083
 5.477039840835456 0.995156
 5.6101309220765625 0.99601
 5.744670265398982 0.996681
 5.880747879440423 0.997199
 6.018430325283 0.997591
 6.157795709383651 0.997881
 6.298916310363939 0.998087
 6.441854607722768 0.998227
 6.586678861793858 0.998315
 6.733429463182288 0.998362
 6.882174898130095 0.998378
 7.0329437258942855 0.998369
 7.185791190406705 0.998342
 7.340785168686141 0.998303
 7.497951689904907 0.998254
 7.657303565820198 0.998199
 7.818918490493208 0.99814
 7.982807283716594 0.99808
 8.148969491769755 0.998019
 8.317555944752959 0.997959
 8.48849945430632 0.997901
 8.661947618197551 0.997846
 8.837762497665917 0.997795
 9.016163901479427 0.997749
 9.197090744547793 0.99771
 9.380611554663187 0.997677
 9.566808918719774 0.997652
 9.755675200869828 0.997633
 9.947217016463085 0.997621
 10.141497635111898 0.997614
 10.338528852599433 0.997614
 10.538439829412733 0.997618
 10.74116031858913 0.997626
 10.946757552673015 0.997637
 11.155303972897212 0.997651
 11.366800580884055 0.997668
 11.581319873036177 0.997688
 11.798856993125867 0.99771
 12.019496210575815 0.997736
 12.243310441637389 0.997766
 12.470301171707264 0.9978
 12.70053503355821 0.997837
 12.933948247565189 0.997878
 13.170763437268146 0.997924
 13.410982609900127 0.997975
 13.654607822756589 0.998031
 13.901648147272823 0.998093
 14.152320571925383 0.998161
 14.406491952654806 0.998236
 14.664308319467253 0.998318
 14.925844304864217 0.998407
 15.19108031077008 0.9985
 15.460074449547644 0.998595
 15.732875927864361 0.998689
 16.009484871429454 0.998782
 16.28996475133275 0.998873
 16.5743235513093 0.998963
 16.862759039837574 0.99905
 17.155127414639786 0.999134
 17.45162496384878 0.999213
 17.75218731947095 0.999288
 18.05697426752683 0.999361
 18.36598535816217 0.999432
 18.679363182950222 0.999501
 18.99700721218977 0.999565
 19.319068221427198 0.999625
 19.645626048625235 0.999682
 19.97668960442322 0.999737
 20.312421673864197 0.999792
 20.65270978232279 0.999843
 20.99776688548693 0.99989
 21.34747700927504 0.999929
 21.70195763927058 0.999958
 22.06134141438694 0.999983
 22.4257651945927 1.00001
 22.79505614695572 1.00003
 23.169577847358706 1.00005
 23.549187344946834 1.00007
 23.933860134655 1.00007
 24.323949509841867 1.00008
 24.7193573341845 1.00008
 25.12025730452948 1.00009
 25.52661493412065 1.00009
 25.93855380954878 1.00009
 26.356013716050054 1.00008
 26.77905985686525 1.00006
 27.20796484621414 1.00004
 27.642590296732482 1.00001
 28.082986920744013 0.999969
 28.529504150088627 0.999932
 28.98214433227413 0.999899
 29.44108035985623 0.999867
 29.906154573884226 0.999835
 30.377607279786584 0.9998
 30.85537428671863 0.999758
 31.33949034926827 0.999707
 31.83008363060271 0.999651
 32.32722827453465 0.999586
 32.83094972831586 0.999514
 33.341573301162704 0.999442
 33.85921305417004 0.999381
 34.38424635059309 0.99934
 34.916758437911156 0.999323
 35.456964615163514 0.999333
 36.00497588510161 0.999367
 36.56066762629093 0.999421
 37.12397450479208 0.999479
 37.69482122721043 0.999533
 38.27342464328953 0.999587
 38.85964931950324 0.999634
 39.453462534419494 0.999669
 40.05520888557943 0.999699
 40.66487441656714 0.99972
 41.28246076165477 0.999729
 41.907735021711076 0.999712
 42.540531331169014 0.999659
 43.181252067666 0.999577
 43.83016360144638 0.999486
 44.4882097928522 0.999416
 45.155907581244456 0.999389
 45.833514372338406 0.999405
 46.52053707137359 0.999444
 47.21650650778054 0.999473
 47.92102908712608 0.999476
 48.63453526406121 0.999463
 49.35738063831177 0.999452
 50.090479820955366 0.999468
 50.83375624371258 0.999504
 51.58593653469947 0.999507
 52.34681231061961 0.999465
 53.11743934799145 0.999417
 53.898195718533664 0.999372
 54.68873478545947 0.999312
 55.4889982139892 0.999233
 56.299499304571476 0.999149
 57.12123125761105 0.99909
 57.95504973123213 0.999082
 58.800984958905204 0.999119
 59.659177883261904 0.999199
 60.529393008629896 0.99931
 61.41027925337365 0.999402
 62.300460205839364 0.999427
 63.19998998660822 0.999385
 64.10965061133362 0.999301
 65.03099677974723 0.999218
 65.96521678524141 0.999172
 66.91143796173671 0.999129
 67.87028236877707 0.999103
 68.84246570535304 0.999112
 69.8277629058669 0.999144
 70.82681229003018 0.999212
 71.84034999304279 0.999325
 72.86786696645336 0.999473
 73.90732662704028 0.999611
 74.95939706814346 0.999719
 76.0235392278167 0.999784
 77.10429132497147 0.999944
 78.20184780169572 1.0002
 79.30939664684459 1.00034
 80.42154011167777 1.00027
 81.5475094695208 1.00019
 82.68687261894001 1.00009
 83.83879363951465 0.999968
 85.00866555049267 0.999935
 86.19384273484792 0.999926
 87.39476099311638 0.99995
 88.60878408879984 0.99993
 89.83048861147249 0.999763
 91.06432231569 0.999537
 92.31684257530256 0.999381
 93.58403228022192 0.999237
 94.86658214694155 0.999089
 96.17020857729705 0.999056
 97.50079584549891 0.999254
 98.84908860019453 0.999501
 100.20323807508376 0.99953
 101.56707124551548 0.999425
 102.94103619019336 0.999214
 104.33012770248487 0.998997
 105.73745187257178 0.998806
 107.16729808598387 0.99872
 108.60834617375862 0.998553
 110.06917411774081 0.998425
 111.55396575146645 0.998435
 113.0639137574667 0.998586
 114.59907813603698 0.998861
 116.16170460238975 0.999306
 117.72775205537668 0.999506
 119.30393756344738 0.999559
 120.88993705309946 0.999489
 122.49491319737142 0.999427
 124.1220804475859 0.999436
 125.76635043413924 0.999421
 127.42798220833991 0.999387
 129.10221168237055 0.999261
 130.77892245331014 0.998903
 132.47968287478056 0.998615
 134.20579102163057 0.998435
 135.95575540203575 0.998337
 137.7272193304781 0.998263
 139.51037475871598 0.998082
 141.32305147810825 0.99805
 143.16687232800655 0.998174
 145.06414129404845 0.998765
 146.95207490374005 0.998942
 148.9228992965583 0.999949
 150.9016557285658 1.00078
 152.8400659329613 1.00079
 154.77688186034973 1.00052
 156.72686776072118 1.00016
 158.70855184303647 0.999938
 160.7191451886455 0.999832
 162.75491062909953 0.999783
 164.81418162641762 0.99976
 166.89523740139703 0.99975
 168.99744210451811 0.999745
 171.12224219871135 0.999745
 173.26867823273165 0.999747
 175.43604128782997 0.999751
 177.62568000602812 0.999756
 179.83679247074534 0.999761
 182.07018532770235 0.999767
 184.32505451102688 0.999773
 186.60292440202957 0.99978
 188.9014634060053 0.999786
 191.2230058375841 0.999793
 193.56664637175945 0.999799
 195.9325776643636 0.999806
 198.32132058286544 0.999812
 200.73164162600696 0.999819
 203.1654877829512 0.999825
 205.62081209040736 0.999831
 208.09976110298646 0.999837
 210.60100943816514 0.999844
 213.12506338130095 0.99985
 215.67131174460437 0.999856
 218.2411856531867 0.999862
 220.83325438966983 0.999868
 223.44883734916775 0.999873
 226.08672596444325 0.999879
 228.74824094582885 0.999885
 231.43195155948385 0.999891
 234.1391718738235 0.999896
 236.86941942276724 0.999902
 239.6224588613572 0.999907
 242.3985286528459 0.999913
 245.19810343097504 0.999918
 248.01999624540048 0.999924
 250.86539161846585 0.999929
 253.73310823406445 0.999935
 256.6243249345349 0.99994
 259.538581622356 0.999946
 262.4756203844814 0.999951
 265.4348542160136 0.999956
 268.41784849369185 0.999962
 271.4229054683907 0.999967
 274.4508735317706 0.999972
 277.5018916095335 0.999978
 280.57568390150993 0.999983
 283.6710986300615 0.999989
 286.7892848594982 0.999994
 289.9305280169772 1.
 293.0938416251696 1.00001
 296.27860208733176 1.00001
 299.4863254264655 1.00002
 302.7147484892769 1.00002
 305.9661669197288 1.00003
 309.2382530195668 1.00003
 312.5333674138446 1.00004
 315.8499806355248 1.00005
 319.18649715762825 1.00005
 322.54537668471033 1.00006
 325.9241263712624 1.00006
 329.32527304760794 1.00007
 332.74720439057285 1.00008
 336.18823990860346 1.00008
 339.6517242187298 1.00009
 343.1345629290036 1.0001
 346.63645442727915 1.0001
 350.15941632816333 1.00011
 353.70173341560667 1.00012
 357.2623354448762 1.00012
 360.8440614513395 1.00013
 364.44442786137574 1.00014
 368.0634349537464 1.00015
 371.6999403602654 1.00015
 375.35621139734855 1.00016
 379.0304082872504 1.00017
 382.72253129799054 1.00018
 386.43186511747496 1.00019
 390.15912558667475 1.0002
 393.90288179907037 1.00021
 397.66384959205084 1.00022
 401.441313628471 1.00023
 405.2352741548722 1.00024
 409.04430021464435 1.00025
 412.86982324316364 1.00026
 416.7104122695071 1.00027
 420.56745413931696 1.00029
 424.4381951598692 1.0003
 428.3225716822966 1.00031
 432.22345994657724 1.00033
 436.1358432510374 1.00034
 440.0640622770623 1.00036
 444.0023065404454 1.00037
 447.9564263666063 1.00039
 451.9227913105374 1.00041
 455.9006860699312 1.00043
 459.888528234497 1.00044
 463.8924977643695 1.00047
 467.90426835011607 1.00049
 471.9268544111409 1.00051
 475.9602562681413 1.00053
 480.00544151398697 1.00056
 484.0576332478864 1.00058
 488.12164940878773 1.00061
 492.1936602403371 1.00064
 496.2743818456643 1.00067
 500.36559890495494 1.00071
 504.4623320447385 1.00074
 508.5681706108327 1.00078
 512.6806149253694 1.00082
 516.7989495499232 1.00086
 520.9264929278394 1.00091
 525.0566297290392 1.00095
 529.1972286761437 1.00101
 533.3404217820797 1.00106
 537.4900848318108 1.00112
 541.6462798322426 1.00119
 545.8056272958795 1.00126
 549.9715896806683 1.00134
 554.1400303367652 1.00142
 558.313020816415 1.00151
 562.4913391300137 1.00161
 566.6764435490411 1.00173
 570.8656084535954 1.00186
