 0. 0.
 0.25702720371392596 0.257027203713926
 0.7747869670700165 0.7746474985371843
 1.3000081427057757 1.2988457266203077
 1.8328062149184732 1.8281712491841617
 2.373279767864314 2.360366096910269
 2.9215414691503905 2.8925013001638127
 3.477703986383794 3.4212921526343294
 4.041879987171618 3.9432664939547264
 4.614189180846396 4.4552503861207295
 5.194737193289778 4.954346811893538
 5.783650775559742 5.438276500357331
 6.381042595263381 5.905228815737858
 6.987039403458672 6.354010868583847
 7.6017538677527074 6.783919706182943
 8.225369073007013 7.194635804574985
 8.857856852319815 7.586223068552003
 9.499569291963272 7.9590436252688495
 10.15043597468296 8.313630014659125
 10.810668152242169 8.650685189435187
 11.4804770764042 8.970976007101426
 12.159862747169052 9.27533322995426
 12.849036416300025 9.564630223484798
 13.54813891830598 9.839719051586805
 14.257240670441352 10.101451778154049
 14.976623341723869 10.350616562288259
 15.706286932153533 10.588044166285856
 16.44644269349364 10.814416241261856
 17.197231460253057 11.030478343123296
 17.958864484195082 11.236848218193163
 18.731412182574147 11.434164914391777
 19.515085807153547 11.62300357484743
 20.309955775187714 11.803896739493725
 21.116303755694382 11.97735564666692
 21.93420016592798 12.14384893150859
 22.763856257651806 12.303802625965611
 23.605412865374728 12.457642761984868
 24.45908124086004 12.605731466721215
 25.32500221861661 12.748452168926839
 26.203316633153303 12.886103090964566
 27.094235736233415 13.019025058391895
 27.997970779620246 13.147473690376959
 28.914662597822655 13.271704606087885
 29.844522442603942 13.39199472629015
 30.787691148472973 13.508557066957191
 31.744379967193048 13.621604644062455
 32.714800150527466 13.731350473579376
 33.699092532985084 13.837986269884059
 34.69753878358364 13.941767652144627
 35.71020931957756 14.042843731542492
 36.73745622723901 14.14140622245375
 37.77942034107686 14.237625537657154
 38.83631291285439 14.33167208993146
 39.908274777080486 14.423673688860728
 40.9956580200273 14.513800747223712
 42.09853305894926 14.602202376201827
 43.21725198011854 14.689027686976472
 44.351955618043995 14.774425790729062
 45.50285522448893 14.858503195446316
 46.67023246847108 14.941345107517613
 47.85429860175373 15.023015431734981
 49.05533529335462 15.103620676085145
 50.2734833777826 15.183246046957477
 51.50909494130985 15.261934147546668
 52.762310818445215 15.339791485839438
 54.033412678206446 15.416860665030477
 55.32268218961126 15.493226891509158
 56.630330604422966 15.568932768470173
 57.95671000891372 15.644020899108208
 59.30196123759238 15.718576489812637
 60.666365959476686 15.792620842180812
 62.05027626083879 15.866196559407415
 63.453903393442005 15.939346244687131
 64.8775994435585 16.012112501214656
 66.3215052456971 16.08455923378202
 67.78604330338443 16.156707743986566
 69.27135445112935 16.228600635022982
 70.77779077520404 16.300280510085955
 72.3058451963895 16.371832575564866
 73.85572896644904 16.443235529862367
 75.42744208538265 16.51453197617315
 77.02168872573466 16.585743216094553
 78.63846888750508 16.656847948029238
 80.2777825706939 16.727888775171888
 81.94103812038978 16.79886569752251
 83.62753136404838 16.869821318275783
 85.33867064675836 16.940755637431714
 87.07304762343107 17.01168995658764
 88.8327748116995 17.082666878938262
 90.61714803901928 17.15364380128888
 92.42687147793478 17.224556818847468
 94.2626493009903 17.295427233211363
 96.12448150818587 17.36623374278323
 98.01236809952144 17.436997649160407
 99.92701324754138 17.50774025394024
 101.86841695224567 17.578418953928043
 103.83798755872296 17.6490763523185
 105.83502089442894 17.719669845916926
 107.8602211319079 17.790135529931284
 109.91429244370421 17.86047340436158
 111.99723482981784 17.930662167610464
 114.10975246279313 18.000701819677943
 116.25184534263008 18.070571058966667
 118.42421764187299 18.140312488671327
 120.62757353306623 18.20986220399989
 122.86191301620975 18.279177601757667
 125.12794026384792 18.34821607874997
 127.42495110343637 18.4169776349768
 129.75505805260812 18.48537706404878
 132.11826111136313 18.55332915957653
 134.51456027970144 18.620770016768027
 136.943955557623 18.687657032428575
 139.40855946276085 18.753990206558175
 141.9069636500263 18.819790840754173
 144.44057646450798 18.885101538211252
 147.01010207875026 18.949879695734733
 149.6155404927531 19.01408271012992
 152.2575958790609 19.077710581396815
 154.93697241021786 19.140742007938076
 157.65367008622408 19.203134386559015
 160.40839307962386 19.26488771725963
 163.2011413904172 19.325980698442574
 166.03402753623706 19.386413330107853
 168.9056431719948 19.446164310658116
 171.8181008153234 19.505212338496026
 174.7706962936785 19.56351481042689
 177.7648379521488 19.621093028048058
 180.8005257907343 19.677946991359523
 183.87916815452363 19.7340340971666
 187.00006087097245 19.789396948663974
 190.16461228516943 19.84407814904634
 193.37352656965888 19.898141603105724
 196.62680372444083 19.95162991403682
 199.92585209460393 20.00454308183962
 203.2699675076038 20.05677459852741
 206.66126248107344 20.108260559308157
 210.09903284246857 20.15885185300045
 213.5846869368778 20.2085058764096
 217.11892893684546 20.25722262953561
 220.70246301491585 20.30500211237848
 224.33458499854473 20.35175911854883
 228.01811157790928 20.39747234644932
 231.75163440792096 20.442141796079945
 235.53726600621266 20.485746165843366
 239.3750063727844 20.52828545573958
 243.2662638527249 20.569653157781868
 247.21033427348976 20.60974276398351
 251.209330152712 20.648469067955123
 255.26325149039158 20.68581076809937
 259.37280245907283 20.721682658026875
 263.5386872313001 20.756042134542945
 267.76231415216205 20.788889197647585
 272.04368322165857 20.820245148938135
 276.38349861233417 20.850173893206627
 280.78316866927736 20.878632827258375
 285.2426933924882 20.905685855885412
 289.76418529959966 20.931396883879767
 294.346236045523 20.95582981603348
 298.9916623204357 20.97898465234654
 303.7004641243376 21.00084009122161
 308.4733456297731 21.021417434256033
 313.3110110092865 21.040801887839187
 318.2148686079665 21.058972150373723
 323.184918425813 21.07594952345699
 328.22327298045906 21.091691403894295
 333.32922809936036 21.106176490088302
 338.50489630014977 21.11938348044166
 343.75027758282744 21.131291073357023
 349.06678029248195 21.142005776821115
 354.4558127742019 21.151548892431283
 359.916670855443 21.160069531368933
 365.45146705383826 21.16765290002344
 371.06090554193196 21.174384204784182
 376.7463946648128 21.180391255235225
 382.50793442248073 21.1857379561686
 388.34622898748006 21.19048821237634
 394.2633908774439 21.194642023858442
 400.2601242649164 21.198263295406946
 406.33713332244196 21.20139463021653
 412.49512222256493 21.204121234676578
 418.73479513782956 21.206443108787088
 425.05896875841324 21.208445458937437
 431.46623473922733 21.210192189919653
 437.95940977044904 21.211789809720464
 444.5384938520784 21.213280921534555
 451.2055995017484 21.21477203334864
 457.96002254691473 21.216284446760074
 464.8045796777547 21.217839463366193
 471.7392708942682 21.219351876777626
 478.7662087140884 21.220779083799684
 485.8846889646708 21.222078481237677
 493.09752833619274 21.223207465896913
 500.4054310011985 21.224144736180055
 507.8091011322326 21.224868990489757
 515.3099470743834 21.22529502243664
 522.9086730001956 21.22540153042336
 530.6066872547575 21.225167212852572
 538.405398183158 21.22463467291897
 546.3055099579412 21.223931720206615
 554.308430924196 21.22314356110488
 562.4155694270108 21.22235540200315
 570.6276296389301 21.221503338109386
 578.9460199050425 21.220672575812962
 587.3721485704366 21.219948321503264
 595.9067198076567 21.21952228955638
 604.5511419617916 21.21947968636169
 613.3068233779297 21.21986311511389
 622.1751724011601 21.220523464631555
 631.1568932040267 21.221247718941253
 640.2540983041625 21.221865465264234
 649.4667877015678 21.222291497211117
 658.7970739138754 21.22263232276862
 668.2463652861738 21.223015751520816
 677.8153659910075 21.2234417834677
 687.5054843734652 21.223846513817236
 697.3181287786355 21.224166037777398
 707.2568200692398 21.224357752153495
 717.3194457276454 21.224421656945527
 727.5017807185862 21.22463467291897
 737.817908492949 21.225124609657886
 748.2678290507333 21.22576365757821
 758.8445006664963 21.226360102303843
 769.5479233402378 21.22685003904276
 780.3921805228442 21.22746778536574
 791.3631887634292 21.228234642870127
 802.4750315128792 21.229086706763894
 813.7277087711942 21.229896167462968
 825.1141788129311 21.230556516980638
 836.6414833635329 21.23108905691424
 848.3096224229997 21.231536390458466
 860.1185959913316 21.231941120808006
 872.0754457939717 21.23223934317082
 884.173130105477 21.232516263936297
 896.4186906512903 21.23307010546724
 908.8191691568553 21.234156486931795
 921.3604821712851 21.235754106732603
 934.0567131454666 21.237479536117476
 946.9078620793997 21.238821536750155
 959.9139289730841 21.239652299046575
 973.067872101077 21.240035727798773
 986.3837749142646 21.23986531502002
 999.8616374126469 21.238970647931563
 1013.4944178707807 21.237735155285606
 1027.282116288666 21.236691377015745
 1041.2388161171896 21.235775408329946
 1055.364517356351 21.234923344436183
 1069.645136555264 21.234305598113203
 1084.1017988902581 21.233751756582254
 1098.720420910447 21.232984899077866
 1113.508044341274 21.232090231989414
 1128.4717109081823 21.231387279277058
 1143.6043788857287 21.2306843265647
 1158.906048273913 21.229981373852347
 1174.390802523622 21.229235817945302
 1190.0445581839688 21.228703278011697
 1205.8813987058402 21.22891629398514
 1221.8942823637929 21.229193214750612
 1238.09025088327 21.22902280197186
 1254.4693042642718 21.22912930995858
 1271.031442506798 21.229470135516085
 1287.7696238854057 21.229576643502806
 1304.7049735764242 21.22974705628156
 1321.8234081289672 21.230151786631097
 1339.1249275430348 21.23017308822844
 1356.6236152695133 21.23017308822844
 1374.3124295829598 21.231067755316896
 1392.191370483374 21.233432232622093
 1410.2674796961992 21.237735155285606
 1428.533715495992 21.243145761011014
 1446.9971196081963 21.247640398050624
 1465.6647337582544 21.250537415289426
 1484.5224744952807 21.25309360697072
 1503.5844252701609 21.25609713219624
 1522.8435443574524 21.259633197355363
 1542.306873482598 21.263254468903867
 1561.981454371041 21.265895866974535
 1581.8532035718954 21.26787691552754
 1601.9291628106039 21.269708852899136
 1622.2163738126098 21.271029551934472
 1642.70779485247 21.271242567907912
 1663.4034259301845 21.270156186443362
 1684.3173504966398 21.26864377303193
 1705.4425268263929 21.267749105943476
 1726.771913194 21.267578693164722
 1748.319593050348 21.267365677191282
 1770.0785246699934 21.266705327673613
 1792.0557497783798 21.266151486142668
 1814.2442266500634 21.266044978155946
 1836.658038735931 21.266343200518765
 1859.2760608596534 21.266811835660334
 1882.1194181975593 21.267323073996593
 1905.1810690242064 21.26783431233285
 1928.461013339594 21.2683881538638
 1951.9662928691657 21.26900590018678
 1975.6828241620349 21.269708852899136
 1999.6317323945316 21.270433107208834
 2023.7918923903255 21.27117866311588
 2048.184429325747 21.271924219022925
 2072.795259749909 21.27266977492997
 2097.631425388255 21.273436632434354
 2122.685884515342 21.274203489938746
