 0. 0.
 0.003968879860143576 0.0005041646556433721
 0.02077407133166109 0.0014914053774879585
 0.04515456326683894 0.0024752494823754635
 0.07559262356542448 0.003464188216595628
 0.11138763949836941 0.004463686816970922
 0.15213170185271666 0.005476979094354843
 0.19756289401287883 0.006505236352354924
 0.24750075311082922 0.007547628766705474
 0.3018158665634725 0.008601395235657993
 0.36041215483198746 0.009661982198286229
 0.42321608423341983 0.010723152521530223
 0.4901683620090731 0.011777308690868215
 0.5612182904662634 0.01281553744483625
 0.6363182923372271 0.01382808735870583
 0.7154287951232856 0.014804492561381494
 0.7984896200677494 0.01573403953217355
 0.8854714957387941 0.016605932674800292
 0.976299784011478 0.017409595055600805
 1.0709191433489293 0.018134938654431672
 1.1692641862693007 0.01877261303068915
 1.271237775965168 0.019314191673481963
 1.376755587041391 0.01975229100636177
 1.4857109152290366 0.020080886434617373
 1.5979769727379505 0.02029541820214602
 1.7134358167753259 0.02039298899131758
 1.831925886253881 0.02037260415361767
 1.9532992377490768 0.020235266244850843
 2.0773821081827446 0.019984243793548958
 2.2040014567428887 0.01962513694219737
 2.3329621305225214 0.019165881143323415
 2.464072134584913 0.01861690092362314
 2.597125756104132 0.01799085878995219
 2.731938088696966 0.017302543165673652
 2.868303056889085 0.016568554553732198
 3.0060383478147266 0.015807023755280435
 3.144966815778092 0.015036854724309868
 3.2849304241899113 0.014277394720326254
 3.425784718400595 0.01354750899612176
 3.5674041439703803 0.012864680330268607
 3.709700673699535 0.012244304798558389
 3.852608437874133 0.011698589658587055
 3.996083357905671 0.011235835527454111
 4.140120366382382 0.010860018416190647
 4.28472896881249 0.010570950761402685
 4.429955588814854 0.010364554983210808
 4.575872251495548 0.010234011921040545
 4.722562113772426 0.010170791512955125
 4.8701409176184285 0.010165775917262785
 5.018710619150571 0.010210044074341697
 5.168418898422376 0.010295630140987
 5.319394608913086 0.010415565275106292
 5.471770784805497 0.010563948125582593
 5.625665284230755 0.01073559499981254
 5.781224106946532 0.010926069741677471
 5.938544405571271 0.011131307200863697
 6.097748389761233 0.011347686988985905
 6.2589233113675595 0.011572467325510148
 6.422127507156354 0.011803940020179702
 6.587480127091904 0.012041594578792296
 6.755015620540885 0.012286171087853206
 6.924828384183704 0.012539338100553793
 7.096892968243987 0.012803437038545548
 7.271282638510333 0.013081016780051923
 7.448043998832822 0.013374191564352591
 7.627208695932794 0.013684370646836485
 7.808847171344449 0.014011887809999051
 7.992943469523625 0.014356148508565938
 8.179579383217572 0.014715875780938081
 8.36881044526179 0.01508969847279925
 8.560668661072413 0.015476530618972716
 8.755226141068508 0.015874822833657074
 8.952537403561976 0.016281799654829315
 9.152665464094198 0.016692663058960965
 9.355658804049513 0.0171005847853224
 9.561589009986516 0.017497485533641683
 9.770503524535386 0.017874814684354073
 9.982451832336343 0.018224351840326173
 10.197518304877727 0.01853882412668074
 10.415738168816858 0.018812416112769778
 10.637117019313173 0.019041244707213863
 10.861738163562057 0.019224307529791547
 11.089606152634033 0.019364322864484574
 11.32070866244161 0.019466355591121826
 11.555219122668868 0.019535582919380727
 11.793046216715979 0.019576082345556273
 12.034378996217963 0.01959043133777304
 12.27901454612824 0.019580040857975756
 12.527252288706716 0.01954653421965132
 12.77898808158736 0.01949343479225762
 13.034322446477736 0.019426734156826258
 13.293342627608824 0.01935311344461144
 13.556062699873289 0.01927705890430384
 13.822470130390037 0.019198880175676915
 14.092685929174753 0.019115674196846944
 14.366704682795827 0.01902479960472646
 14.644748421240452 0.01892582891183369
 14.92672802414834 0.018820334747288635
 15.212730790638593 0.0187108257434032
 15.502873996082926 0.018599811827005132
 15.797153115940235 0.018488942641481692
 16.095670497900613 0.018378955356602833
 16.398437454010725 0.018269455383234608
 16.705548596322547 0.018163011864776174
 17.01712356693224 0.01806673739223549
 17.33315799925846 0.017981935379708158
 17.653737508595373 0.017901564177467844
 17.978720839171512 0.017822794393697078
 18.308406726878534 0.017748436550862726
 18.642777228339227 0.017679451348953112
 18.981803557858136 0.017613858180421462
 19.325435521563627 0.017542633781733003
 19.67392735250243 0.017454655539425577
 20.027083537187824 0.017354653554594514
 20.385167724879835 0.01726340059200388
 20.74832833120143 0.01719459217312234
 21.116575749236183 0.017140915961523177
 21.490009747035757 0.01708335447153164
 21.86883941971083 0.017017432238736842
 22.252959671866055 0.016954586400145535
 22.64247037402019 0.01690186380255148
 23.0373720080267 0.01685686803650073
 23.43796326633257 0.016812822487613434
 23.843926689524384 0.01676123503802748
 24.255676049266082 0.016689517668285084
 24.673112365974063 0.016599277092692922
 25.096434890535917 0.01652274190320723
 25.52551652760422 0.016478895594062123
 25.96067974959288 0.01643919097766067
 26.401693597520822 0.0163768739385757
 26.84901884709119 0.016302055085172542
 27.302761979131848 0.016235824586389197
 27.76293024213347 0.016188051148918452
 28.229729929239564 0.016153265923645285
 28.702925890570313 0.01612355419874911
 29.182817102331146 0.0161079173079576
 29.66915665656228 0.016121011134541157
 30.161986146692797 0.016177700701892096
 30.661543799883805 0.016268435696157144
 31.167766262138546 0.016340471229435216
 31.680697234792298 0.016357353086609093
 32.20056601034116 0.01634506041591771
 32.727321327104335 0.016326604055957258
 33.26141938424069 0.016309996934395787
 33.802859850661356 0.0163142269200842
 34.35201282867386 0.01635334828100961
 34.90896123387209 0.01643377619416791
 35.473842910302345 0.016571572043713897
 36.046306395699744 0.01675625256434147
 36.626259631871726 0.016995322886017787
 37.21415613764096 0.01728377852207092
 37.80981686329215 0.017560552383111414
 38.41341529069676 0.017776866990558263
 39.025041163442516 0.017937028739454033
 39.64468534513478 0.018021903340102566
 40.27273054892169 0.01801388353465182
 40.909678401483504 0.017929891243395762
 41.55533874379064 0.01782739464980792
 42.210329078981836 0.017715614581492792
 42.874882791956416 0.017583401263691845
 43.54912906526794 0.017447607285814293
 44.23231383060481 0.017281579788896616
 44.923952400147265 0.017056582307132927
 45.624230789110705 0.016812078991011194
 46.333646302603036 0.01658794743179517
 47.05278248668346 0.016424980974113792
 47.78242499788802 0.016304447246073692
 48.52187858952098 0.016191541001399464
 49.2713414606836 0.01606477513070133
 50.031011794555134 0.015860107187531867
 50.80053564139387 0.015601249949923884
 51.57994096698385 0.015411521664001903
 52.370611694947904 0.015365448252491693
 53.17278163012359 0.015425109399936196
 53.98621683041353 0.015501096735392628
 54.810493196499465 0.01567261943645669
 55.645909049250925 0.015926644342107974
 56.4928463619508 0.016218137994233495
 57.35084413706235 0.016514841809717705
 58.21969802155491 0.01669071598224594
 59.10036752116654 0.016690236666985884
 59.992363641623236 0.016586862271086716
 60.89515601724573 0.01652010895847845
 61.81002764866245 0.016605571354217235
 62.73722857478048 0.016898579821985043
 63.676557883418624 0.0171387864214477
 64.62793627467737 0.01706437810176509
 65.59237337274952 0.01674210261586041
 66.57155026993495 0.016446093761133675
 67.56616045344413 0.01651459960156467
 68.57346875503771 0.016799017828432707
 69.5931648389123 0.017024129933714674
 70.62562266276605 0.017228290687122737
 71.67055299445295 0.017446747547895568
 72.72810758326918 0.01775240828732823
 73.80055138095986 0.018225531542317222
 74.88813141259665 0.018556319678212058
 75.99033613340076 0.018725544050841352
 77.10843863871706 0.01876832437912346
 78.24231506127136 0.01877943023629844
 79.39261398550872 0.018603601801801716
 80.55709121455087 0.018408747920486065
 81.7318299313129 0.01824340976900974
 82.92054722316514 0.018138053919866927
 84.12917363576715 0.018074623094272258
 85.3534175202428 0.01809032890801049
 86.58526026934996 0.01798871868699936
 87.82937332421484 0.0175917025895733
 89.08881783096902 0.01734522989181752
 90.36025402238079 0.017157068514172227
 91.65042107687071 0.017291761043919152
 92.96289320378038 0.017699152522084215
 94.29392518497895 0.017976206496366245
 95.6454652609792 0.01802692430782356
 97.01655870994881 0.017844550989027434
 98.40283367107642 0.01746925871352302
 99.80449478988085 0.017428224235417674
 101.22675945953351 0.017414017342359575
 102.67214197447746 0.017117125926977346
 104.14054896528432 0.016883571896965405
 105.62343945609078 0.01679869042514922
 107.1206963408878 0.01651877719445359
 108.6337941781384 0.016487540750518254
 110.16793482870251 0.016774176581877277
 111.72341056654331 0.016952433453637266
 113.29103091767841 0.0169162643630324
 114.87907631342912 0.016772984230601303
 116.48483001063732 0.016798541603365455
 118.1098271950756 0.01680687359386034
 119.7570344103589 0.01681609348213788
 121.41380812694129 0.017018137383391873
 123.09486177169201 0.017049809383098687
 124.80870747960884 0.017071057377913063
 126.52968530371632 0.01742831030249347
 128.26654936444504 0.0180752869963384
 130.02968098761863 0.019242245191245226
 131.82200084771685 0.01970071064708073
 133.61434715836842 0.01981342978890833
 135.42647709339414 0.020022986790186922
 137.27463585954797 0.02004928926421084
 139.1526072909182 0.019906205062743626
 141.05157664231388 0.01987576413625398
 142.96954495527106 0.019852052790580624
 144.9179281214996 0.019364581069571323
 146.88465776116485 0.01826255732366089
 148.86980597813445 0.01799247064746807
 150.87343214233223 0.01814566063829036
 152.91491695404682 0.018126003420500615
 154.97993070425775 0.01792291828916262
 157.07861166876833 0.017574214064930472
 159.21122995617603 0.017109471061374164
 161.35922895536524 0.01696157421939367
 163.51988561235976 0.016437335550508178
 165.7210062549232 0.016716458955173492
 167.9335552840631 0.016951873052851712
 170.1857362466032 0.017281666586298903
 172.4620118528195 0.017171109457457895
 174.72935399101152 0.01683282507483518
 177.00530980104614 0.016473251045255155
 179.3097460670758 0.016499212102400525
 181.66134442211367 0.01673436583799936
 184.04326509323369 0.017221091719168097
 186.45791890291113 0.01762313819953756
 188.89603292131773 0.01742420729904233
 191.36543920998105 0.016954910793041643
 193.8529596830031 0.016465873800075113
 196.38783885791375 0.016757207404576695
 198.94329928150248 0.017689884114939814
 201.51342052237703 0.017994026786686743
 204.1043388970115 0.017953857524220247
 206.8788831125876 0.014314293555743504
 209.5815013469469 0.009110246977991322
 212.2238294887429 0.006313952803117869
 214.92282183333785 0.004486468544412186
 217.66309278092456 0.003433161808013132
 220.43708691981934 0.0027282741797700614
 223.24040249865672 0.002213022819584109
 226.07318745452568 0.0018178998872325175
 228.93623194005033 0.001506130804412419
 231.82821160597513 0.0012554640576296877
 234.74901345336784 0.0010512516349571114
 237.7007439194097 0.0008832915713398379
 240.6824137525173 0.0007441565695470275
 243.69279008296442 0.0006282698464831812
 246.73397939904712 0.0005313369928774017
 249.80498801911054 0.00044998666646913
 252.90680980765248 0.0003815298153486828
 256.03845108102996 0.00032379623222020357
 259.20189948277965 0.0002750170903780345
 262.3940425733681 0.0002337428073759704
 265.6181225661302 0.0001987739922625694
 268.8728817321528 0.00016911534525287762
 272.1585874010322 0.00014393748643074187
 275.47596289241386 0.00012254631777413797
 278.8231551318468 0.0001043604331152377
 282.20314550862093 0.00008889015693539977
 285.6130955351618 0.00007572377433805053
 289.0557027063391 0.00006451348696202989
 292.5289743417379 0.00005496526175685876
 296.0341950532491 0.000046830438819212444
 299.57022657407515 0.00003989812025647323
 303.13905651943537 0.00003398955721982856
 306.7386973685161 0.000028952840965957038
 310.3711367385241 0.00002465907540845763
 314.0342300875411 0.000020998523757635916
 317.7302772251072 0.000017877779504177804
 321.4571354398026 0.000015217391366459628
 325.2166297417523 0.000012949594588248699
 329.00808971720005 0.000011016714573773799
 332.8311882662525 0.000009369525068006382
 336.68625634365816 0.000007966040421690063
 340.57412327936845 0.000006770450501997633
 344.49262929796345 0.000005752216963919216
 348.44410454332643 0.000004885243085047048
 352.42621498392947 0.000004147276214577467
 356.44129866614594 0.000003519332323040835
 360.48800738133605 0.000002985164987065204
 364.56669962810366 0.0000025309444877357543
 368.67601910352846 0.000002144847313913044
 372.81832004155103 0.0000018167883751279344
 376.99124412978944 0.0000015381579892845858
 381.1961600957994 0.00000130161438221925
 385.4326888604533 0.000001100886006814511
 389.70121377112525 9.306309687518463E-7
 393.99935969386667 7.862919305194477E-7
 398.3295060924835 6.63984186558686E-7
 402.6912568178499 5.603971805782039E-7
 407.08302482863036 4.72710270673274E-7
 411.5063928363062 3.985222703940145E-7
 415.9595746027397 3.357901130170452E-7
 420.44356391988947 2.8277110884954284E-7
 424.95736699579686 2.3798802490881763E-7
 429.50197762242044 2.0018216703792575E-7
 434.07640200780173 1.6828487751429123E-7
 438.6806401519406 1.4138811831267859E-7
 443.31469205483717 1.1872110174690934E-7
 447.97756392453283 9.962976462884974E-8
 452.6702495529861 8.35596792717636E-8
 457.39404210129675 7.004070245221702E-8
 462.1443914149166 5.86746112045065E-8
 466.92356083943486 4.9124332056527747E-8
 471.73155037485174 4.110450097008842E-8
 476.56637242731205 3.43741181705073E-8
 481.4300145906709 2.8729027132849452E-8
 486.3204892710732 2.3997208170951885E-8
 491.237796468519 2.0033272323811705E-8
 496.18292997993575 1.67146043925664E-8
 501.154896008396 1.3937826229365897E-8
 506.1527007569721 1.1615851238716859E-8
 511.1763442256642 9.675313948394647E-9
 516.2268202113997 8.054545300636157E-9
 521.3021411203237 6.701626668205265E-9
 526.402306952436 5.572970482606202E-9
 531.5299753111051 4.63193264199729E-9
 536.6788629366542 3.847778579908152E-9
 541.8525956096149 3.1947300355429093E-9
 547.049185726194 2.651169553234949E-9
 552.2696270882881 2.1989906775609577E-9
 557.5129258940008 1.8230386721076434E-9
 562.779082143332 1.5106323179384188E-9
 568.0661082324888 1.251171451080946E-9
 573.3759917652642 1.035794381139423E-9
 578.706745137865 8.571020942688217E-10
 584.060294769563 7.089238322979416E-10
 589.4328146836762 5.861100579242775E-10
 594.824216928231 4.843686612488467E-10
 600.2354953100929 4.0012373086334183E-10
 605.6656560223967 3.304012711839953E-10
 611.1146990651421 2.7272165297240335E-10
 616.5806368245985 2.250277760633118E-10
 622.0685671406992 1.8560765070438234E-10
 627.5703094549885 1.5303986408775983E-10
 633.0879527586255 1.2614475811542864E-10
 638.6224908634445 1.0394277271652897E-10
 644.1761506853799 8.562231017672906E-11
 649.7405309658055 7.051056658402341E-11
 655.3198184982774 5.8050064599447263E-11
 660.9140132827954 4.7779284213977086E-11
 666.5244601164392 3.9316535961348374E-11
 672.1445222365321 3.2345787979271734E-11
 677.7775040396597 2.660590160096064E-11
 683.4248347758117 2.1881201977953587E-11
 689.0807027571242 1.7993415462329547E-11
 694.7509763182709 1.4795438486236222E-11
 700.4287368744815 1.2165853854127955E-11
 706.1189722020383 1.00045989424864E-11
 711.8182089489851 8.229149409264606E-12
 717.5218661607962 6.7715581663307005E-12
 723.2380837491498 5.575903514229779E-12
 728.9613154005369 4.596194077712559E-12
 734.6915612188711 3.794680487208376E-12
 740.4325229246913 3.1403980639403023E-12
 746.174838325721 2.6080184048430333E-12
 751.925939429678 2.1768899834396778E-12
 757.6811308759391 1.830251348858948E-12
 763.4414066832963 1.5545738966031817E-12
 769.2086242681282 1.3390631053090814E-12
 774.9780021720339 1.1752361464829102E-12
 780.7544369596808 1.056569921964467E-12
 786.5360270053292 9.782791012793845E-13
 792.3268183807749 9.371814125344143E-13
