 0. 0.
 0.0024219531131980266 0.0002550760670858793
 0.012677292445724334 0.0007342826431286525
 0.02755595468281035 0.0011893233370282447
 0.04613273211567371 0.0016223532291088768
 0.06798152800541048 0.002034942259623108
 0.09285637974559653 0.002428149501163386
 0.12060040224673721 0.0028026630193442805
 0.15110908236972828 0.0031588858795467746
 0.1843108744204243 0.0034970130111282114
 0.22015443976811322 0.0038170669367984626
 0.25860602537821176 0.004118968317430956
 0.2996434373955225 0.004402522004487882
 0.34325154073070796 0.004667493974286415
 0.38941989843513963 0.0049136646202198216
 0.4381486031924878 0.005140855959857269
 0.48942606962011787 0.005349084033738861
 0.5432650920928588 0.005538582851235503
 0.5996550879872449 0.005709859893202284
 0.6586019156458631 0.005863770118277148
 0.7201113651054685 0.006001458156148387
 0.7841729590256047 0.006124344862922074
 0.8507892583179053 0.006234027590570962
 0.9199573241409306 0.006332203407977352
 0.9916624847003338 0.0064205762981215326
 1.0659033124253 0.006500823024817704
 1.1426561818595857 0.006574557019297954
 1.2219047981644646 0.00664335758483615
 1.3036243112583645 0.006708777832064496
 1.3877889528841771 0.006772436784496404
 1.4743565440898216 0.006836073434362741
 1.5632895777152553 0.0069015505504198115
 1.6545314782471052 0.006970910987812138
 1.7480354474377617 0.007046318187535956
 1.8437311291879592 0.007130014025231648
 1.9415542321543235 0.007224126244744066
 2.041426014826371 0.007330559323816976
 2.1432674366442694 0.0074507919042206515
 2.2469881665568874 0.007585743206832143
 2.352492282742665 0.007735612451512808
 2.4596844266870326 0.00789986708748951
 2.5684712986074056 0.008077177724923477
 2.6787460439680677 0.008265524786727096
 2.79040888453198 0.008462316467729153
 2.903357958238404 0.008664588853488664
 3.0174929550374383 0.008869216425367012
 3.1327260397917627 0.009073125150685403
 3.248964204671939 0.009273386652135238
 3.366133709060768 0.009467328028541104
 3.484148987019003 0.009652502266252
 3.60296748047379 0.009826683061949235
 3.722529986172444 0.009987842609893289
 3.8428028069655844 0.010134150186374782
 3.963749671835945 0.010264063522796418
 4.0853793603036 0.010376271006483976
 4.2076757414718635 0.010469957019969089
 4.330671869143227 0.01054480914952945
 4.454387278495822 0.010601132015025565
 4.578863732918093 0.010640018796975877
 4.704157264962934 0.010663207772523237
 4.830329372812972 0.010673378096928825
 4.957454739353636 0.01067375285454933
 5.085602678884217 0.01066798950130717
 5.214862715662573 0.01066025328029311
 5.345311891216703 0.010654529553199428
 5.477039840835456 0.010654811119865054
 5.6101309220765625 0.010664520617449243
 5.744670265398982 0.0106862060620222
 5.880747879440423 0.010721753587916483
 6.018430325283 0.010771907909001078
 6.157795709383651 0.01083674305315024
 6.298916310363939 0.01091567679990572
 6.441854607722768 0.01100758829171949
 6.586678861793858 0.01111080555135405
 6.733429463182288 0.011223323928319989
 6.882174898130095 0.01134283915075939
 7.0329437258942855 0.011467214134217604
 7.185791190406705 0.011594438321885196
 7.340785168686141 0.011722755648737202
 7.497951689904907 0.011850274258429633
 7.657303565820198 0.011975266176582464
 7.818918490493208 0.012096404424456053
 7.982807283716594 0.01221327147000344
 8.148969491769755 0.012326232189927303
 8.317555944752959 0.012436438396904477
 8.48849945430632 0.012545277996122685
 8.661947618197551 0.012653458025377885
 8.837762497665917 0.01276025078123467
 9.016163901479427 0.012863281074438201
 9.197090744547793 0.012959938271457931
 9.380611554663187 0.013048371545905643
 9.566808918719774 0.013127909201392276
 9.755675200869828 0.013198674175840542
 9.947217016463085 0.013261862614278584
 10.141497635111898 0.013319609603888546
 10.338528852599433 0.01337467756620697
 10.538439829412733 0.013429445260322557
 10.74116031858913 0.013485436589150534
 10.946757552673015 0.013543707025774
 11.155303972897212 0.013604153777431363
 11.366800580884055 0.013665174715311913
 11.581319873036177 0.013723447088833038
 11.798856993125867 0.013774650630778262
 12.019496210575815 0.013814521345309073
 12.243310441637389 0.013839833814031149
 12.470301171707264 0.013850234655051877
 12.70053503355821 0.01384893497710203
 12.933948247565189 0.013839617046724956
 13.170763437268146 0.013822626378514323
 13.410982609900127 0.013796702504584202
 13.654607822756589 0.013761104606825718
 13.901648147272823 0.013715647997816216
 14.152320571925383 0.013660600279636323
 14.406491952654806 0.013597977790833458
 14.664308319467253 0.013532183859229817
 14.925844304864217 0.013469966592386189
 15.19108031077008 0.013419351698200625
 15.460074449547644 0.013385888091568673
 15.732875927864361 0.013368806977438188
 16.009484871429454 0.013361698993765726
 16.28996475133275 0.013354999064020934
 16.5743235513093 0.013339265347087148
 16.862759039837574 0.013308831654206165
 17.155127414639786 0.013262126526315454
 17.45162496384878 0.013201439315468598
 17.75218731947095 0.013133240270397858
 18.05697426752683 0.013064953118936172
 18.36598535816217 0.012999884614872548
 18.679363182950222 0.012940788229470413
 18.99700721218977 0.012895076579842402
 19.319068221427198 0.012871324718147701
 19.645626048625235 0.012872218146069465
 19.97668960442322 0.01289717023226413
 20.312421673864197 0.012952104076172335
 20.65270978232279 0.013040360424466803
 20.99776688548693 0.013156519296531282
 21.34747700927504 0.013290823902226679
 21.70195763927058 0.013428291030507196
 22.06134141438694 0.013550571943648726
 22.4257651945927 0.013640711125157662
 22.79505614695572 0.013701678729265258
 23.169577847358706 0.013745544732748862
 23.549187344946834 0.0137681516551787
 23.933860134655 0.01375787047475008
 24.323949509841867 0.01371765286045685
 24.7193573341845 0.013661442090789682
 25.12025730452948 0.01359742622704753
 25.52661493412065 0.013523682930326339
 25.93855380954878 0.013438712735972892
 26.356013716050054 0.013351704011099108
 26.77905985686525 0.013279947289052017
 27.20796484621414 0.013241940945344833
 27.642590296732482 0.013245489798418178
 28.082986920744013 0.013272188967913318
 28.529504150088627 0.01328879227018016
 28.98214433227413 0.013274034804836094
 29.44108035985623 0.013234273686152934
 29.906154573884226 0.013200378782444086
 30.377607279786584 0.013200681800573787
 30.85537428671863 0.013238277833615671
 31.33949034926827 0.013283485988248717
 31.83008363060271 0.013311536350098737
 32.32722827453465 0.013348108480230448
 32.83094972831586 0.013414320705872512
 33.341573301162704 0.013500111110653868
 33.85921305417004 0.013560530963055982
 34.38424635059309 0.01357077742798842
 34.916758437911156 0.013579101590311489
 35.456964615163514 0.013630003668378084
 36.00497588510161 0.013733244336281213
 36.56066762629093 0.013885135937397227
 37.12397450479208 0.014028613616462604
 37.69482122721043 0.014076824926097504
 38.27342464328953 0.014062183329767821
 38.85964931950324 0.014062361110425234
 39.453462534419494 0.01413623004906188
 40.05520888557943 0.01425173673627183
 40.66487441656714 0.014314398345721695
 41.28246076165477 0.014333213177790944
 41.907735021711076 0.014333422480342929
 42.540531331169014 0.01436680201019002
 43.181252067666 0.014439390568857121
 43.83016360144638 0.014532308832391363
 44.4882097928522 0.014637930181552308
 45.155907581244456 0.014783166102022936
 45.833514372338406 0.014979118799181746
 46.52053707137359 0.015124913222891561
 47.21650650778054 0.015151006567221861
 47.92102908712608 0.015112379031773917
 48.63453526406121 0.015092448442847172
 49.35738063831177 0.01508207545399505
 50.090479820955366 0.015122202220576208
 50.83375624371258 0.015195986312181253
 51.58593653469947 0.01514958745312888
 52.34681231061961 0.015035092284385886
 53.11743934799145 0.014883279208561532
 53.898195718533664 0.01469741473865387
 54.68873478545947 0.014507239572020584
 55.4889982139892 0.014315027069481916
 56.299499304571476 0.01414916958694043
 57.12123125761105 0.014097659380194997
 57.95504973123213 0.014152102317323742
 58.800984958905204 0.014257454190703192
 59.659177883261904 0.014382732702793305
 60.529393008629896 0.014449498261185403
 61.41027925337365 0.014472663887481117
 62.300460205839364 0.014388120099582156
 63.19998998660822 0.014206758954807391
 64.10965061133362 0.013988781219248516
 65.03099677974723 0.01382081763138491
 65.96521678524141 0.01368093564051816
 66.91143796173671 0.013494517405227948
 67.87028236877707 0.01323465148766676
 68.84246570535304 0.013078035020598469
 69.8277629058669 0.013222858994937517
 70.82681229003018 0.013443325481442454
 71.84034999304279 0.013609886112675594
 72.86786696645336 0.01366393062043276
 73.90732662704028 0.01380503531324712
 74.95939706814346 0.013827581133372532
 76.0235392278167 0.01395661133656734
 77.10429132497147 0.013992998249124453
 78.20184780169572 0.013945106668649043
 79.30939664684459 0.013813037319865606
 80.42154011167777 0.0138146661197439
 81.5475094695208 0.014269337756181959
 82.68687261894001 0.01455678535941229
 83.83879363951465 0.014598972566588375
 85.00866555049267 0.014525529250254533
 86.19384273484792 0.014299650345375581
 87.39476099311638 0.014130994303303644
 88.60878408879984 0.014090315823287992
 89.83048861147249 0.014144256784999344
 91.06432231569 0.014628602120503516
 92.31684257530256 0.015157110542580338
 93.58403228022192 0.015405129016012816
 94.86658214694155 0.01522251621776111
 96.17020857729705 0.015259980340747494
 97.50079584549891 0.015384700192073943
 98.84908860019453 0.015551430802340987
 100.20323807508376 0.015581431256466782
 101.56707124551548 0.0156048389930816
 102.94103619019336 0.01580667580486169
 104.33012770248487 0.015511801958508882
 105.73745187257178 0.014924376033858166
 107.16729808598387 0.014387946344075656
 108.60834617375862 0.013856045611934164
 110.06917411774081 0.013685210995815884
 111.55396575146645 0.013863008331527468
 113.0639137574667 0.014037806096395548
 114.59907813603698 0.013845396346800622
 116.16170460238975 0.013642213896578517
 117.72775205537668 0.013589518019414817
 119.30393756344738 0.01332767796729798
 120.88993705309946 0.013414544345597431
 122.49491319737142 0.013965528991055083
 124.1220804475859 0.013814955664062045
 125.76635043413924 0.013220627821703477
 127.42798220833991 0.013117964781169372
 129.10221168237055 0.013300075187757398
 130.77892245331014 0.013653900541603488
 132.47968287478056 0.014108756146450331
 134.20579102163057 0.014161391174598631
 135.95575540203575 0.013595771401432137
 137.7272193304781 0.013348595431729888
 139.51037475871598 0.013177177239454586
 141.32305147810825 0.013331016465371274
 143.16687232800655 0.012983412494409935
 145.06414129404845 0.011641176916446207
 146.95207490374005 0.011303450800529899
 148.9228992965583 0.009226451105381743
 150.9016557285658 0.006962391830398516
 152.8400659329613 0.005452788277569559
 154.77688186034973 0.004226830964209475
 156.72686776072118 0.0034430219284808513
 158.70855184303647 0.002852509421544476
 160.7191451886455 0.0024020657776172576
 162.75491062909953 0.0020678442881416387
 164.81418162641762 0.0018063277664920063
 166.89523740139703 0.001591279359509197
 168.99744210451811 0.0014091309378478638
 171.12224219871135 0.0012520782723136762
 173.26867823273165 0.0011150695045601417
 175.43604128782997 0.0009945788053241432
 177.62568000602812 0.0008879898648070258
 179.83679247074534 0.0007932962876504592
 182.07018532770235 0.0007089040837800273
 184.32505451102688 0.0006335211125132295
 186.60292440202957 0.0005660742000833459
 188.9014634060053 0.0005056599647984799
 191.2230058375841 0.0004515063676184423
 193.56664637175945 0.0004029441648665482
 195.9325776643636 0.000359392543050075
 198.32132058286544 0.000320335761350493
 200.73164162600696 0.00028531999579419593
 203.1654877829512 0.00025393916594334165
 205.62081209040736 0.00022583024598135654
 208.09976110298646 0.00020066738648818845
 210.60100943816514 0.00017815695327435302
 213.12506338130095 0.0001580344899064758
 215.67131174460437 0.00014006070112633308
 218.2411856531867 0.0001240197564906495
 220.83325438966983 0.00010971599701046334
 223.44883734916775 0.00009697319217185748
 226.08672596444325 0.00008563089395773
 228.74824094582885 0.00007554488731873256
 231.43195155948385 0.00006658453273846712
 234.1391718738235 0.00005863181730084784
 236.86941942276724 0.00005158042264270428
 239.6224588613572 0.000045334203423022666
 242.3985286528459 0.00003980678334153615
 245.19810343097504 0.00003492019473027033
 248.01999624540048 0.00003060457482142172
 250.86539161846585 0.000026796921464974293
 253.73310823406445 0.000023440840428619448
 256.6243249345349 0.000020485726738390317
 259.538581622356 0.000017886279657883024
 262.4756203844814 0.00001560198705293656
 265.4348542160136 0.000013596654000157539
 268.41784849369185 0.000011837989694200616
 271.4229054683907 0.000010297135524018318
 274.4508735317706 0.000008948519430609737
 277.5018916095335 0.000007769298552636524
 280.57568390150993 0.000006739228442485089
 283.6710986300615 0.0000058403424557126785
 286.7892848594982 0.0000050566985276957135
 289.9305280169772 0.000004374185638493182
 293.0938416251696 0.0000037803571259869086
 296.27860208733176 0.000003264169113266039
 299.4863254264655 0.00000281593323784496
 302.7147484892769 0.0000024270620099206365
 305.9661669197288 0.000002090026315623801
 309.2382530195668 0.0000017981935379708158
 312.5333674138446 0.0000015457457746990608
 315.8499806355248 0.0000013275729735121908
 319.18649715762825 0.0000011392014747181466
 322.54537668471033 9.767118305825931E-7
 325.9241263712624 8.366797475737058E-7
 329.32527304760794 7.161138177692146E-7
 332.74720439057285 6.124026453241364E-7
 336.18823990860346 5.23272395602902E-7
 339.6517242187298 4.467426552278168E-7
 343.1345629290036 3.810918524450503E-7
 346.63645442727915 3.248230287402665E-7
 350.15941632816333 2.766385728708128E-7
 353.70173341560667 2.354136784471115E-7
 357.2623354448762 2.0017342480958854E-7
 360.8440614513395 1.70075571438111E-7
 364.44442786137574 1.4439113546198048E-7
 368.0634349537464 1.22492040557744E-7
 371.6999403602654 1.0383592827148029E-7
 375.35621139734855 8.795550011227269E-8
 379.0304082872504 7.44491101357162E-8
 382.72253129799054 6.297118388596486E-8
 386.43186511747496 5.322480624671169E-8
 390.15912558667475 4.495531114340107E-8
 393.90288179907037 3.79443012849097E-8
 397.66384959205084 3.200499960943602E-8
 401.441313628471 2.697732381093425E-8
 405.2352741548722 2.2724480192074802E-8
 409.04430021464435 1.9129767379662512E-8
 412.86982324316364 1.6093476939431083E-8
 416.7104122695071 1.3530742773403092E-8
 420.56745413931696 1.1369212813559258E-8
 424.4381951598692 9.547313758330142E-9
 428.3225716822966 8.012727375868967E-9
 432.22345994657724 6.720989510481325E-9
 436.1358432510374 5.634385503317997E-9
 440.0640622770623 4.720921520211917E-9
 444.0023065404454 3.953479480154159E-9
 447.9564263666063 3.309108641311131E-9
 451.9227913105374 2.7683966478812243E-9
 455.9006860699312 2.314934124332699E-9
 459.888528234497 1.9348565838325074E-9
 463.8924977643695 1.6164652795528892E-9
 467.90426835011607 1.3498888843160388E-9
 471.9268544111409 1.1268185301990733E-9
 475.9602562681413 9.402467761178446E-10
 480.00544151398697 7.842818370968436E-10
 484.0576332478864 6.539678891199475E-10
 488.12164940878773 5.451394317053207E-10
 492.1936602403371 4.5429946070846266E-10
 496.2743818456643 3.785142005262154E-10
 500.36559890495494 3.153206304700027E-10
 504.4623320447385 2.6265681030576763E-10
 508.5681706108327 2.1879579520639787E-10
 512.6806149253694 1.8229207333287973E-10
 516.7989495499232 1.5193847439012938E-10
 520.9264929278394 1.2672608255603896E-10
 525.0566297290392 1.0581446025945604E-10
 529.1972286761437 8.850293780434636E-11
 533.3404217820797 7.421037663292109E-11
 537.4900848318108 6.245510387470346E-11
 541.6462798322426 5.2839852384350965E-11
 545.8056272958795 4.503887209955418E-11
 549.9715896806683 3.8787369078090356E-11
 554.1400303367652 3.387255526233591E-11
 558.313020816415 3.012734638165134E-11
 562.4913391300137 2.742404054839476E-11
 566.6764435490411 2.567078105551134E-11
 570.8656084535954 2.4810562266905603E-11
