 0.0007854641103472568 0.0001104120386471188
 0.002367715739831344 0.0013757081917852498
 0.003972769125213251 0.005281289937096494
 0.005600977181552174 0.013273557340399967
 0.007252641177801085 0.026511630801335978
 0.00892810542133481 0.04565214359320742
 0.010627714219528173 0.07075812270907751
 0.012351811879756001 0.1013491291262297
 0.014100764228604047 0.13655213235759694
 0.015874894054236206 0.17528038187483946
 0.017674588702449163 0.21639358369978703
 0.019500192480617736 0.25881270119093996
 0.02135209273453861 0.3015916488152759
 0.023230633771586604 0.3439472401795112
 0.025136375091245822 0.3852659944008421
 0.027069230616672543 0.4250941534298573
 0.029030276308413098 0.4631190779705125
 0.031019296974358235 0.4991474670937587
 0.03303693819083574 0.5330794940287252
 0.03508384553417341 0.5648970084534357
 0.03716001900437125 0.5946226982703608
 0.03926610417775706 0.622320089606418
 0.04140253143854937 0.6480799340714897
 0.043569515978857436 0.6719975208559519
 0.045767918567118336 0.6941772143111694
 0.047997739203332064 0.714732453949495
 0.05025962346382641 0.7337766792832814
 0.05255400173281992 0.7514097170833991
 0.054881519586640386 0.7677450068622008
 0.05724239221739708 0.7828733002295689
 0.05963726520141779 0.7969034991173619
 0.062066353730811784 0.8099263551354622
 0.06453051857401612 0.822028082313258
 0.06702997492314007 0.8332812819386547
 0.06956536835451145 0.8437540177190642
 0.07213712925234875 0.853500740620416
 0.07474590319297982 0.8625622888671568
 0.07739212056062314 0.870984038264228
 0.08007621173949728 0.878793214294594
 0.08279882230593003 0.8860397303436903
 0.08556059783624917 0.8927553494749754
 0.08836196871467324 0.8989718347519083
 0.09120358051753005 0.9047209492379479
 0.09408586362903812 0.9100253808355643
 0.09700946362552525 0.9149032798667343
 0.09997502608331925 0.9193591839119517
 0.10298298138663864 0.9234021681322052
 0.10603419030392047 0.9270503828494708
 0.10912886802727405 0.930303828063749
 0.11226809051724564 0.9330002543501188
 0.11545228815805385 0.9357353119152007
 0.11868210652602641 0.9379405760353388
 0.12195797600538191 0.9398055216184186
 0.12528097255666665 0.9413346862449344
 0.12865131137198987 0.942541682656368
 0.13207006841189795 0.9434446611746962
 0.13553767406060938 0.944048159380413
 0.139054773894452 0.944374865175989
 0.14262222868186283 0.9444202409809302
 0.14624068399916973 0.9441933619562246
 0.1499110006148097 0.9436715401994018
 0.15363360891300126 0.9428502381299675
 0.15740958485429082 0.9417294557479219
 0.16123935882289686 0.9403182682142533
 0.16512379158725643 0.9386166755289613
 0.1690637439158066 0.9366156025310582
 0.17305986138487522 0.9343286619620259
 0.1771132199550086 0.9317513162413705
 0.1812242500104252 0.9289107908520569
 0.18539381231956215 0.9258343112770491
 0.18962298284296578 0.922540027838324
 0.19391240715696387 0.9190460908578582
 0.19826316122210277 0.9153661130771337
 0.20267567542260098 0.9115000944961504
 0.20715124091111412 0.9074389599539207
 0.2116902880718607 0.9031554839674792
 0.21629389286538706 0.8986405913758382
 0.22096356163645808 0.8938942821789975
 0.22569993996140156 0.8889256315379453
 0.23050302784021745 0.8837346394526816
 0.23537497719399844 0.8783076931817242
 0.24031578802274456 0.87260849208112
 0.24532546032645577 0.8666098106679044
 0.2504082979473174 0.860288961039607
 0.2555621489642368 0.8536504807767217
 0.26079131721939924 0.8466943698792486
 0.26609149887061945 0.8394251659276818
 0.27146914968117547 0.8318791695659743
 0.2769221177299745 0.8240699935356082
 0.28245255493810933 0.8159885626755954
 0.28806261322667254 0.8075985763419831
 0.2937522925956641 0.7988864217932887
 0.29952159304508413 0.7898929372539595
 0.3053726664960252 0.780640810626466
 0.3113055129484873 0.771125504330314
 0.3173244362446558 0.7613606311069858
 0.323427284463438 0.7513507285369756
 0.3296162095259266 0.7410912590397893
 0.3358933633532142 0.7305776850349327
 0.34225874594530087 0.7197642605824999
 0.3487145092232792 0.7087972986631971
 0.3552606531871493 0.6975622493597766
 0.3618993297580037 0.6860912458706625
 0.3686326908569352 0.6744115136788192
 0.37546073648394357 0.6625139776232587
 0.3823856185601217 0.6503895625429924
 0.38940518516437683 0.6380473435990088
 0.396525892059987 0.6255054711132844
 0.4037477392469521 0.6128274712127366
 0.4110707267252723 0.6000632572828007
 0.41849485449494733 0.5872355172259471
 0.42602657831925544 0.5743351758811879
 0.4336615943560112 0.5613395453460522
 0.44140420644739986 0.5482667759425167
 0.44925656651451423 0.5351667810560166
 0.4572186745573542 0.5220667861695163
 0.46529268249701256 0.5089985543464749
 0.47348074225458175 0.4959575480063982
 0.48178285383006186 0.4829256168273096
 0.4902011691445457 0.4699209111311857
 0.4987356881980331 0.45697973156197946
 0.5073928667538021 0.4440989018133449
 0.5161684009696673 0.4312443900315761
 0.5250687466089069 0.41845385813477437
 0.5340917517504279 0.4057590691863983
 0.5432417202364159 0.3931141936234575
 0.5525186520668708 0.3805432806225707
 0.5619268510839779 0.36809488229502496
 0.5714641653666447 0.35576446106032605
 0.5811348987570563 0.34354747933797997
 0.5909412031763054 0.33145618859532083
 0.600883078624392 0.3194620020752356
 0.6109648289435016 0.3075708186323668
 0.6211843022125414 0.29579897355649304
 0.6315479541947893 0.2841913888945061
 0.6420536329691527 0.2727839115323096
 0.652705642377817 0.26153978706790104
 0.6635061343418749 0.2504240761314758
 0.6744572607824187 0.23945719783525748
 0.6855568697783563 0.22867772161344596
 0.6968135690140579 0.21809154632068362
 0.7082230546473384 0.20770139450526684
 0.7197917824414756 0.1974818557164287
 0.7315197523964695 0.18745198779224442
 0.7434112683545057 0.17767032552108802
 0.7554641783944913 0.1681350538707619
 0.7676849382797044 0.15883301385783313
 0.7800735480101448 0.14976420548230168
 0.7926321595069054 0.14091909982512993
 0.8053629246910787 0.13246315960288252
 0.81827014740485 0.12389001398877851
 0.8313538276482195 0.11569741240666001
 0.8446161173422797 0.10774666386487765
 0.858061320329216 0.1000767915556808
 0.8716894366090284 0.09267781280198242
 0.8855069219449948 0.08551025065348375
 0.8995094724949299 0.0785963392546059
 0.9137056959432042 0.07196239657221472
 0.928095592289818 0.0656143214609526
 0.9426813134558638 0.059555290227165374
 0.9574650113624342 0.05380345319282951
 0.9724509898517146 0.04837060806722968
 0.987639248923705 0.04327939737703153
 1.0030362443416836 0.038531772281847496
 1.0186398241845571 0.0341295024380703
 1.0344564442156041 0.030097181531978025
 1.0504861044348244 0.026442795705240305
 1.0667331086844034 0.02316076373384938
 1.083201760806526 0.020219504057566243
 1.0998899088801002 0.01759079292571751
 1.1168040086684035 0.01524853925046204
 1.1339462120925288 0.013151677928328127
 1.1513208229946612 0.011266086354000051
 1.1689278413748008 0.009570301771740663
 1.1867694191540403 0.00805397849802339
 1.2048520120956578 0.006716572023188936
 1.2231777721207457 0.005533397909349335
 1.2417488511503967 0.004460500614258129
 1.2605674011057035 0.0035036020269183918
 1.2796355739077592 0.0026712282610785593
 1.2989619772409335 0.0019425518222706594
 1.318542307263042 0.0012999986612409976
 1.3383851716584547 0.0007473168194777103
 1.3584905704271721 0.00026976279043933003
 1.3788649593324718 -0.00015943696582159937
 1.3995061864532614 -0.0005551230600691193
 1.4204228594739112 -0.0009169678789915551
 1.4416149783944214 -0.0012391905450394082
 1.4630889989780704 -0.0015082327676962733
 1.4848427693037647 -0.0017122605370335072
 1.5068848970558757 -0.0018610387262744388
 1.5292175341554952 -0.0019760164784147325
 1.551842832523717 -0.0020744002986880605
 1.574765096002725 -0.0021629557196111426
 1.5979864765136134 -0.0022365688879671147
 1.6215112778985665 -0.002284717154590133
 1.6453438039997699 -0.0022946556394207516
 1.6694862067383165 -0.0022932732740261726
 1.6939427899563912 -0.002291872919029347
 1.7187178574961794 -0.0017298890372531308
 1.743813561278774 -0.001977548594063247
 1.76923420514636 -0.0020585921033169268
 1.7949840929411234 -0.0020178928919709193
 1.8210653765841556 -0.0019766698900058844
 1.8474823599176433 -0.0017300614653119072
 1.8742393467837708 -0.001411046868673391
 1.9013406410247242 -0.0010478498507637101
 1.9287883945615953 -0.0006814583761861746
 1.9565890631576628 -0.0003405177368420617
 1.9847426468129266 -0.00004542844087484772
 2.0132556012906644 0.00017046237890619176
 2.0421322304330616 0.0002731677908421114
 2.0713746861612106 0.00025889347012373514
 2.1009872723172975 0.0001653698523176503
 2.1309742927435074 0.00006820800247138679
 2.1613465070453026 0.00006110672366416915
 2.192097459459406 0.00009775925324820757
 2.223214238459262 0.00013484781712400863
 2.2547398824667226 0.00027723028665848953
 2.2866743914817893 0.00045840906941762465
 2.3189962462935343 0.0006418861366970273
 2.351705446901958 0.000809998956423368
 2.3848450317289136 0.0009345600785672257
 2.418371962352548 0.0009846867302856764
 2.452329277194714 0.000989573704477835
 2.486716976255412 0.0010168581759889277
 2.5215135403237157 0.0010821403465577114
 2.5567404886105507 0.0011379616617962723
 2.592397821115918 0.0011523957053480413
 2.628485537839817 0.001148320958064329
 2.6650251579931745 0.0011388510275731182
 2.701995162365064 0.001086441972866129
 2.739417070166412 0.0009980136041968823
 2.777312400608145 0.0009296594916335852
 2.8156381152684093 0.000939350895047741
 2.8544372525690593 0.0009491620125972768
 2.8937098125100946 0.0009552423704593864
 2.9334557950915148 0.0009054151990535469
 2.9736536811023933 0.0006739759059513845
 3.014346508964584 0.0003088985146849438
 3.0555342786780857 -0.00005472775833948004
 3.0971954710319727 -0.0005008989731644857
 3.1393300860262445 -0.0009002242069682833
 3.181981162082755 -0.001126971641839534
 3.2251486992015037 -0.0013247647755778589
 3.2687896589606376 -0.0015371553057657405
 3.3129685989929363 -0.001747948607619695
 3.3576424808765464 -0.0018652859016169271
 3.402832823822395 -0.0012197100944376503
 3.4485611470414086 -0.000566448860982422
 3.49480593132266 -0.0020992980028592505
 3.54156717666615 -0.0022931162160847334
 3.5888879214937317 -0.0022041523698194017
 3.636725127383551 -0.0021142175675238893
 3.685121832757462 -0.0019126310164924874
 3.7340565184045382 -0.00184841517733982
 3.7835507035357057 -0.001982423542072418
 3.8336043881509645 -0.002027612580665988
 3.8842175722503147 -0.0017962168547448992
 3.9353687366228303 -0.0015623615654105306
 3.98712243890129 -0.000836707155211709
 4.039435640663841 -0.00006064703209404862
 4.092308341910484 0.0007873201291137983
 4.145783581063071 0.0015451641353378476
 4.199839838910677 0.0021285109460803414
 4.254477115453301 0.0024087564549771677
 4.309716929901869 0.002185475731603418
 4.365537763045455 0.0016582406412511087
 4.421961134094986 0.0012340812294030386
 4.479008562261388 0.0009885981246716008
 4.536637009122808 0.0008249956599564069
 4.5948895131011 0.0006809410920098458
 4.653744554985336 0.000480257519496772
 4.713223653986443 0.00046217109233586334
 4.773348329315348 0.000469478367186659
 4.834075542550198 0.00047685887170668246
 4.895426812901919 0.0003418073172184882
 4.957423659581438 0.00013014824500625721
 5.0200445633778275 -0.0000863020584497062
 5.083289524291089 -0.00007167426689165609
 5.147201580743075 -0.00005689218423517127
 5.211759213522859 -0.0001536529119657553
 5.276940903419513 -0.00036640009598047424
 5.342789688854893 -0.0003273945449586939
 5.409284050618069 -0.00028800658657395515
 5.476445507919972 -0.0001325177695402823
 5.54425254154967 -0.0000794870663056
 5.612748189929021 -0.0000915951460960874
 5.681867895425244 -0.00008143619497125935
 5.751676215671115 -0.00007117603387258518
 5.822151631455713 -0.00003012082232635235
 5.893294142779034 -0.0000010639854870007709
 5.965125268852007 0.000009491393246948063
 6.037601971252777 0.000010832202907153101
 6.110788807614126 0.000009570800905595016
 6.1846212203032715 0.000007873972679821982
 6.259163766952995 0.0000062998860064146665
 6.334373409141443 0.000004971237061933848
 6.410271666079542 0.000003890330937270535
 6.486837018556365 0.000003121132208055918
 6.5641125049937665 0.0000023447992579126646
 6.642055086969892 0.000001809872968622836
 6.7207078029065945 0.0000013926968931552036
 6.800027614382022 0.0000010687726344220588
 6.8800575598180265 8.181620637322748E-7
 6.9607546007927565 6.248792850050971E-7
 7.042161775728063 4.7623268559849503E-7
 7.124257565413022 3.621969351687787E-7
 7.207041969847631 2.7492338073528316E-7
 7.290514989031892 2.0827812098606842E-7
 7.374698142176729 1.5749261257987255E-7
 7.4595483908602915 1.1887190372034047E-7
 7.545108773504431 8.955913372837952E-8
 7.631336251687296 6.73544835804444E-8
 7.718273863830738 5.056543575223147E-8
 7.8059000907238305 3.789465060466928E-8
 7.894214932366574 2.8349577780475884E-8
 7.983196869548043 2.117207833069509E-8
 8.072888940690088 1.5784518258426504E-8
 8.16324810737086 1.1747750523449998E-8
 8.25429588880128 8.728444462668138E-9
 8.346032284981353 6.474129097388552E-9
 8.438457295911077 4.793863040419026E-9
 8.531527883168598 3.5437323888083146E-9
 8.62528708517577 2.615189141976281E-9
 8.719734901932593 1.926711128765716E-9
 8.814828295017216 1.417113613794018E-9
 8.910610302851488 1.0405670340706611E-9
 9.007037887013558 7.628081192846074E-10
 9.104132566714354 5.582676033515387E-10
 9.201872822742946 4.0790352972791545E-10
 9.300280174310261 2.9755138714331894E-10
 9.399333102205377 2.1670123165728778E-10
 9.49903160642829 1.5756430635167952E-10
 9.599375686979 1.1438151406336762E-10
 9.700343824646582 8.290114186936956E-11
 9.801957538641961 5.998999043850126E-11
 9.904195309754211 4.334224286687497E-11
 10.007057137983335 3.126556313340682E-11
 10.110543023329326 2.2518968348762238E-11
 10.21465296579219 1.619435252865466E-11
 10.319343926950074 1.1628366780649921E-11
 10.424658945224827 8.337168896660894E-12
 10.5305549821946 5.968597254539579E-12
 10.637032037859388 4.266623412486223E-12
 10.744111631430123 3.0455332760378254E-12
 10.851772243695876 2.170783045963485E-12
 10.959992355445719 1.5450824588889537E-12
 11.068771966679655 1.098189768765384E-12
 11.17813259660861 8.260145126668941E-13
 11.288031206810727 5.525003385435229E-13
 11.398467797286012 3.9109497030357786E-13
 11.509442368034458 2.7647523326426933E-13
 11.620933399845145 1.9519400763129763E-13
 11.732962411928996 1.376325302732449E-13
 11.845486365864158 9.692408062837207E-14
 11.95852678086156 6.817260934353272E-14
 12.072062137710272 4.7892347083150324E-14
 12.186092436410297 3.360532113939053E-14
 12.30057463853978 2.3553309822394977E-14
 12.415551782520575 1.648947676399168E-14
 12.530980829930826 1.1531489437100639E-14
 12.646840261559612 8.05565740280621E-15
 12.763173115828783 5.621699225764747E-15
 12.87991483510556 3.919189949213085E-15
 12.997086938600864 2.729613309296293E-15
 13.114667907103778 1.8993177553227643E-15
 13.232657740614295 1.320372397659559E-15
 13.351013400710565 9.171040064063784E-16
 13.46977792581444 6.36463728006564E-16
 13.588908277504068 4.4134413669536975E-16
 13.70838293656852 3.0581069115870085E-16
 13.828223422218727 2.1174256369332263E-16
 13.948408215243756 1.465084914777766E-16
 14.068894277221759 1.0130556835348622E-16
 14.18970312736366 7.000533810510439E-17
 14.310834765669462 4.834928143890736E-17
 14.432246153717308 3.3374449043850133E-17
 14.5539372915072 2.3025180828685328E-17
 14.675908179039139 1.587831004723979E-17
 14.798115777891269 1.0948818725851769E-17
 14.920581607274519 7.543046934386423E-18
 15.04328414797796 5.196845564101078E-18
 15.166223400001593 3.577845918963046E-18
 15.289356324923569 2.4631801954235424E-18
 15.412682922743882 1.69309379702638E-18
 15.53618167425161 1.1641934146327315E-18
 15.659874098657674 7.984735019683245E-19
 15.783717157540226 5.485481059331516E-19
 15.907710850899264 3.7477147823406077E-19
 16.031855178734787 2.5800864192738334E-19
 16.156107102624944 1.7548003541658036E-19
 16.280466622569733 1.1700877316945826E-19
 16.40491221935823 7.978609286016195E-20
 16.529465412201358 5.200157997861779E-20
 16.654083162677267 3.212570689187062E-20
 16.77874395157503 1.9002842599680097E-20
 16.903469298105573 1.0298129682996165E-20
