 0. 0.
 0.18499691031122653 0.18499691031122656
 0.5576576836469437 0.5577374962825989
 0.9356888543505336 0.9359304751020631
 1.3191735429550588 1.3196430287256804
 1.7081827060131336 1.7089402674192367
 2.102797436727746 2.1038813823334475
 2.503098828301884 2.504510766831348
 2.9091679739385357 2.9108728142759746
 3.321091035165875 3.3229912011276137
 3.7389440368617035 3.7408807251739433
 4.162818208879383 4.164541386414964
 4.5927946444219 4.593973184850675
 5.028964573342617 5.029116929330362
 5.471409088844522 5.469943024278668
 5.920259967382471 5.916392278544879
 6.375496935655715 6.36837590540292
 6.8373734099235906 6.825805118126722
 7.305838706934234 7.288531938839495
 7.781044876443245 7.756467580815168
 8.263143968206226 8.22940487502624
 8.752135982223177 8.707166248020568
 9.248172968249701 9.189633317496721
 9.751356292789533 9.676510127701125
 10.261736639094538 10.167648700756992
 10.77951674017219 10.662723485335391
 11.304696596022485 11.161527312408822
 11.837428256401028 11.663764226223709
 12.377813087811552 12.169079079875766
 12.926003140009659 12.677146322036059
 13.48204909624722 13.187640401375658
 14.046103006279832 13.700176575414918
 14.618215553359367 14.214310910523476
 15.198589470493292 14.729629068646329
 15.787275440933474 15.245657520577758
 16.38442551443552 15.761863545961337
 16.99014105750316 16.27774402001598
 17.604574119891996 16.79267743565919
 18.227826068105763 17.306131072534527
 18.8599982686482 17.817424232408772
 19.50124277127491 18.325876217048716
 20.15171162574149 18.830806328221126
 20.811506198551676 19.33144508096671
 21.48077853946107 19.827022990326185
 22.159630014973406 20.316711380189542
 22.84821267484429 20.799651978871413
 23.54667856882933 21.27501611026179
 24.255129063432243 21.7418863115246
 24.973766891660514 22.199463502125187
 25.70264273676601 22.646859814802834
 26.44201001500805 23.083246573447532
 27.191970092890397 23.507795101949274
 27.95267502016863 23.91973591534877
 28.7242261633465 24.318299528686723
 29.50687693868333 24.702805243729916
 30.300678029430998 25.072542766669777
 31.105882851848836 25.426979377149866
 31.92259277244058 25.765523163663037
 32.75095984096183 26.087818979305
 33.59118679042007 26.393422890445397
 34.44342567057088 26.68215732363208
 35.307879214421746 26.953815109837553
 36.18464878847639 27.208366653486454
 37.07398780899416 27.445900741304857
 37.97599764247879 27.66653575559419
 38.890881021937744 27.87056765210803
 39.818840680378486 28.0583219821753
 40.76002866755664 28.230301870577087
 41.714698399731525 28.387010442094464
 42.68295124340688 28.529098799385284
 43.66498993159018 28.65721804510742
 44.661067880540756 28.77207847306945
 45.6713371400142 28.874567950532086
 46.696051126269886 28.96539677130391
 47.735311205811506 29.045482398221004
 48.78942147815029 29.115653507393375
 49.85848330978996 29.176738774931025
 50.942750116989856 29.229596472519322
 52.04257668251306 29.275025680692913
 53.158115056115165 29.313825479986452
 54.289365237796176 29.34670616420851
 55.43683406007476 29.37437802716767
 56.60052152295092 29.39749217152179
 57.780427626424654 29.41661091320266
 58.977566035533314 29.432326163717434
 60.19142991775823 29.445111452271828
 61.42303293813675 29.455440308071555
 62.67136143163151 29.463697473596266
 63.93793589579856 29.470267691325606
 65.2222494981192 29.475417321437792
 66.52480907111212 29.479471915261755
 67.84612144729599 29.48257945067428
 69.18618662667079 29.485006287853587
 70.54500460923656 29.486870809101102
 71.92308222751194 29.488320992293616
 73.32041948149696 29.489534410883266
 74.73803003622892 29.49054066044542
 76.1754070591892 29.491458123281497
 77.63305738289645 29.492316394966863
 79.11148783986934 29.493174666652227
 80.61069843010787 29.494092129488305
 82.13119598613073 29.495009592324383
 83.67298050793791 29.49595665073582
 85.23655882804809 29.4968741135719
 86.82243777897993 29.49779157640798
 88.43061736073344 29.4986794436687
 90.0616044058273 29.499537715354062
 91.71489208174282 29.50033679588871
 93.39200088603603 29.501106280848006
 95.09293081870693 29.50184617023194
 96.81768187975554 29.502615655191235
 98.56625406918181 29.503385140150524
 100.34016788454181 29.504184220685175
 102.13840966079819 29.505072087945894
 103.96199306298826 29.506048741932688
 105.81142492363074 29.507084587070196
 107.6867052427256 29.508179623358423
 109.58834085279153 29.50933385079736
 111.51683858634718 29.5104880782363
 113.47219844339257 29.511671901250594
 115.45492725644638 29.512885319840247
 117.46502502550861 29.514128334005257
 119.50401224813527 29.515489730471696
 121.570875259289 29.516969509239566
 123.66713455652585 29.518626861459577
 125.79228330732712 29.520402595981025
 127.94733517673019 29.522296712803897
 130.13229016473502 29.524279616352842
 132.348161936379 29.52626251990179
 134.59444365914345 29.52824542345073
 136.87214899806568 29.53005075354753
 139.1817847856644 29.531708105767546
 141.52335102193962 29.5331286933847
 143.89786137192866 29.534401303125065
 146.30480900311284 29.535614721714722
 148.7457144130482 29.53688733145509
 151.22007076921605 29.538307919072242
 153.72889173665376 29.539965271292257
 156.27268414788003 29.541829792539772
 158.85195483541347 29.54387188723943
 161.46619696673545 29.54594357751445
 164.11743787192063 29.54786728991268
 166.8046638859317 29.54955423770805
 169.52939550632465 29.55100442090056
 172.2916327330995 29.552129052764144
 175.09238923129362 29.55286894214808
 177.9311581683883 29.553224089052367
 180.8094600419396 29.553135302326293
 183.72729485194745 29.55266177312058
 186.68516943093056 29.551921883736643
 189.68359061140765 29.55103401647592
 192.723572058416 29.550086958064483
 195.80511377195566 29.54922868637912
 198.92872258454528 29.548488796995183
 202.09541216122224 29.547926481063396
 205.3051825019865 29.547600929734465
 208.5595541043941 29.547512143008394
 211.85751330340767 29.547571334159105
 215.20108742910193 29.547660120885176
 218.59027648147688 29.547778503186606
 222.0255872930512 29.54786728991268
 225.50752669634355 29.547896885488036
 229.03710835639126 29.547689716460535
 232.61433227319438 29.547245782830174
 236.2407189443089 29.546476297870885
 239.91576153721616 29.545470048308733
 243.64098054947215 29.544434203171225
 247.4163759810769 29.543635122636577
 251.2429614970678 29.543250380156927
 255.1217507624821 29.543309571307642
 259.05223694480117 29.5435463359105
 263.03594054158106 29.543605527061217
 267.0733683853404 29.543398358033716
 271.1655341411166 29.54298401997871
 275.31243780890964 29.54256968192371
 279.5145862212381 29.542362512896208
 283.77349987565816 29.54256968192371
 288.0896856046884 29.543043211129426
 292.46365024084747 29.543753504938003
 296.8959006166541 29.544878136801586
 301.38694356462696 29.546742658049098
 305.9388064148407 29.54911030407769
 310.55047550225805 29.551211589928066
 315.22397815695365 29.55218824391486
 319.9593143789275 29.55206986161343
 324.7580046657356 29.55112280320199
 329.6195421848594 29.549731811160196
 334.5459542663735 29.548044863364826
 339.53724091027783 29.545647621760875
 344.59492261412856 29.542599277499065
 349.7184925454069 29.53955093323725
 354.90997803418765 29.536946522605803
 360.16988591298934 29.534904427906145
 365.49872301433084 29.533335862412205
 370.89750300324926 29.531885679219688
 376.3667327122635 29.530820238506823
 381.9074258064108 29.530228326999676
 387.52059595072853 29.52937005531431
 393.2067499777354 29.52806784999859
 398.96690155246864 29.52723917388858
 404.8020643399657 29.526943218135006
 410.7127451727452 29.5267360491075
 416.69995771584456 29.52635130662786
 422.76471563430107 29.525818586271424
 428.9075257606334 29.525670608394638
 435.129401759879 29.52658807123072
 441.431357297075 29.528541379204306
 447.814406037259 29.530524282753248
 454.27905481294954 29.531944870370406
 460.8268241217026 29.532743950905054
 467.4577139635183 29.532891928781844
 474.17324483595263 29.533602222590417
 480.97443040404283 29.535703508440793
 487.8617775003077 29.538781448277962
 494.83629978978456 29.54265846864978
 501.89901093751075 29.547245782830174
 509.05244510607963 29.552454604093075
 516.2950817979352 29.557456256328475
 523.6238800179653 29.56032702713814
 531.0489764165436 29.56171801917994
 538.57037099367 29.5623691218378
 546.1829954241579 29.563464158126024
 553.886849708007 29.566542097963193
 561.692070495591 29.57053750063644
 569.5885211365363 29.572579595336098
 577.5863382812166 29.57178051480145
 585.6855219296317 29.57044871391037
 593.881003756595 29.568880148416426
 602.177852087293 29.566038973182117
 610.5760669217259 29.56192518820744
 619.0756482598937 29.5555621395056
 627.681664426983 29.54878475274876
 636.3890470978073 29.54573640848695
 645.2028645975531 29.545854790788376
 654.1281852514073 29.546683466898386
 663.1548724089963 29.546121150966595
 672.2930627206937 29.54458218104801
 681.5427561864994 29.543250380156927
 690.9039528064135 29.54070516067619
 700.3715842552492 29.53768641198974
 709.9557871833799 29.538071154469385
 719.6565615908058 29.53963971996333
 729.4688391523399 29.543398358033716
 739.3926198679824 29.547364165131604
 749.4380403881069 29.546890635925887
 759.605100712713 29.54242170404692
 769.8836641914276 29.540645969525478
 780.2889357998107 29.544700563349437
 790.8107788874888 29.548932730625545
 801.4542617796488 29.55230662621629
 812.2244528014775 29.55251379524379
 823.1162836277878 29.554052765162375
 834.1297542585801 29.55612445543739
 845.2750013442277 29.555177397025957
 856.5418882343571 29.55082684744842
 867.9405515793418 29.546446702295526
 879.465923053995 29.54076435182691
 891.1230709835036 29.536561780126156
 902.9119953678675 29.534075751796138
 914.8326962070867 29.531027407534324
 926.8801051759746 29.527298365039297
 939.069427250091 29.52516748361356
 951.3905257790628 29.52200075705032
 963.8434007628902 29.518212523404575
 976.4381888519462 29.518804434911726
 989.1698217210443 29.520935316337457
 1002.0382993701843 29.52626251990179
 1015.0486901245533 29.52975479779396
 1028.1959256589641 29.543309571307642
 1041.485074298604 29.556982727122758
 1054.9212043686593 29.566867649292124
 1068.4941792187567 29.57846911483222
 1082.2141354992696 29.593385284812342
 1096.0760048850116 29.60238233972099
 1110.0848557011686 29.601494472460267
 1124.2457562729282 29.59471708570343
 1138.5485699499166 29.58672628035693
 1152.9983650573206 29.580599996257952
 1167.6002099203267 29.576604593584705
 1182.3490362137484 29.574414521008258
 1197.2448439375855 29.573408271446105
 1212.297769742212 29.57305312454182
 1227.5027453024406 29.573082720117174
 1242.8547022930848 29.57326029356932
 1258.3637773645178 29.573556249322895
 1274.0249021915533 29.573911396227185
 1289.8431450993778 29.574325734282187
 1305.8134377628044 29.57474007233719
 1321.9459168322069 29.575213601542906
 1338.2253773320253 29.575716726323982
 1354.667024237819 29.576190255529703
 1371.265789224402 29.576722975886135
 1388.0216722917737 29.57722610066721
 1404.9397417651214 29.577729225448284
 1422.0098609940712 29.57826194580472
 1439.247234954184 29.578765070585792
 1456.6366586698987 29.579297790942224
 1474.193337116776 29.57983051129866
 1491.9071336444422 29.580333636079736
 1509.7831165780842 29.580866356436168
 1527.8162175925154 29.5813990767926
