 0. 0.
 0.26072308567520447 0.26072308567520447
 0.7859278935324734 0.7857496950316398
 1.3187014038653577 1.317439489017472
 1.859160761559286 1.8543791921030504
 2.4074059683457216 2.3943365429391616
 2.963551311917765 2.934426191484587
 3.5277110799685185 3.4712818960245695
 4.099999560191082 4.001396717280478
 4.680538183259376 4.521389713792077
 5.269434093885683 5.028257937554312
 5.86681586572474 5.5194184332901095
 6.472797786469649 5.992918234814362
 7.08750842977515 6.447329366851939
 7.711062083334342 6.881769844674085
 8.343644464648516 7.295798675916419
 8.985227001794394 7.689394860942544
 9.63616684381292 8.062810395389247
 10.296392560895903 8.4166122694393
 10.96611844246791 8.751451471821072
 11.645558777953502 9.068167987990524
 12.334713567352683 9.36764380267641
 13.033797100090016 9.650823899516686
 13.742952235781875 9.918653262149306
 14.462250404236451 10.172055874575825
 15.191977324686496 10.411955720797799
 15.932132997132008 10.639255785180383
 16.682931710997554 10.85479605317954
 17.444516325899507 11.059353511342024
 18.217101131262435 11.253726145851003
 19.000757556894527 11.438606944707644
 19.795699892220345 11.614646896640313
 20.60199956704808 11.78245499110458
 21.419942300610476 11.942640217556017
 22.249599522715727 12.095706567268198
 23.0911855227884 12.242158031514702
 23.94484316044487 12.3824986015691
 24.810786725109697 12.517106270886577
 25.68915907639926 12.64638003255871
 26.580103073929937 12.770718879677085
 27.483833007126293 12.890416807151286
 28.40056316541289 13.005746810254495
 29.330436408406104 13.117023883532703
 30.2736670255305 13.224437023713497
 31.230397876402456 13.328280225706465
 32.20084325044653 13.428721486602797
 33.1852174370873 13.525991802402881
 34.18366329594113 13.620280169834311
 35.19646654624078 13.711775585624679
 36.223698617794426 13.800646046865172
 37.26571665964302 13.887080550283383
 38.32266353140294 13.971247092970504
 39.39475352249874 14.053271672744929
 40.482129492546804 14.13332228669785
 41.58514859058807 14.211545932284059
 42.70388224643072 14.288026608049153
 43.838687609115716 14.362890311811523
 44.98970753825941 14.43622104211677
 46.15715632328638 14.508144796783284
 47.341319683429376 14.578745574356663
 48.54241190811297 14.6481073733825
 49.76071871656989 14.716356191679195
 50.99638296841653 14.783555028155938
 52.24976181269384 14.849850880267523
 53.52099810901817 14.91532774655955
 54.8103775766223 14.980027626304814
 56.11818593473896 15.044034518048912
 57.444637472792735 15.107369421428244
 58.790089339824554 15.170095335352002
 60.15468439545079 15.232296258365789
 61.5387083589042 15.293993190105999
 62.94251837922573 15.355333128027425
 64.36632874583994 15.416337071766469
 65.81049660778777 15.477047020595927
 67.27516482468559 15.537525973424996
 68.76076197538254 15.597794929890075
 70.26743091949498 15.657874889627564
 71.79552880606387 15.717849851183056
 73.34555564374652 15.777719814556557
 74.91772572196751 15.837547778657257
 76.5120390407268 15.89731274384876
 78.12920989810631 15.957035709767466
 79.76923829410602 16.016716676413374
 81.43212422872593 16.07639764305928
 83.1192962981298 16.136120608977986
 84.83004020423577 16.19592757344229
 86.56578454320758 16.255839536088583
 88.32510071888149 16.315919495826073
 90.11013162550313 16.376167452654755
 91.92016296499061 16.436604406211025
 93.75590903542582 16.497209356858487
 95.61808413489065 16.55802430386994
 97.50668826338509 16.619028247608984
 99.42172142090914 16.680242187712015
 101.36389790554468 16.74162412490624
 103.33321771729172 16.803174059191658
 105.33110945231401 16.86482899165907
 107.35685881252968 16.926630921581275
 109.4111800960206 16.988579848958274
 111.49478760086866 17.050654774153664
 113.60768132707386 17.11289769644025
 115.75057557271806 17.17530861581802
 117.9234703378013 17.237971530832585
 120.12707992040545 17.300865441847538
 122.36211861861237 17.36399034886288
 124.62858643242207 17.427346251878607
 126.92719765991644 17.49091215125833
 129.25723800301358 17.55464604772924
 131.62085035595916 17.61861094020054
 134.01803471875314 17.68274382976303
 136.44879109139558 17.747086715689512
 138.9131194738864 17.811576599070786
 141.41316276047135 17.876171480634056
 143.9474923549866 17.940871360379322
 146.51753685359586 18.00567623830658
 149.12401055438113 18.070586114415836
 151.76691345734233 18.135600988707086
 154.44695986056138 18.20072086118033
 157.1648640621201 18.26594573183557
 159.92062606201856 18.3312756006728
 162.71496015833864 18.396668468419232
 165.5478663510803 18.462124335074858
 168.4214875344892 18.52753820245769
 171.33439511240158 18.59295206984052
 174.28873197906307 18.658323937950552
 177.2837838363918 18.72356980824219
 180.32097928055154 18.788647681442633
 183.40031831154226 18.853515558279092
 186.52322952552777 18.918089440205964
 189.68899862442618 18.982369327223246
 192.8990542044012 19.04622922151255
 196.15411056353477 19.10966912307388
 199.45416770182686 19.172626032998025
 202.80065421544126 19.235057952012202
 206.19285580629605 19.296880881570804
 209.6329153686369 19.35805282240104
 213.12011860438193 19.418531775230107
 216.65589410969488 19.47827574078521
 220.24095618265767 19.537263719429955
 223.87601912135213 19.595453711891533
 227.56036862769645 19.652782719260756
 231.29686189401806 19.709166742992025
 235.0840703241533 19.764563783812537
 238.92413681234774 19.818910842813104
 242.81706135860136 19.872165920720924
 246.76427255907802 19.9242450189904
 250.76505611569578 19.975106138348735
 254.8215549227003 20.02474927879593
 258.93376898009154 20.073132441059183
 263.1024125859514 20.120213625865702
 267.32820003836184 20.165929834306286
 271.6125599334865 20.210323065653736
 275.95549227132545 20.253372320271648
 280.35771134996054 20.29501459925083
 284.8206457655556 20.335207903318484
 289.3442955181105 20.373952232474604
 293.930803501871 20.4112055874464
 298.5787411206733 20.44690496932467
 303.290965566845 20.481050378109416
 308.06747684038595 20.513683813073435
 312.9089892393781 20.544826273853126
 317.81621706190333 20.574498760084886
 322.79058890412546 20.60272227140512
 327.83210476604444 20.629580806359417
 332.94290754190587 20.65513736385698
 338.12228293362796 20.679454942807
 343.3723738354563 20.70257554248228
 348.6931802473909 20.724478163246417
 354.08613076559556 20.74507880655382
 359.5526539862339 20.764356472768085
 365.0920356112242 20.782290162252817
 370.7064185348121 20.79890087464441
 376.39651705507936 20.81423060921567
 382.16375976818983 20.82821636705739
 388.00814667414346 20.84087914780598
 393.9303920710222 20.852281950370624
 399.9326388530717 20.86246677402413
 406.01560131837374 20.87160161585769
 412.17999376501024 20.87977047441689
 418.42653049106315 20.88703634861094
 424.7559257946143 20.893504236621826
 431.1710368679912 20.899237137358746
 437.67043511503016 20.904319049367302
 444.25697772805853 20.908791971920284
 450.9306647070765 20.912718903926894
 457.69363894632966 20.916225843205524
 464.54518614773616 20.919354789028972
 471.4881635036234 20.92212674103364
 478.52257101399147 20.92462569776512
 485.6505515730861 20.926872658859807
 492.8713908828252 20.92895162286331
 500.1879461355365 20.93092558868481
 507.6009316293016 20.93283655559712
 515.1110616622028 20.934600525054634
 522.7197648304035 20.93617549778456
 530.4277554319857 20.937456475604897
 538.2364620631132 20.938464458152048
 546.1473133199498 20.93924144469881
 554.1610235005774 20.93976643560878
 562.2790212011595 20.94008143015477
 570.5027350178601 20.94027042688236
 578.8328792487611 20.940375425064357
 587.2708824900261 20.940354425427955
 595.8181733378191 20.940165428700364
 604.4754660902216 20.93989243342718
 613.2441893433978 20.93961943815399
 622.1257716935112 20.939535439608395
 631.1216417367257 20.939745435972387
 640.232513771123 20.94027042688236
 649.4605306909489 20.940921415610728
 658.8056924962033 20.941425406884303
 668.270142081132 20.941551404702697
 677.8553080418985 20.941299409065913
 687.561904676585 20.940795417792334
 697.391360581355 20.94029142651876
 707.3451043523725 20.939934432699975
 717.4267074800465 20.93985043415438
 727.6340270701319 20.94003943088197
 737.962777334137 20.940501422882747
 748.4272442336995 20.94111041233832
 759.0274277688196 20.94176140106669
 769.7561849586783 20.942286391976662
 780.6135158032757 20.94268538506824
 791.6137062642495 20.94316837670542
 802.7424703799617 20.943840365070187
 814.0140941120503 20.944680350526145
 825.428577460515 20.945562335254902
 836.9787774445375 20.94642332034726
 848.6718370449361 20.947158307621226
 860.507756261711 20.9476622988948
 872.4865350948622 20.947977293440786
 884.6153165252084 20.94814529053198
 896.886957571931 20.948250288713975
 909.3086012158486 20.94854428362356
 921.8873904377803 20.949195272351925
 934.609039276088 20.950224254535478
 947.4878336924097 20.951337235264624
 960.5237736867455 20.95224021962978
 973.7168592590949 20.952786210176154
 987.0599474286397 20.95284920908535
 1000.5673241570171 20.952492215266567
 1014.2389894442272 20.951904225447397
 1028.0678003094513 20.95121123744623
 1042.053756752689 20.95041325126307
 1056.2111447355785 20.949615265079906
 1070.5399642581197 20.949048274897134
 1085.0259293586746 20.948859278169543
 1099.6904689796997 20.94875427998755
 1114.5192971595577 20.948355286895968
 1129.5195568790673 20.947725297804
 1144.6983911190473 20.946948311257238
 1160.0486568986785 20.945898329437288
 1175.5703542179615 20.94482734798094
 1191.2777690385337 20.944071361070574
 1207.1566153987574 20.9436303687062
 1223.2211792602702 20.94337837306941
 1239.4643176422533 20.943063378523426
 1255.8931735255258 20.94268538506824
 1272.5077469100872 20.942622386159044
 1289.3080377959377 20.943105377796222
 1306.2869032022588 20.94405036143418
 1323.4657720715065 20.945289339981716
 1340.8303584420435 20.946801313802442
 1358.3806623138698 20.948460285077964
 1376.1309696486226 20.949825261443895
 1394.0741374654835 20.95041325126307
 1412.2101657644525 20.950665246899856
 1430.5461975263484 20.951358234901022
 1449.0750897703517 20.95284920908535
 1467.8039854772824 20.95534816581683
 1486.7400276279584 20.95860310945867
 1505.8689302607424 20.96196305128251
 1525.204979337272 20.965154996015155
 1544.7410318767286 20.968388940020596
 1564.4842308599307 20.971748881844434
 1584.441719267697 20.974751829849488
 1604.5992111383905 20.977124788762573
 1624.9638494528292 20.97905675531128
 1645.5427771918326 20.9806947269504
 1666.3288513745815 20.981660710224755
 1687.3220720010759 20.981828707315948
 1708.5367250329537 20.981513712769964
 1729.9656674893959 20.9807367262232
 1751.6017563895837 20.979770742948844
 1773.4592776951547 20.97924575203887
 1795.5310884252901 20.979119754220477
 1817.824331560809 20.97886775858369
 1840.3318641208919 20.978405766582913
 1863.067972067177 20.978111771673326
 1886.011226457208 20.97823776949172
 1909.1830562334405 20.978699761492496
 1932.576318415057 20.97924575203887
 1956.191013002056 20.979749743312446
 1980.0342829752574 20.980232734949624
 2004.091842373023 20.980778725496
 2028.38512013781 20.981387714951566
 2052.8926873271607 20.982017704043535
 2077.6359728835328 20.982689692408304
 2102.6006908452878 20.983361680773072
 2127.793984193245 20.984054668774238
 2153.2087099465853 20.984726657139007
