 0. 0.
 0.0030269126715265866 0.00996965
 0.0158439483447133 0.0300608
 0.034439279613130896 0.0504492
 0.05765628982923749 0.0711375
 0.08496203292612642 0.0921277
 0.116048016186087 0.11342
 0.15071777272067768 0.135015
 0.18883747533424014 0.156909
 0.23031531679026082 0.179099
 0.27508578287795427 0.20158
 0.323101643710544 0.224343
 0.37432936928788796 0.247379
 0.4287440531216295 0.270675
 0.4863271654342064 0.294217
 0.5470675069537619 0.317987
 0.6109415970153622 0.341964
 0.677952788399253 0.366125
 0.7480736555520793 0.390443
 0.8212943160315939 0.414888
 0.8976016756037457 0.439426
 0.976962438967154 0.46402
 1.0593548707448572 0.48863
 1.1447453456357386 0.513212
 1.233087842774541 0.537719
 1.3243462441361042 0.5621
 1.4184509362037026 0.5863
 1.515345612252698 0.610264
 1.6149548143356809 0.633931
 1.717201979538007 0.657239
 1.8219889303743035 0.680125
 1.929220605889857 0.702524
 2.038779928306263 0.724371
 2.150560646757273 0.7456
 2.264431908524766 0.766149
 2.380269171311995 0.785957
 2.497937012640673 0.804967
 2.6173022573896025 0.823125
 2.738225583343921 0.840384
 2.8605711849177506 0.856705
 2.9842103919429257 0.872054
 3.109021630063655 0.886406
 3.23488386620519 0.899745
 3.3616973449722294 0.912066
 3.4893605396470972 0.92337
 3.617802548120358 0.933672
 3.7469605429710864 0.942992
 3.8767870886543836 0.951362
 4.0072649342523015 0.95882
 4.138374708252287 0.965413
 4.270141339897214 0.971191
 4.402589618057993 0.976212
 4.535765645630757 0.980536
 4.669721647224271 0.984225
 4.804545289481221 0.987341
 4.940305194163326 0.989947
 5.0771051137041585 0.992102
 5.215036067848478 0.993865
 5.354196589136231 0.99529
 5.494688993692438 0.996425
 5.6366126693316785 0.997316
 5.780068907006983 0.998003
 5.925137367887297 0.998521
 6.071919246249491 0.998901
 6.2204832879903496 0.999169
 6.370905763007484 0.999346
 6.523262049499633 0.999451
 6.677614449924303 0.9995
 6.834025881603862 0.999503
 6.992544141831324 0.999472
 7.153219290067394 0.999414
 7.3161117381178595 0.999336
 7.48126742011073 0.999245
 7.6487319458846175 0.999143
 7.818546167721855 0.999037
 7.990758485853283 0.998927
 8.165404496028971 0.998818
 8.342533912898435 0.998712
 8.522205237828853 0.998609
 8.704456862437858 0.998512
 8.889281157361332 0.998419
 9.076775499932397 0.998333
 9.266936884430836 0.998253
 9.459771450252369 0.99818
 9.655446891969522 0.998114
 9.853886957641032 0.998056
 10.055259742817897 0.998006
 10.259396377376078 0.997963
 10.466552983834065 0.997928
 10.676638234448108 0.997899
 10.889736865623165 0.997876
 11.105944792880193 0.997861
 11.325258874174763 0.997853
 11.547687167534537 0.997853
 11.773327111390604 0.997863
 12.002170115565992 0.997881
 12.234403338590132 0.99791
 12.469947790369865 0.99795
 12.708890522343868 0.998001
 12.951312213527432 0.998062
 13.197203584919661 0.998131
 13.446630707097654 0.998205
 13.699582110150773 0.998282
 13.956135328077112 0.998361
 14.216353182201816 0.998439
 14.48024296082011 0.998517
 14.747888086131724 0.998595
 15.019198476171866 0.998672
 15.294423151925168 0.998748
 15.573569941808438 0.998824
 15.856647226936053 0.998901
 16.14368012066122 0.998982
 16.434928082846632 0.999068
 16.730211041583264 0.999157
 17.029705417489776 0.99925
 17.333453241772368 0.999342
 17.641419340719747 0.999429
 17.953676018117736 0.99951
 18.270322313018614 0.999587
 18.591375437857653 0.999662
 18.916927431055424 0.999736
 19.24698792811294 0.99981
 19.581826156821442 0.999886
 19.921247667913214 0.999961
 20.265552294850465 1.00004
 20.614422563376294 1.0001
 20.968319102026474 1.00017
 21.327034489642838 1.00023
 21.690838359627833 1.00029
 22.059537838570268 1.00034
 22.433406050000574 1.00039
 22.812412438749735 1.00043
 23.19655164902788 1.00046
 23.586220059916187 1.0005
 23.981101063467282 1.00053
 24.381560059088887 1.00056
 24.78739035367179 1.00058
 25.19887811077109 1.0006
 25.616106579267452 1.00062
 26.039028898511127 1.00063
 26.46755573959236 1.00063
 26.902147423519445 1.00063
 27.34277441698694 1.00064
 27.789553796205126 1.00065
 28.24248565330064 1.00066
 28.701449417175525 1.00065
 29.166639626326358 1.00064
 29.638453525284977 1.00064
 30.116597211862583 1.00063
 30.601452319375195 1.00063
 31.092798462730375 1.00062
 31.590794329616 1.0006
 32.095592626178096 1.00058
 32.60711327960688 1.00055
 33.12551444651292 1.00051
 33.65095608734978 1.00047
 34.183686993222274 1.00043
 34.72336703446197 1.00038
 35.27067241398153 1.00034
 35.825789982398305 1.00032
 36.38845547816891 1.0003
 36.95838225402154 1.00026
 37.536094118414624 1.00022
 38.12120945308084 1.00016
 38.713765552393646 1.00007
 39.31406426748172 0.999971
 39.922644855938294 0.999878
 40.54005907164996 0.999818
 41.166379423699865 0.999785
 41.80171338902028 0.999775
 42.44612709700225 0.999794
 43.09966084634524 0.999831
 43.76208751868868 0.999871
 44.433732246284336 0.999921
 45.114673416401935 0.999984
 45.80477914311583 1.00005
 46.503628351752866 1.00009
 47.211183063558785 1.0001
 47.92821350988201 1.00011
 48.65431639946537 1.0001
 49.38955285038741 1.00007
 50.133305074696736 0.999983
 50.886206895684786 0.999873
 51.64905347943703 0.999759
 52.42233665656596 0.99966
 53.20709335842107 0.999605
 54.003399744174416 0.999598
 54.81153558147321 0.999635
 55.63122079832961 0.999704
 56.46220830096947 0.999786
 57.30365878623369 0.999854
 58.15580071849168 0.999905
 59.01846025198509 0.999931
 59.89153883959056 0.999927
 60.77555828962342 0.999906
 61.669807723525174 0.999843
 62.575741232748705 0.999781
 63.49454134772515 0.999752
 64.42569175249002 0.999736
 65.36976874720054 0.999745
 66.32780324012477 0.999804
 67.29964806655305 0.999904
 68.28467701659454 1.00002
 69.28197346600314 1.00012
 70.29040388365388 1.00017
 71.31005998813794 1.00017
 72.34066977235686 1.00011
 73.38450648656594 1.00005
 74.43979090229894 0.99994
 75.5051419366066 0.999739
 76.58251504220163 0.999502
 77.67668127471617 0.999347
 78.78991067024658 0.999324
 79.92170700725035 0.999413
 81.06666873919663 0.999472
 82.22400692501687 0.999479
 83.39863573583975 0.999544
 84.59231316682668 0.999712
 85.8031394342732 0.999946
 87.02959214371961 1.00017
 88.26706996276931 1.00028
 89.5173985402804 1.00034
 90.78048587121462 1.00035
 92.06111985385783 1.00038
 93.35767812256512 1.00043
 94.66429176395043 1.00034
 95.988359762435 1.00027
 97.33249535819182 1.00029
 98.69721757917559 1.00039
 100.08169117695968 1.00055
 101.47184511577989 1.00049
 102.87267597818474 1.0003
 104.29506348289149 1.00021
 105.72789257514397 0.99999
 107.17406254910874 0.999684
 108.64448614856728 0.999527
 110.14076697786815 0.999512
 111.65032131977905 0.999408
 113.18715660045405 0.999466
 114.74243631102536 0.99954
 116.30599087559732 0.999426
 117.89217777279991 0.999375
 119.4921247275048 0.99925
 121.10843696843514 0.999097
 122.74460629431037 0.998947
 124.40430981605131 0.998859
 126.08439927209974 0.998807
 127.78694275575532 0.998783
 129.50678526019658 0.998732
 131.25894375909652 0.998871
 133.04468077984626 0.999199
 134.8432986527532 0.999414
 136.64712043373868 0.999408
 138.4884518847313 0.999632
 140.33903257764229 0.999698
 142.2104018570487 0.999751
 144.10882897658274 0.99989
 146.02049653627952 0.999911
 147.94403153456634 0.9998
 149.86712505941836 0.999398
 151.80615298603013 0.998943
 153.79099506816712 0.998793
 155.8035900693649 0.998726
 157.84118513414185 0.998704
 159.9078190311196 0.998755
 161.97880293565063 0.998582
 164.08086922019888 0.998519
 166.2157773229855 0.998573
 168.39318813441324 0.998864
 170.5620244780834 0.998775
 172.88995537921716 1.00025
 175.1844305843071 1.00105
 177.39665324131403 1.00063
 179.63656936104982 1.00027
 181.9124802498273 1.00005
 184.22385227813297 0.99995
 186.5635627618628 0.999907
 188.92933483079855 0.999886
 191.3210240323415 0.999876
 193.73735459887095 0.999872
 196.17805383762584 0.999871
 198.6446943350046 0.999872
 201.13635246217905 0.999874
 203.65209970487206 0.999876
 206.19380333028394 0.99988
 208.7603274480842 0.999883
 211.35271018883094 0.999887
 213.9700181041357 0.999891
 216.6138040155296 0.999894
 219.28179189486573 0.999898
 221.97636638427656 0.999902
 224.69669714342618 0.999906
 227.44267059511313 0.999909
 230.21534347420027 0.999913
 233.01282605632878 0.999916
 235.83772370078523 0.999919
 238.68766436468374 0.999923
 241.56490241539234 0.999926
 244.46789488596238 0.999929
 247.39747240281125 0.999932
 250.3528045737025 0.999935
 253.3355525406087 0.999938
 256.3440553982285 0.999941
 259.3799742935169 0.999944
 262.4415170883767 0.999946
 265.5306058461406 0.999949
 268.6454499550872 0.999952
 271.78757467130157 0.999954
 274.95641981265754 0.999957
 278.1517120880041 0.999959
 281.37372816931526 0.999962
 284.6230188996927 0.999964
 287.89820634738066 0.999967
 291.20066538386993 0.999969
 294.52887735443574 0.999971
 297.8846523377432 0.999974
 301.266863685954 0.999976
 304.6758110886062 0.999979
 308.11036112963427 0.999981
 311.57232558678146 0.999983
 315.0600434770971 0.999985
 318.5745047004278 0.999988
 322.1153925282316 0.99999
 325.6828645725753 0.999992
 329.27542447911753 0.999995
 332.8944059289109 0.999997
 336.5399718443706 0.999999
 340.21029112166156 1.
 343.90701937080223 1.
 347.6304019232559 1.00001
 351.3778117767953 1.00001
 355.1501379192544 1.00001
 358.94821089359743 1.00001
 362.7730139901881 1.00002
 366.6209387816579 1.00002
 370.4937799866275 1.00002
 374.39070705798014 1.00002
 378.314442063026 1.00003
 382.2603911434642 1.00003
 386.23042621071204 1.00003
 390.2245472647695 1.00003
 394.2447254553459 1.00004
 398.28537758298717 1.00004
 402.35011581786415 1.00004
 406.437279049133 1.00004
 410.5489199238925 1.00005
 414.6817843667077 1.00005
 418.8370739180349 1.00005
 423.0160729770543 1.00006
 427.2145726175478 1.00006
 431.435497478673 1.00006
 435.67936468276724 1.00007
 439.9418390411808 1.00007
 444.2250775965858 1.00007
 448.53049225977185 1.00008
 452.8544502593948 1.00008
 457.19979721473686 1.00009
 461.562813913048 1.00009
 465.94726337279724 1.0001
 470.3485085796859 1.0001
 474.7695695663427 1.00011
 479.2073824947482 1.00011
 483.665055738596 1.00012
 488.1369449878981 1.00012
 492.6295700211662 1.00013
 497.1355359317536 1.00013
 501.6606216564965 1.00014
 506.20153400926284 1.00015
 510.7557198371914 1.00015
 515.3266021110642 1.00016
 519.9133116267169 1.00017
 524.5141873933769 1.00018
 529.1283990047598 1.00019
 533.756777281692 1.0002
 538.3984918095804 1.00021
 543.0518815270552 1.00022
 547.71777724248 1.00023
 552.3961791423558 1.00024
 557.0854261279371 1.00025
 561.7883265512498 1.00027
 566.4992877131901 1.00028
 571.2222884428661 1.0003
 575.9553514941482 1.00032
 580.694743975942 1.00033
 585.4462474870169 1.00035
 590.2082719801332 1.00038
 594.9749415874514 1.0004
 599.7483520182941 1.00042
 604.5323555017733 1.00045
 609.3223172020714 1.00048
 614.1213063958446 1.00052
 618.9232092091519 1.00055
 623.7325263148504 1.00059
 628.5493296824046 1.00064
 633.3696958662406 1.00069
 638.1944559525239 1.00074
 643.0283736215239 1.00081
 647.8642888516722 1.00088
 652.7062931425789 1.00096
 657.5527966049102 1.00105
 662.4071792700911 1.00116
