 0. 0.
 0.005457864685287432 0.0148439
 0.028564597448096172 0.0447458
 0.06208047306111664 0.0750721
 0.10391255854104783 0.105819
 0.15309962543025674 0.136997
 0.20904555769010227 0.168546
 0.2714330840698079 0.20054
 0.339901404899666 0.232809
 0.4144043546386613 0.265533
 0.49456727491555436 0.29839
 0.5805459563251637 0.331688
 0.671841280518026 0.364931
 0.7687732593562518 0.398539
 0.8707594469329333 0.431946
 0.9781320601584874 0.465527
 1.0903411765228839 0.498802
 1.2075130662029392 0.531908
 1.3294749897280969 0.564744
 1.455635421728025 0.596844
 1.5867669451820883 0.628879
 1.7209576081721942 0.659392
 1.8596988726719716 0.689612
 2.0016622329792253 0.718593
 2.1466760935280695 0.746316
 2.2955486246756993 0.773403
 2.445659879630963 0.798189
 2.5987664105789583 0.821961
 2.7544178629438076 0.844507
 2.9104283033182368 0.864603
 3.068662408206647 0.883523
 3.2285558797622134 0.901024
 3.3879541079894193 0.916047
 3.5487970761106133 0.929795
 3.710753393402834 0.942196
 3.8722854706986714 0.952585
 4.0343138740282924 0.961561
 4.197148795190866 0.969369
 4.360645060191123 0.97603
 4.523903456217841 0.981239
 4.687995876570104 0.985556
 4.853062457349558 0.989098
 5.019156210795684 0.991941
 5.186266080784234 0.994125
 5.354478065904046 0.995728
 5.524273359300314 0.996959
 5.695789937533394 0.997884
 5.869155335751459 0.998563
 6.044512675838149 0.999047
 6.221971786306764 0.999383
 6.401639539219455 0.999597
 6.583696322435339 0.999746
 6.768219398681537 0.999847
 6.955237855255058 0.999905
 7.144894133070813 0.999946
 7.337203178123904 0.999972
 7.532229669255517 0.999985
 7.7300330552224565 0.999995
 7.930637410927711 0.999999
 8.134098173952708 0.999999
 8.34046762323883 0.999999
 8.54979485053732 0.999999
 8.762104401723796 0.999999
 8.977457641487316 0.999999
 9.195879115703496 0.999999
 9.417417916123584 0.999999
 9.64212313449882 0.999999
 9.867751346666697 0.999537
 10.098734597237616 0.99951
 10.332994732210006 0.999482
 10.570585627798511 0.999454
 10.811568490725225 0.999426
 11.055968923127159 0.999396
 11.303853036256985 0.999365
 11.555250613838314 0.999334
 11.810246922310744 0.999305
 12.068873147379636 0.999279
 12.331166974821441 0.999252
 12.597220041861014 0.999225
 12.867120509246817 0.999206
 13.140838633994226 0.99919
 13.418478092945087 0.999174
 13.700073070668155 0.999163
 13.985751593409283 0.999175
 14.275604649984409 0.999187
 14.569509635226911 0.999199
 14.867831019200496 0.999227
 15.170232088827941 0.999258
 15.477066961928697 0.99929
 15.788150426617575 0.999315
 16.103650410816044 0.999339
 16.423689290787326 0.999362
 16.74815781212145 0.999371
 17.07711757247347 0.999374
 17.41073187513491 0.999376
 17.749062393535358 0.999384
 18.092321407669115 0.999394
 18.440368876698273 0.999404
 18.793383978845565 0.99942
 19.15143521676547 0.999436
 19.51451294857584 0.999451
 19.88273943958531 0.999465
 20.256124379135414 0.999479
 20.634893799801215 0.999503
 21.019113182696024 0.999531
 21.408827893624792 0.999567
 21.80435100569258 0.999628
 22.205297449044185 0.999689
 22.612148947217378 0.99976
 23.024820079164382 0.999833
 23.443312708198054 0.999908
 23.86762873194391 0.999985
 24.298089689212556 1.00006
 24.734165097426068 1.00011
 25.17652508560462 1.00017
 25.62491527082046 1.00021
 26.079713706262854 1.00026
 26.541050410515794 1.00032
 27.00892061138898 1.00038
 27.48332489294139 1.00044
 27.964526351022805 1.00051
 28.452390685941364 1.00058
 28.947286899559913 1.00065
 29.448970177151008 1.00072
 29.95780955912495 1.00079
 30.473683008560712 1.00086
 30.996681990227493 1.00092
 31.526799343711566 1.00097
 32.06427327278154 1.00101
 32.60913627247681 1.00105
 33.16130311943265 1.00107
 33.72138557764363 1.0011
 34.28922111941282 1.00113
 34.865229816167094 1.00117
 35.44912091983532 1.00121
 36.04162327996761 1.00127
 36.64208360851343 1.00132
 37.25111116872803 1.00138
 37.86883861786974 1.00145
 38.49482232580653 1.0015
 39.129116762340736 1.00154
 39.77220426062558 1.00157
 40.423628156686824 1.00158
 41.08353246102487 1.00156
 41.75188721526189 1.00151
 42.42911908990267 1.00144
 43.11529920051445 1.00136
 43.8116596280893 1.00131
 44.51800874064328 1.00128
 45.23471600216916 1.00128
 45.961247900590536 1.00128
 46.697150474291384 1.00125
 47.44262706318272 1.0012
 48.19801801909205 1.00114
 48.96404576306812 1.00109
 49.74072102565727 1.00105
 50.52766606386274 1.00099
 51.32512343593118 1.00093
 52.13384376217793 1.00088
 52.95357382393936 1.00083
 53.78416685564769 1.00077
 54.62600506268478 1.00071
 55.47877852986976 1.00063
 56.34302329433322 1.00055
 57.219392203177804 1.00048
 58.108355277474665 1.00044
 59.009140454295945 1.00039
 59.92263179352546 1.00036
 60.84849341637366 1.00033
 61.788205616645506 1.00034
 62.74076139131422 1.00036
 63.705906820062225 1.00037
 64.68407368408867 1.00038
 65.67386641704861 1.00034
 66.67654297609539 1.00029
 67.69221002388934 1.00023
 68.72121928010715 1.00016
 69.76297894393075 1.00006
 70.81890808165022 0.999968
 71.89269906381735 0.999983
 72.983005114337 1.00006
 74.08675287843884 1.0001
 75.20427583883394 1.00012
 76.33679516436209 1.00014
 77.48159973934611 1.00009
 78.6390146662787 0.999972
 79.81302616646619 0.999892
 81.00532479368381 0.999878
 82.21590504574401 0.999927
 83.4461264382166 1.00006
 84.69149292987004 1.00017
 85.9474284075378 1.00014
 87.21727919223892 1.00005
 88.50680374080855 1.00003
 89.81683164249633 1.00009
 91.14536551485118 1.00018
 92.48993856674957 1.00024
 93.8544905393098 1.00035
 95.23829670625189 1.00049
 96.63683893037697 1.00056
 98.05609809135342 1.00068
 99.49580866587812 1.00084
 100.9497504143976 1.00091
 102.41899893927848 1.00091
 103.90663733080346 1.0009
 105.4113087474984 1.00085
 106.93316678764265 1.00076
 108.47561462323824 1.00069
 110.03442059623971 1.00056
 111.60422904164042 1.00027
 113.19766461311353 1.00005
 114.81910528848299 0.999967
 116.46278149825697 0.999912
 118.12575273820254 0.999832
 119.81137494219573 0.99978
 121.52628337428798 0.99986
 123.26452905160173 0.99996
 125.01598471280155 0.999923
 126.79128148152883 0.999934
 128.5998816010673 1.0001
 130.44018536953226 1.00039
 132.3017911432676 1.00066
 134.17325720143745 1.00074
 136.06466956750202 1.00075
 137.98509401425784 1.00086
 139.92189814490303 1.00085
 141.87827727631597 1.00077
 143.85710718619663 1.00068
 145.86395569765537 1.00064
 147.88493024041455 1.00046
 149.92334182477245 1.00019
 152.01280483072514 1.00026
 154.14237028722545 1.00053
 156.2764197708836 1.00052
 158.42795358794842 1.00039
 160.58850078984398 1.00007
 162.78462179756295 0.999864
 165.00744613045552 0.99966
 167.2432491530572 0.999294
 169.51882284880483 0.999103
 171.8414332897105 0.999136
 174.18893673493224 0.99913
 176.5703949577913 0.999203
 178.96791208259143 0.999152
 181.389392266947 0.999042
 183.85163747070095 0.999058
 186.32981215407426 0.998955
 188.83905628198514 0.998859
 191.37933404565015 0.998795
 193.99878659879454 0.999245
 196.64819847317108 0.999676
 199.29200460347016 0.999744
 201.9492812496927 0.999652
 204.65756061260822 0.999749
 207.4012582874089 0.999901
 210.17276136166845 1.00001
 212.93968325153216 0.999785
 215.7424095079917 0.999602
 218.58165714269506 0.999466
 221.45296838875674 0.999335
 224.3680421528818 0.999324
 227.2953702252722 0.999119
 230.2709243180755 0.999061
 233.27995015882814 0.999018
 236.33975180674693 0.999115
 239.42111117939592 0.999113
 242.55269996856572 0.999252
 245.72989265143784 0.999479
 248.91478172657625 0.999496
 252.1494679961251 0.999635
 255.4489275909206 0.999999
 258.73562033661335 0.999999
 262.057904601957 0.999999
 265.4145530931704 0.999999
 268.80679310403474 0.999999
 272.23585192833104 0.999999
 275.6992749784972 0.999999
 279.1982895483142 0.999999
 282.7341229315632 0.999999
 286.305547834463 0.999999
 289.9125642570138 0.999999
 293.5576267867776 0.999999
 297.23950812997333 0.999999
 300.95698099282 0.999999
 304.71249996287963 0.999999
 308.5048377463712 0.999999
 312.3352216370759 0.999999
 316.20242434121246 0.999999
 320.1089004463431 0.999999
 324.05096807112477 0.999999
 328.0323090969004 0.999999
 332.0516962298891 0.999999
 336.1091294700908 0.999999
 340.2058361112866 0.999999
 344.3393615659143 0.999999
 348.51338771531726 0.999999
 352.72423267815213 0.999999
 356.9755783357622 0.999999
 361.2649701005852 0.999999
 365.5936352664023 0.999999
 369.96034653943246 0.999999
 374.3675585072378 0.999999
 378.8128165822561 0.999999
 383.29857535204957 0.999999
 387.8223802290561 0.999999
 392.3866858008377 0.999999
 396.9890374798324 0.999999
 401.6318898536022 0.999999
 406.3140156283662 0.999999
 411.0354148041242 0.999999
 415.79608738087626 0.999999
 420.59726065240346 0.999999
 425.4364800311438 0.999999
 430.3162001046592 0.999999
 435.2339662853877 0.999999
 440.19223316089125 0.999999
 445.1897734373889 0.999999
 450.22658711488066 0.999999
 455.30144689958547 0.999999
 460.41680737906546 0.999999
 465.5702139657584 0.999999
 470.7628939534455 0.999999
 475.9948473421266 0.999999
 481.2660741318019 0.999999
 486.57411973490906 0.999999
 491.92143873901034 0.999999
 497.3080311441057 0.999999
 502.73144236263306 0.999999
 508.19412698215444 0.999999
 513.6936304151078 0.999999
 519.2311799552742 0.999999
 524.8055483088726 0.999999
 530.417962769684 0.999999
 536.0671960439273 0.999999
 541.7532481316026 0.999999
 547.4761190327098 0.999999
 553.234581453468 0.999999
 559.0298626876581 0.999999
 564.8607354414991 0.999999
 570.727199714991 0.999999
 576.6292555081337 0.999999
 582.5669028209273 0.999999
 588.5376870658098 0.999999
 594.5440628303431 0.999999
 600.5835755269652 0.999999
 606.6562251556761 0.999999
 612.7632390102567 0.999999
 618.9033897969263 0.999999
 625.0754502219033 0.999999
 631.2794202851882 0.999999
 637.5165272805618 0.999999
 643.7843166204619 0.999999
 650.0827883048888 0.999999
 656.4119423338423 0.999999
 662.7705514135413 0.999999
 669.1598428377671 0.999999
 675.5773620189572 0.999999
 682.0243362508929 0.999999
 688.4995382397932 0.999999
 695.002967985658 0.999999
 701.532170900925 0.999999
 708.0896015731566 0.999999
 714.6728054147906 0.999999
 721.280555132046 0.999999
 727.9153053124847 0.999999
 734.5733740747637 0.999999
 741.2559887126639 0.999999
 747.9619219324044 0.999999
 754.6911737339851 0.999999
 761.441289529844 0.999999
 768.2147239075431 0.999999
 775.0090222795203 0.999999
 781.8229573519945 0.999999
 788.657756418747 0.999999
 795.5121921859964 0.999999
 802.3838100661807 0.999999
 809.273837353081 0.999999
 816.1822740466972 0.999999
 823.1066655594674 0.999999
 830.0470118913913 0.999999
 837.0033130424692 0.999999
 843.9731144251388 0.999999
 850.9576433331811 0.999999
 857.9556724728151 0.999999
 864.9672018440408 0.999999
 871.9897768592962 0.999999
 879.0233975185811 0.999999
 886.0668365281147 0.999999
 893.1213211816777 0.999999
 900.1843968917082 0.999999
 907.2560636582061 0.999999
 914.3363214811716 0.999999
 921.4227157730422 0.999999
 928.5152465338183 0.999999
 935.6126864697186 0.999999
 942.7162628745242 0.999999
 949.8235211606731 0.999999
 956.9332340343841 0.999999
 964.0466287894383 0.999999
 971.1612508382735 0.999999
 978.2771001808898 0.999999
