 0. 0.
 0.0007854641103472568 0.06527307881268947
 0.002367715739831344 0.18134128764656915
 0.003972769125213251 0.285272849471857
 0.005600977181552174 0.3779860258580253
 0.007252641177801085 0.460350633364329
 0.00892810542133481 0.533285819223185
 0.010627714219528173 0.5977935695654139
 0.012351811879756001 0.6549227980204136
 0.014100764228604047 0.7057036272761568
 0.015874894054236206 0.7510890059975749
 0.017674588702449163 0.7919153521243141
 0.019500192480617736 0.8288894682138918
 0.02135209273453861 0.8625858212968981
 0.023230633771586604 0.8934642611806461
 0.025136375091245822 0.9218867684296271
 0.027069230616672543 0.9481388596463148
 0.029030276308413098 0.9724336673482484
 0.031019296974358235 0.9949442311079015
 0.03303693819083574 1.0158070459900124
 0.03508384553417341 1.0351370901769523
 0.03716001900437125 1.0530230864074352
 0.03926610417775706 1.069550211681068
 0.04140253143854937 1.084791034145475
 0.043569515978857436 1.0988238570576927
 0.045767918567118336 1.1117127941881713
 0.047997739203332064 1.123525485984589
 0.05025962346382641 1.134327559751925
 0.05255400173281992 1.1441813497420856
 0.054881519586640386 1.1531485492081615
 0.05724239221739708 1.161292678833991
 0.05963726520141779 1.1686678327243494
 0.062066353730811784 1.1753290253051976
 0.06453051857401612 1.1813344282149743
 0.06702997492314007 1.1867456166345722
 0.06956536835451145 1.1916239977127074
 0.07213712925234875 1.1960292067964584
 0.07474590319297982 1.2000156125860488
 0.07739212056062314 1.2036307312030936
 0.08007621173949728 1.206907976913212
 0.08279882230593003 1.2098725983908158
 0.08556059783624917 1.212553084208695
 0.08836196871467324 1.214966254034208
 0.09120358051753005 1.2171286103919303
 0.09408586362903812 1.2190600990956046
 0.09700946362552525 1.2207748254377446
 0.09997502608331925 1.2222922636122038
 0.10298298138663864 1.2236298350491868
 0.10603419030392047 1.2248177669838176
 0.10912886802727405 1.225876852853441
 0.11226809051724564 1.2268222210224056
 0.11545228815805385 1.227646741898793
 0.11868210652602641 1.2283451177586437
 0.12195797600538191 1.2289064865935513
 0.12528097255666665 1.2293347271863508
 0.12865131137198987 1.229631823728506
 0.13207006841189795 1.2297997161126912
 0.13553767406060938 1.2298439916032906
 0.139054773894452 1.2297609737507853
 0.14262222868186283 1.2295432558727548
 0.14624068399916973 1.2291815375628323
 0.1499110006148097 1.2286609192881448
 0.15363360891300126 1.2279793513669772
 0.15740958485429082 1.227147658662686
 0.16123935882289686 1.2261858889680528
 0.16512379158725643 1.2251215145936585
 0.1690637439158066 1.2239653897443072
 0.17305986138487522 1.222722820741021
 0.1771132199550086 1.221406546482601
 0.1812242500104252 1.2200181880453473
 0.18539381231956215 1.2185537753060334
 0.18962298284296578 1.217009305257346
 0.19391240715696387 1.215369538794125
 0.19826316122210277 1.2135780057889938
 0.20267567542260098 1.2115872195137487
 0.20715124091111412 1.2093699321400886
 0.2116902880718607 1.2069098567487284
 0.21629389286538706 1.2041960850479159
 0.22096356163645808 1.201236341212447
 0.22569993996140156 1.1980401647751286
 0.23050302784021745 1.194620851476959
 0.23537497719399844 1.191014578486216
 0.24031578802274456 1.187250217878193
 0.24532546032645577 1.1833531028251056
 0.2504082979473174 1.1793257648629802
 0.2555621489642368 1.1751552814332222
 0.26079131721939924 1.170805242962782
 0.26609149887061945 1.1662600228990203
 0.27146914968117547 1.1615388159918227
 0.2769221177299745 1.15666496688771
 0.28245255493810933 1.1516365375939623
 0.28806261322667254 1.1464653467974213
 0.2937522925956641 1.1411454773700522
 0.29952159304508413 1.1356488689376503
 0.3053726664960252 1.1299448324020667
 0.3113055129484873 1.1240241545620595
 0.3173244362446558 1.1179097769347226
 0.323427284463438 1.1116229950931793
 0.3296162095259266 1.1051690784318917
 0.3358933633532142 1.0985450812199014
 0.34225874594530087 1.0917499857805144
 0.3487145092232792 1.0848056742227465
 0.3552606531871493 1.0777345241573695
 0.3618993297580037 1.0705170675950628
 0.3686326908569352 1.0631033752226824
 0.37546073648394357 1.055439871997419
 0.3823856185601217 1.0475145775821242
 0.38940518516437683 1.0393433324701633
 0.396525892059987 1.0309444962250631
 0.4037477392469521 1.0223080209632325
 0.4110707267252723 1.0134233537254962
 0.41849485449494733 1.0042884256572664
 0.42602657831925544 0.9949054649294541
 0.4336615943560112 0.9852765961445732
 0.44140420644739986 0.9753898846304444
 0.44925656651451423 0.9652773650108859
 0.4572186745573542 0.9549579977070057
 0.46529268249701256 0.9444274046037258
 0.47348074225458175 0.9337075976525823
 0.48178285383006186 0.9227870655066995
 0.4902011691445457 0.9116361968455458
 0.4987356881980331 0.9002237505683485
 0.5073928667538021 0.8885549678069616
 0.5161684009696673 0.8766739609288318
 0.5250687466089069 0.8645536113466498
 0.5340917517504279 0.85220234289959
 0.5432417202364159 0.83966130484445
 0.5525186520668708 0.8269657604816792
 0.5619268510839779 0.8140945472173072
 0.5714641653666447 0.8010108734891648
 0.5811348987570563 0.7878020751829793
 0.5909412031763054 0.7745554886700924
 0.600883078624392 0.7611916502787579
 0.6109648289435016 0.7475677152042972
 0.6211843022125414 0.7336537318187092
 0.6315479541947893 0.7195274727598366
 0.6420536329691527 0.7052276566028848
 0.652705642377817 0.6907566425868169
 0.6635061343418749 0.6762041011348765
 0.6744572607824187 0.6616493536740176
 0.6855568697783563 0.6470719154682903
 0.6968135690140579 0.6324289635426381
 0.7082230546473384 0.617697106983807
 0.7197917824414756 0.6028434845546489
 0.7315197523964695 0.5878507614097794
 0.7434112683545057 0.572738119953717
 0.7554641783944913 0.5575405719134792
 0.7676849382797044 0.5422124839894272
 0.7800735480101448 0.5267782088880913
 0.7926321595069054 0.5112907000040768
 0.8053629246910787 0.49579256174842234
 0.81827014740485 0.48037770540533026
 0.8313538276482195 0.4651670933292188
 0.8446161173422797 0.45022426446922503
 0.858061320329216 0.4356215718306904
 0.8716894366090284 0.4214762063533653
 0.8855069219449948 0.40766438018422174
 0.8995094724949299 0.3939499928288514
 0.9137056959432042 0.38026185399781354
 0.928095592289818 0.3666975785583437
 0.9426813134558638 0.3533465665401715
 0.9574650113624342 0.3402619304880509
 0.9724509898517146 0.327397304848637
 0.987639248923705 0.3146888371385144
 1.0030362443416836 0.30209014817339597
 1.0186398241845571 0.28964376520724866
 1.0344564442156041 0.2773693742314811
 1.0504861044348244 0.2653421568857536
 1.0667331086844034 0.2535919153932094
 1.083201760806526 0.24218988784264395
 1.0998899088801002 0.2313592758908493
 1.1168040086684035 0.22132964441829758
 1.1339462120925288 0.21208775764137844
 1.1513208229946612 0.2033398979527113
 1.1689278413748008 0.19482159578262978
 1.1867694191540403 0.18636986520536578
 1.2048520120956578 0.1779567111206931
 1.2231777721207457 0.16960807486237006
 1.2417488511503967 0.16142338661261352
 1.2605674011057035 0.15357092577157994
 1.2796355739077592 0.14623015190750177
 1.2989619772409335 0.13946935169476346
 1.318542307263042 0.13333591884767573
 1.3383851716584547 0.12795116127313882
 1.3584905704271721 0.12335133173285909
 1.3788649593324718 0.11935283281093165
 1.3995061864532614 0.11582585629154918
 1.4204228594739112 0.11289042729904891
 1.4416149783944214 0.11075867908767033
 1.4630889989780704 0.1094122701508621
 1.4848427693037647 0.10862122916347453
 1.5068848970558757 0.10822490309732588
 1.5292175341554952 0.10821945240804495
 1.551842832523717 0.1085988775902189
 1.574765096002725 0.10912386478906445
 1.5979864765136134 0.10929089629824928
 1.6215112778985665 0.10869117866524092
 1.6453438039997699 0.10745341583079852
 1.6694862067383165 0.10624864355120309
 1.6939427899563912 0.10586165228888188
 1.7187178574961794 0.1066927243722265
 1.743813561278774 0.1087420986373031
 1.76923420514636 0.11187375037102487
 1.7949840929411234 0.1156270639576233
 1.8210653765841556 0.11909631444731435
 1.8474823599176433 0.12143648123701593
 1.8742393467837708 0.12223757887034904
 1.9013406410247242 0.12153322032344745
 1.9287883945615953 0.1197236944921478
 1.9565890631576628 0.11715065177317655
 1.9847426468129266 0.11417695918167008
 2.0132556012906644 0.11148878361393567
 2.0421322304330616 0.10972204456606312
 2.0713746861612106 0.1091558781764086
 2.1009872723172975 0.10958776467448525
 2.1309742927435074 0.11034350791890597
 2.1613465070453026 0.1107207770444709
 2.192097459459406 0.11056390902347601
 2.223214238459262 0.1100583674692943
 2.2547398824667226 0.10924355509661933
 2.2866743914817893 0.10831375255119087
 2.3189962462935343 0.10780923398506784
 2.351705446901958 0.10758867256674264
 2.3848450317289136 0.10705573343084995
 2.418371962352548 0.10623027787427497
 2.452329277194714 0.1052413172298412
 2.486716976255412 0.10430781254139557
 2.5215135403237157 0.103733530079531
 2.5567404886105507 0.10348301958248186
 2.592397821115918 0.10336697509888966
 2.628485537839817 0.10288098166317985
 2.6650251579931745 0.10160839604403885
 2.701995162365064 0.10054489337023159
 2.739417070166412 0.10078154681299258
 2.777312400608145 0.10165215100729894
 2.8156381152684093 0.10223035823887015
 2.8544372525690593 0.1019327618718907
 2.8937098125100946 0.10074417002685161
 2.9334557950915148 0.09980565592942836
 2.9736536811023933 0.09984611083453855
 3.014346508964584 0.10087605273847049
 3.0555342786780857 0.10274747698114135
 3.0971954710319727 0.10489149654889791
 3.1393300860262445 0.10680897901988712
 3.181981162082755 0.10981939294989937
 3.2251486992015037 0.11250470449494399
 3.2687896589606376 0.11237193267824228
 3.3129685989929363 0.11167097023372821
 3.3576424808765464 0.11235174085589109
 3.402832823822395 0.11263329124662522
 3.4485611470414086 0.11116127901915576
 3.49480593132266 0.11004001909926434
 3.54156717666615 0.11060842882992103
 3.5888879214937317 0.11088356160522453
 3.636725127383551 0.10975946466911855
 3.685121832757462 0.10798376197627231
 3.7340565184045382 0.10465980095996967
 3.7835507035357057 0.1023374939083144
 3.8336043881509645 0.10233705051360628
 3.8842175722503147 0.10088459890727842
 3.9353687366228303 0.09897176940953183
 3.98712243890129 0.09802508139117026
 4.039435640663841 0.09691571335648412
 4.092308341910484 0.09454958201316435
 4.145783581063071 0.09074080429781804
 4.199839838910677 0.08636714189126049
 4.254477115453301 0.08329224194999862
 4.309716929901869 0.0821336116884302
 4.365537763045455 0.07946837753776508
 4.421961134094986 0.07537425062746848
 4.479008562261388 0.07313524293419647
 4.536637009122808 0.07340927289121466
 4.5948895131011 0.07398587857876347
 4.653744554985336 0.07289816197870741
 4.713223653986443 0.07135685373993443
 4.773348329315348 0.07005181779916118
 4.834075542550198 0.06901092927359198
 4.895426812901919 0.06909635351079972
 4.957423659581438 0.06991598325630947
 5.0200445633778275 0.0693758721033774
 5.083289524291089 0.06674691608498157
 5.147201580743075 0.06122451139224931
 5.211759213522859 0.055529305322618176
 5.276940903419513 0.04937189183995545
 5.342789688854893 0.039185734353050734
 5.409284050618069 0.028509464541222915
 5.476445507919972 0.021365618944196665
 5.54425254154967 0.018398168785711794
 5.612748189929021 0.01724269241212293
 5.681867895425244 0.016185794153387403
 5.751676215671115 0.015294265044836258
 5.822151631455713 0.013871691127603818
 5.893294142779034 0.011763362337116001
 5.965125268852007 0.009762896448752351
 6.037601971252777 0.00802264649356287
 6.110788807614126 0.006647955174319992
 6.1846212203032715 0.005625085993027471
 6.259163766952995 0.004842069086379263
 6.334373409141443 0.0042145198232989844
 6.410271666079542 0.003694031107062016
 6.486837018556365 0.003252245398455373
 6.5641125049937665 0.002871341542655805
 6.642055086969892 0.002539352331673779
 6.7207078029065945 0.002247848473366916
 6.800027614382022 0.0019905883970532325
 6.8800575598180265 0.001762764777259893
 6.9607546007927565 0.0015605699086347017
 7.042161775728063 0.0013808808741600461
 7.124257565413022 0.0012210870108004452
 7.207041969847631 0.0010789548189091593
 7.290514989031892 0.0009525530344841838
 7.374698142176729 0.0008401880355309972
 7.4595483908602915 0.0007403645883540634
 7.545108773504431 0.0006517456858106732
 7.631336251687296 0.0005731471766598524
 7.718273863830738 0.0005035010039035345
 7.8059000907238305 0.0004418507930370253
 7.894214932366574 0.00038733661580233697
 7.983196869548043 0.0003391853820019436
 8.072888940690088 0.00029670150679439016
 8.16324810737086 0.00025926153037699866
 8.25429588880128 0.00022630378310313463
 8.346032284981353 0.00019732478042957895
 8.438457295911077 0.0001718741924664233
 8.531527883168598 0.00014954813685284584
 8.62528708517577 0.0001299854818027146
 8.719734901932593 0.00011286389577499805
 8.814828295017216 0.0000978960788713897
 8.910610302851488 0.00008482557112644508
 9.007037887013558 0.00007342503328204094
 9.104132566714354 0.00006349244738801705
 9.201872822742946 0.000054848159298244606
 9.300280174310261 0.0000473334722416449
 9.399333102205377 0.00004080793432359036
 9.49903160642829 0.00003514750651697636
 9.599375686979 0.000030242867341525136
 9.700343824646582 0.000025997550165312178
 9.801957538641961 0.00002232687882177248
 9.904195309754211 0.000019156366723002027
 10.007057137983335 0.000016420740833593302
 10.110543023329326 0.000014062749265944287
 10.21465296579219 0.000012032367110312187
 10.319343926950074 0.000010285804443146716
 10.424658945224827 0.000008784914073899684
 10.5305549821946 0.000007496407098562255
 10.637032037859388 0.000006391306361735112
 10.744111631430123 0.000005444419087651051
 10.851772243695876 0.000004633873518994651
 10.959992355445719 0.000003940686120563661
 11.068771966679655 0.0000033484186779583524
 11.17813259660861 0.000002842849603206665
 11.288031206810727 0.000002411666342995529
 11.398467797286012 0.000002044265365227055
 11.509442368034458 0.0000017314831455793803
 11.620933399845145 0.0000014654322383812942
 11.732962411928996 0.0000012393264941218399
 11.845486365864158 0.0000010473282953900188
 11.95852678086156 8.84429392918351E-7
 12.072062137710272 7.463345303114173E-7
 12.186092436410297 6.293592894506617E-7
 12.30057463853978 5.303524532203018E-7
 12.415551782520575 4.466198786136255E-7
 12.530980829930826 3.758582193318052E-7
 12.646840261559612 3.1610379039610105E-7
 12.763173115828783 2.656813922095413E-7
 12.87991483510556 2.2316409817244774E-7
 12.997086938600864 1.873385567054642E-7
 13.114667907103778 1.5717186959563735E-7
 13.232657740614295 1.3178752728407833E-7
 13.351013400710565 1.1044174652101224E-7
 13.46977792581444 9.250339747374569E-8
 13.588908277504068 7.743797196461946E-8
 13.70838293656852 6.479352773399141E-8
 13.828223422218727 5.4187177333919526E-8
 13.948408215243756 4.52956817309997E-8
 14.068894277221759 3.7846051096650496E-8
 14.18970312736366 3.160801042254188E-8
 14.310834765669462 2.638725429522616E-8
 14.432246153717308 2.2020329851338608E-8
 14.5539372915072 1.83694507181505E-8
 14.675908179039139 1.531882568441767E-8
 14.798115777891269 1.2771084852609237E-8
 14.920581607274519 1.064444890325777E-8
 15.04328414797796 8.870293091321425E-9
 15.166223400001593 7.391040374031262E-9
 15.289356324923569 6.158482995184969E-9
 15.412682922743882 5.132208661872515E-9
 15.53618167425161 4.278440541984383E-9
 15.659874098657674 3.5689616950628122E-9
 15.783717157540226 2.980222127922553E-9
 15.907710850899264 2.4925963804349418E-9
 16.031855178734787 2.0897920105124493E-9
 16.156107102624944 1.7582994464925543E-9
 16.280466622569733 1.4869720360222597E-9
 16.40491221935823 1.2666732953823957E-9
 16.529465412201358 1.0899717428123024E-9
 16.654083162677267 9.50908172729675E-10
 16.77874395157503 8.448064190078326E-10
 16.903469298105573 7.681138611865178E-10
 17.02821616384704 7.182966849870977E-10
 17.152984548799434 6.937750722769508E-10
