 0.0013596440215261072 2.521539321632181
 0.004098532966594372 2.518449227883441
 0.0068768919150381715 2.517723695070606
 0.009695331765361997 2.519376653968174
 0.012554374016289196 2.5232966079440136
 0.015454614666360734 2.5292717219783243
 0.01839664971411758 2.537039581357528
 0.021381075158100695 2.546325028319909
 0.024408524246759863 2.556900697807958
 0.02747955572872724 2.568505795240628
 0.030594840102361413 2.580963981354978
 0.03375497336620334 2.5940897892923758
 0.03696062601861162 2.6077468059979103
 0.040212394058127224 2.6217782284244087
 0.04351124598237921 2.6360758255729575
 0.046857032791732346 2.6505335953912113
 0.05025161698162714 2.6650590282919255
 0.05369462605297551 2.6795727848146873
 0.057187177503041746 2.693986116087704
 0.060730388829090175 2.7082785081405776
 0.0643242600311208 2.7223748566406
 0.06796990860639791 2.736245354584169
 0.07166807955309774 2.7498389622277943
 0.0754191453703084 2.7631164095285166
 0.07922459605438228 2.776039078106016
 0.08308443160531939 2.7885689393150948
 0.08699976952038405 2.8006471020414208
 0.09097135479775247 2.8122048369122847
 0.09500030493468894 2.823163667219911
 0.0990869924302816 2.8334671218826215
 0.10323253478179474 2.843038051143287
 0.10743730448831648 2.8518523243427025
 0.1117027915461992 2.859885520294887
 0.11602936845453105 2.8671337583214225
 0.12041815271057632 2.8735821332120164
 0.12486988931251122 2.8792568232279674
 0.12938569575760006 2.884183163698216
 0.13396631704401907 2.8883857220889175
 0.13861249816994442 2.8918676538744656
 0.14332535663264048 2.894683292926669
 0.1481060099293715 2.896886276116291
 0.15295520305831373 2.8985813288847226
 0.15787405351673145 2.8998622963613316
 0.1628633063028009 2.9008433000452905
 0.16792407891378638 2.9016072204865866
 0.17305748884695224 2.9022367874945365
 0.17826428110047463 2.9027217705793054
 0.18354594567070598 2.9030622422030925
 0.18890285505673443 2.9032066726472485
 0.19433687175400044 2.903103508777491
 0.1998487407606803 2.9026908166332253
 0.20543957957403824 2.901896219022386
 0.21111013319225055 2.9006264751636426
 0.21686226411075768 2.898860297429477
 0.22269634482864775 2.8965554184554203
 0.2286142378413613 2.893710550993634
 0.23461668814707454 2.8903448248511205
 0.2407048132430518 2.886487546040512
 0.24688010312564546 2.8821886986031147
 0.25314367529211984 2.8775191624502514
 0.2594970197388274 2.8725709673514106
 0.26594088146394423 2.8674262313271197
 0.27247712296291104 2.8620838945017466
 0.27910648923390385 2.8564589691642106
 0.2858304702732752 2.8504657270379727
 0.29265055607737744 2.84400706282176
 0.29956786414347497 2.837016457257179
 0.3065842569670082 2.829458212572502
 0.3137004795461534 2.8213383822860556
 0.320918021877263 2.8127479360995418
 0.32823874645577744 2.8037145951643114
 0.33566377077896115 2.794276937822533
 0.34319495734225464 2.784366314532682
 0.350833051143834 2.7739128744524937
 0.35858028717822793 2.762877936041626
 0.36643741044361267 2.751265388304817
 0.3744062834354287 2.7390897534754175
 0.3824895136472927 2.7263325019983915
 0.3906882185764692 2.712930230902878
 0.3990023982229579 2.69881784412401
 0.40743577757764005 2.6839171866215765
 0.4159883566405156 2.6681813776353502
 0.4246601354115845 2.651584253530638
 0.4334585638726088 2.634189122761779
 0.4423799170327076 2.616083104176776
 0.45143164487364296 2.5973666424760165
 0.4606062974136527 2.578038059665338
 0.46991504962538005 2.5580366479579455
 0.4793541765179439 2.5372638688332567
 0.48892740308222526 2.51573632976184
 0.4986384543091053 2.4935185613276785
 0.5084873301985839 2.4706889212595775
 0.5184740307506611 2.4473294142569344
 0.528602280956218 2.423493925150646
 0.5388720808152545 2.399170764186669
 0.5492908803095327 2.3743348528021246
 0.5598549544481716 2.3489622767649907
 0.5705680282220523 2.323063815168301
 0.5814338266220557 2.296707745711441
 0.5924523496481819 2.270072080213098
 0.6036273222913119 2.243356472351527
 0.6149587445514458 2.2166093764551102
 0.6264503414194645 2.1896928654898997
 0.6381058378862492 2.16240948764052
 0.6499252339517997 2.1346525778280134
 0.6619122546069972 2.1063692915072956
 0.6740631748609606 2.0775294810624434
 0.686389169686333 2.0481491195342887
 0.6988902390831144 2.01824169911789
 0.711566383051305 1.9878391775592041
 0.7244176015909045 1.957001123137848
 0.7374550696745562 1.9257563804608433
 0.7506713373204981 1.8941085419853592
 0.7640738545104919 1.8619855830040188
 0.7776663462354191 1.8293608376561783
 0.7914488124952794 1.796221970708592
 0.8054249782809542 1.7624397242433916
 0.819598568583324 1.7279434321422429
 0.8339695834023892 1.6927212876284012
 0.8485417477290309 1.656685416723209
 0.8633150615632488 1.619655772345448
 0.8783006998776862 1.5814886973226918
 0.893491212690581 1.542208496729655
 0.9088977749745762 1.5018754025635106
 0.9245166617387909 1.4604431972402712
 0.9403553229649873 1.41791058274056
 0.956413758653165 1.3745719960300067
 0.9726994187850865 1.3307718474312158
 0.9892085783698706 1.2865002424456713
 1.0059486873892793 1.2416753979105022
 1.0229234708341939 1.1964203821659063
 1.0401329287046142 1.150962908436863
 1.0575845109823023 1.1055624823958112
 1.075274492676377 1.0604523985804901
 1.093214048759482 1.0156919849142922
 1.1113994542407355 0.9713141655004739
 1.1298381591019 0.9273318818620458
 1.1485338883338567 0.8837465762447132
 1.167490366927486 0.8406520647388489
 1.186703869891908 0.7981953947192593
 1.2061892971906456 0.7565029713734094
 1.2259391988419375 0.7156790736685451
 1.2459647498184263 0.6758810993968111
 1.2662659501201126 0.6374046580588628
 1.286850249728758 0.6005721542516705
 1.3077139236534818 0.5655093916436993
 1.3288681468669272 0.5323123398866623
 1.3503129193690937 0.5010918202453156
 1.3720519661508623 0.4718269571267475
 1.394089012203115 0.44446335701192
 1.416431507507613 0.419037559665453
 1.4390794520643564 0.39550528534498414
 1.4620365708642264 0.37368410688789355
 1.4853103138889854 0.35349015792466854
 1.508900681138633 0.3349468216453914
 1.5328188475858124 0.31801039130660924
 1.5570573632487612 0.30253003667221395
 1.5816311280910043 0.28831133878255205
 1.6065401421125411 0.27520272976254007
 1.6317881303042527 0.2631106116407285
 1.6573788176570206 0.25198996668201146
 1.6833196541526065 0.24181765286875645
 1.7096106397910105 0.23252171518365738
 1.7362629495448756 0.22394373289239192
 1.7632728584233208 0.21588747661318436
 1.7906515413989894 0.20820857690893302
 1.8183989984718814 0.20085548494155034
 1.8465226796237588 0.19383221333372377
 1.8750300348363833 0.1871610110824459
 1.9039173391188744 0.18087487624495197
 1.9331957674438751 0.17504627734789052
 1.9628690448022665 0.16979451786781874
 1.9929446211758104 0.16523463637416497
 2.023422496564507 0.16140876178158325
 2.0543063959592374 0.15825507567742483
 2.0856074943326446 0.1556522760218729
 2.1173295166756096 0.1535107642908517
 2.1494761879790136 0.15178890308759926
 2.1820512332337376 0.15041888616116691
 2.215058377430663 0.14927703037819465
 2.248512520533313 0.14819570854804204
 2.282406212559927 0.14698015572547724
 2.3167543534740274 0.14547021112536354
 2.3515569432756154 0.14362051994990246
 2.3868251569373333 0.14152106459536934
 2.4225552694683015 0.1393145532513879
 2.458762180832043 0.13712604896966318
 2.4954458910285573 0.13513983431037985
 2.5326175750304896 0.13362138730381815
 2.5702735078469563 0.1326965175054676
 2.6084285894414836 0.13226313615085536
 2.647086544804951 0.13217479384812308
 2.686251098928241 0.13222486173310158
 2.7259297017931146 0.13195753783719827
 2.766126078390453 0.1309498127556796
 2.806847678702019 0.12944144709036304
 2.848101952709574 0.12821838235576413
 2.889892625404 0.12767320056105652
 2.9322271467670573 0.1276046836907867
 2.975112966780509 0.12811930343789
 3.018553810435237 0.12948771468133125
 3.0625571277130015 0.1315205828671801
 3.1071303685955667 0.13361443874287035
 3.1522772580738114 0.13507310936849826
 3.1980052461295 0.13550855491528976
 3.2443217827443926 0.13502609393822695
 3.291234317900253 0.1340311616988419
 3.3387465765879605 0.1332775604756105
 3.3868697337801597 0.13346955738432167
 3.4356037894768496 0.13443233525820728
 3.484959918650674 0.13531436039796563
 3.5349455712833944 0.13539999071325004
 3.5855644723658924 0.1342205186526214
 3.63682407187993 0.13227083499136394
 3.6887318198072694 0.13015835727420152
 3.7413063411023146 0.1281183683662854
 3.794536460792424 0.12594909725580744
 3.848399828932311 0.12382237533578726
 3.9029709453395958 0.12254641849003087
 3.958249810014279 0.1220694032372154
 4.01419917304755 0.1211725335497129
 4.07081903443941 0.11905432026742852
 4.128183894007477 0.11626961603463044
 4.186219251934132 0.11407482810933292
 4.244999608036996 0.11344956398850976
 4.304524962316068 0.11476847034972762
 4.3647580648625395 0.11771575731030712
 4.425736165585219 0.12159051660654296
 4.487459264484108 0.12586750712791378
 4.549927361559204 0.13038435415580057
 4.61317770671932 0.13562144899744533
 4.677173050055645 0.1416458711308564
 4.741950641476988 0.14853786983119377
 4.807547730892162 0.15671616707497668
 4.873889818483543 0.16480267812750488
 4.941051404068755 0.17136925826453622
 5.009032487647796 0.17632569235527135
 5.077833069220667 0.17985498097067143
 5.147415898878557 0.18123268155980635
 5.2178554764390865 0.17877466279303542
 5.289151801902256 0.1699664112027129
 5.361267625359255 0.15604469591194087
 5.434202946810084 0.14339324424548072
 5.508032266072362 0.13653725470390377
 5.582755583146093 0.1353338366502296
 5.658298398213652 0.13697176280263376
 5.734772461001471 0.13795091535290036
 5.812103271691932 0.13782906466572958
 5.890328080193841 0.13682824749162037
 5.969484136416013 0.1338166957799368
 6.049534190449633 0.12795930687441517
 6.130478242294706 0.12270810315224918
 6.21239079176885 0.11955313780051913
 6.295197339054443 0.1157566500432261
 6.378972383969108 0.11041149101697913
 6.463678676604033 0.10631517922266148
 6.54935346686803 0.10639740680498123
 6.6359967547610985 0.10876708228948677
 6.723608540283237 0.10976290542946184
 6.812151573525639 0.10644693795476541
 6.9017376042147305 0.09866535053747133
 6.992292132532894 0.09182311359867239
 7.083815158480129 0.08866698277015994
 7.176381181874056 0.08763787024583365
 7.269952952805865 0.08670540533235634
 7.364530471275556 0.0860023820863609
 7.4601509871919385 0.08574743564789904
 7.556777250646203 0.08374788183952629
 7.654446511547159 0.08083999982787338
 7.753196019803618 0.07790700714766895
 7.85295127559796 0.07434237351270888
 7.953786778747802 0.07100146472037062
 8.055665279344337 0.06907497274274949
 8.158624027296376 0.06707577521593432
 8.262700272512726 0.06399280622035564
 8.36781951517577 0.061644667693010365
 8.474019005194316 0.059703297929235455
 8.581335992477175 0.05732480972808424
 8.689733227115536 0.0546875148132068
 8.7992107091094 0.04975294391690312
 8.909842938276388 0.041556528669386646
 9.021592664707688 0.03263177680323335
 9.13442263849449 0.025475832597033638
 9.248407359454417 0.02027526309463365
 9.363509577678656 0.015988110147953594
 9.47976654307602 0.012765959397250662
 9.597141005737694 0.010575025790834094
 9.715707465481303 0.008805313552097037
 9.835354172580418 0.007321858332664648
 9.956192876761463 0.006123279696687522
 10.078186328115633 0.005163024444953122
 10.201334526642926 0.004386846060274439
 10.325674722252153 0.003751239985788655
 10.451132415125691 0.003224194499521027
 10.577819354989977 0.0027823971764261426
 10.705623792118573 0.002408720368812638
 10.834657476237915 0.002090310489285275
 10.964845907530378 0.0018173667736938728
 11.096226335904777 0.001582263067759974
 11.2287615114523 0.0013789684518205109
 11.362525933990568 0.0012026399529438576
 11.497445103701958 0.0010493256995414014
 11.63359352040409 0.0009157750424432561
 11.77089668427935 0.0007992753044237915
 11.90942909514535 0.0006975423036716949
 12.049116253184478 0.0006086381952389343
 12.190032658214346 0.0005309089513656126
 12.33214106032615 0.0004629318941904063
 12.475441459519887 0.00040347838965113376
 12.619933855795558 0.0003514832149310314
 12.765655499061975 0.00030601843759379716
 12.912531889501514 0.0002662765478813853
 13.060637526931796 0.00023155029595692877
 13.209897911535204 0.00020121988366021454
 13.360387543129356 0.00017474282863806382
 13.51206917180544 0.00015164282045291224
 13.664942797563459 0.0001315012251106068
 13.818971170494601 0.00011395057542926732
 13.974228790416488 0.00009866838601147494
 14.130641157511498 0.00008537042969592658
 14.288245521688442 0.00007380774038518771
 14.44704188294732 0.00006376141880100574
 14.60703024128813 0.0000550392944033793
 14.768136096893256 0.00004747278167691108
 14.930433949580316 0.000040913951395259625
 15.093923799349307 0.00003523317397018067
 15.258531146382612 0.000030316889354111893
 15.42433049049785 0.00002606575068865951
 15.591247331877403 0.000022392728235796286
 15.75931892043008 0.00001922188472593477
 15.928508006247068 0.000016486827065728744
 16.09885183923718 0.000014129634699017164
 16.270313169491605 0.000012099790653596778
 16.442891997010346 0.00001035332339979332
 16.616588321793394 0.000008851891081032789
 16.79136489393195 0.000007562246013542435
 16.967258963334817 0.000006455407787179589
 17.144233280093186 0.000005506263383225603
 17.322287844207057 0.0000046930207628910765
 17.50142265567643 0.00000399680742152418
 17.681637714501306 0.0000034012607171705463
 17.862858520864066 0.0000028922508246703857
 18.04515957458233 0.0000024575621236264147
 18.228466375838472 0.000002086640720174575
 18.412778924632498 0.0000017703883665750727
 18.598134470873212 0.0000015009637864726813
 18.784495764651812 0.0000012716148603556824
 18.971825556059482 0.0000010765361078734479
 19.160123845096223 9.107377594226333E-7
 19.349427881670845 7.69931149869002E-7
 19.53966316596573 6.504428538511674E-7
 19.730829697980877 5.491225013725556E-7
 19.92292747771628 4.632714262806048E-7
 20.115919255263133 3.905819792487078E-7
 20.30984228053025 3.2908245934913815E-7
 20.504622053700007 2.770866433952129E-7
 20.700295824681216 2.331589443685341E-7
 20.89682634356506 1.9607271765206986E-7
 21.09421361035155 1.6478432208065774E-7
 21.292383125223054 1.3840543936570624E-7
 21.4914093879972 1.1618097074710746E-7
 21.69121789885636 9.746877775705506E-8
 21.89177140789174 8.17239623035193E-8
 22.093144414920943 6.848489742997424E-8
 22.295225170217545 5.735949075644355E-8
 22.49805092369035 4.801608598964224E-8
 22.70158442543056 4.0173989667420616E-8
 22.90582567543817 3.359592846595282E-8
 23.11070017389555 2.808133577704031E-8
 23.316282420620333 2.3460853129156825E-8
 23.522497915794894 1.9591685088802507E-8
 23.72930940951042 1.63534207508935E-8
 23.936754151675725 1.3644597268773368E-8
 24.144794892381995 1.1379802967484104E-8
 24.353357131811613 9.48724151030696E-9
 24.562478119873386 7.90651547516452E-9
 24.772157856567315 6.58683476210133E-9
 24.982321842075784 5.485642560844571E-9
 25.192970076398783 4.567188019377092E-9
 25.40410255953632 3.8015060878053895E-9
 25.61564479167077 3.1634754221497367E-9
 25.827634022710946 2.63208487858406E-9
 26.04003300274804 2.1897393693457355E-9
 26.252841731782045 1.8217172112736952E-9
 26.465985709995344 1.5157288789353688E-9
 26.67946493738794 1.2615082370215885E-9
 26.893242164051017 1.050498129262674E-9
 27.10735463989339 8.755649643090523E-10
 27.321727865097433 7.307752968724077E-10
 27.53636183966315 6.112004925975725E-10
 27.75125656359054 5.127592929471655E-10
 27.966337537061982 4.320828240827995E-10
 28.181604760077477 3.6640468460869387E-10
 28.397020982728215 3.134695984403494E-10
 28.612623454923003 2.7145856883061725E-10
 28.828337676844225 2.3893636483016503E-10
 29.044126398583064 2.1479415154138644E-10
 29.26002687004834 1.9822249500821803E-10
