 0.0035070147991312353 1.0001075478168726
 0.010571602228971895 1.0003271161209668
 0.017737997105297255 1.0005351833464116
 0.025007775156799604 1.0007309608005945
 0.032382281517728456 1.000918943528561
 0.03986305348436897 1.0010739535926154
 0.047451628353006314 1.00119416013187
 0.05514954341992564 1.0012667740838073
 0.06295843206242993 1.0012825680600985
 0.07087973549578651 1.0012297485857082
 0.07891518317831621 1.0011079381198518
 0.08706631240630416 1.0008728006103969
 0.0953348526380712 1.0005144516650564
 0.10372234116990248 1.0000125179562565
 0.11223127610826136 0.9994345095243735
 0.12086127312907657 0.9986368702752009
 0.1296171362832392 0.9976055400860387
 0.1384979047605711 0.9964674162266531
 0.14750646099160689 0.9949607784119424
 0.15664568740688123 0.993163481818632
 0.16591558400639417 0.9911780409311504
 0.17531903322068035 0.9887919984111325
 0.18485795667009622 0.9860836752143171
 0.19453331516482 0.9829408735065525
 0.20434895194556463 0.9793614753761475
 0.21430486701233006 0.9754315867419681
 0.22440394279565098 0.9709231877495343
 0.23464810091588387 0.9658175058979407
 0.24504022380356336 0.960189209304649
 0.25558127226886773 0.9539895818817532
 0.2662741287423316 0.9471206564478452
 0.2771197540341332 0.939533469898408
 0.28812199138498545 0.931222400234979
 0.29928180160506657 0.9221469358280646
 0.31060206712491123 0.9122643794057738
 0.3220847095648759 0.9015261104649749
 0.3337326113554952 0.8899330906176891
 0.34554769411712566 0.8775023776289667
 0.35753187947012366 0.864117484079282
 0.3696880498450239 0.8497929947487126
 0.3820190876723611 0.8345441977717495
 0.39452691457249156 0.8183584021934911
 0.4072144129759501 0.8012434105930554
 0.4200835045030932 0.7831729445929425
 0.43313707158445536 0.7641408454048225
 0.44637799665057143 0.744137095783294
 0.4598082013217978 0.7231678245268659
 0.4734315288388473 0.7013050741769997
 0.4872489400118983 0.6785477986384826
 0.5012652388918417 0.6548400806542508
 0.5154823470990342 0.6306499945010093
 0.5299031470640103 0.6056823945137957
 0.5445295604071265 0.5801091999126305
 0.559366391179274 0.5540231363774676
 0.5744146001906308 0.5275505612397219
 0.5896789914920884 0.5007755376228904
 0.6051614867040028 0.47385351743920434
 0.6208649682569091 0.44687057335899694
 0.6367932793915199 0.41995434206762455
 0.65294930253837 0.3932621399302716
 0.6693368809381723 0.36689831929362116
 0.6859579362112832 0.341035663441527
 0.7028172724085939 0.31577268068674097
 0.7199168111504608 0.291243457181561
 0.7372603956775968 0.2675536113681711
 0.7548518692307147 0.24481886761830937
 0.7726941142403494 0.22311726434692258
 0.7907919347573918 0.2025111437158841
 0.8091472524021985 0.18306058069008296
 0.8277639104154824 0.16476917509320527
 0.8466467128481344 0.1477476180200993
 0.8657985421306894 0.1319842194968847
 0.8852242023140388 0.11747635552323146
 0.9049256150185384 0.1042450490979814
 0.9249085451052579 0.09219963234062152
 0.9451749141945537 0.08130994266601896
 0.9657295263373169 0.0715200590256682
 0.9865791072047952 0.06277590605865967
 1.0077265392275232 0.055012856178487134
 1.0291718224055009 0.048152856239751234
 1.0509245648405106 0.04213728731096413
 1.072984766532552 0.03687288531360196
 1.0953524274816255 0.03229432804711673
 1.1180467638912954 0.02834071904805237
 1.1410581676597795 0.024937896780334916
 1.1644058549906422 0.02203192181413831
 1.188070609680319 0.019571361745578886
 1.2120812560341572 0.01750035526784324
 1.2364281859503736 0.015790215840849477
 1.2611210075307513 0.01438644615044635
 1.286169328877072 0.013257077010507313
 1.3115731499893357 0.012376132998624507
 1.337332470867543 0.011674891404532905
 1.3634568996134755 0.011148561776724457
 1.3899464362271332 0.01073158955345855
 1.4168202969120811 0.010384797094451094
 1.4440688735665366 0.010095937755215145
 1.471701774292282 0.009836691094593541
 1.4997286071910996 0.009615278823646
 1.5281493722629893 0.009398495742590194
 1.5569736776097334 0.00916818281769153
 1.586201523231332 0.008940554832163375
 1.6158425172295672 0.008711679970525906
 1.6459062677062215 0.008489207025749328
 1.6763927746612945 0.008258881445285249
 1.707311646196569 0.008014148036953887
 1.738653274210262 0.007756569816639009
 1.770446483007721 0.007490942895364319
 1.8026912725889452 0.007227191670681562
 1.8353876429539357 0.006963543329955609
 1.8685355941026913 0.006702803293331909
 1.9021639503405594 0.006486119566982736
 1.9362534954639758 0.006323297246908941
 1.970823445676504 0.006205931122363165
 2.005883409079927 0.0061383611659624445
 2.041433385674245 0.006117313098689929
 2.07748298356124 0.006125718629894345
 2.1140418108426937 0.0061260814331132556
 2.1511098675186067 0.0061576282660575216
 2.1886967616907613 0.006181906626093017
 2.226802493359157 0.006203265345239761
 2.265455886829141 0.006214972983640786
 2.3046377258971487 0.006216959835233204
 2.3443768348685268 0.006210900167184124
 2.3846636056414923 0.006193248495260228
 2.4255172544196113 0.006169904314657486
 2.4669377812028825 0.0061193131157768815
 2.5089444021948712 0.00606208910976731
 2.551527509293795 0.006026671840168804
 2.594706318703217 0.005960018823291749
 2.6384904385249217 0.00595477192640481
 2.6828798687589077 0.005981611113487454
 2.72789382560874 0.006060543332537377
 2.773522700972636 0.006197416762104664
 2.8197953191559426 0.006411145664766061
 2.8667020720568774 0.006715093145610141
 2.9142621758790055 0.007097227939730599
 2.9624852387241085 0.00753315993096666
 3.0113808686939687 0.007990219823914152
 3.0609394576868048 0.00842329506904965
 3.111199438109744 0.008811805594376632
 3.162141593759223 0.00916473122603799
 3.2137947489405887 0.009480573640203322
 3.2661589036538405 0.009749543788603085
 3.319253274102543 0.00995898817325519
 3.3730682521849147 0.010075372214657473
 3.427632662206302 0.010131387026736759
 3.4829465041667036 0.01019761938132231
 3.539019386167903 0.01027549026605184
 3.595860916311683 0.010318455382188991
 3.653490310801607 0.010273470502498987
 3.7119075696376744 0.010094017503368304
 3.7711223009216694 0.009753493762478629
 3.8311537208571553 0.009206159319182738
 3.8920018294441325 0.008414748008865238
 3.9536954509879476 0.0074421186181287
 4.016215369285035 0.00636516391113515
 4.079600016742526 0.005248449388598307
 4.143849393360418 0.00417621462076245
 4.208973107240496 0.003185033652697021
 4.27498076648454 0.002179414620306641
 4.341891587296115 0.0011149872062875177
 4.409705569675222 0.0000735647417158499
 4.478451537927207 -0.0008746256503782166
 4.548119883950288 -0.0016676403187068222
 4.618739432049811 -0.0022675013089750906
 4.690310182225777 -0.0025546033820972014
 4.76285135068175 -0.0023096269635156227
 4.836382153621294 -0.0020959325546776775
 4.910892982942628 -0.0017698767300801503
 4.986412662951098 -0.0014378669784491562
 5.062950801748486 -0.0010255559039332527
 5.140526615538357 -0.0006650514845644426
 5.21914010432071 -0.0005038612863956061
 5.298800876197329 -0.0005096018147495976
 5.379537755473559 -0.0006182711065808902
 5.461360350251184 -0.0008393756745735968
 5.5442782686319845 -0.000997297283472562
 5.628301118717744 -0.0008395535382569213
 5.713438508610244 -0.0006745611788513386
 5.7997288707166135 -0.0005850571307297707
 5.887152988833289 -0.00048498216771823325
 5.975749295367398 -0.0001393642179684345
 6.065517790318942 0.0004577875871215135
 6.156487297993266 0.0010595253154422174
 6.24864821028859 0.0010844356545844822
 6.342038959612041 0.0003653226575333266
 6.43665954596362 -0.0006884556477198655
 6.532538793648674 -0.00188418600853019
 6.629667094565419 -0.003267232161031966
 6.7280828811209865 -0.0048429736951396685
 6.827795761417156 -0.006393532576906948
 6.928815343555713 -0.006356267276265672
 7.031160843740218 -0.005528083568940676
 7.1348418700724565 -0.004658621333756903
 7.239877638755993 -0.0027819014007944595
 7.34628736599439 -0.0012643781276954836
 7.454080659889431 -0.00075433592909286
 7.5632767366446805 -0.001983984828924981
 7.673894812463702 -0.0022504547361809736
 7.7859444954482795 -0.007248801292814806
 7.8994450018019755 -0.00947075704719137
 8.014415547728357 -0.010929802891614217
 8.130865741329202 -0.012237417024643382
 8.24881479880808 -0.013840231224835013
 8.368281936368552 -0.015386667410058404
 8.489286370214185 -0.015408620186680343
 8.611837708446759 -0.015479481442333704
 8.73596477537162 -0.014367438085730537
 8.861667570988772 -0.013273432371694715
 8.98897491960356 -0.011984347483335211
 9.117906037419546 -0.010066545932697136
 9.248470532538514 -0.007759031256611338
 9.38068762116403 -0.005178764610492003
 9.514576519499657 -0.002398495395556468
 9.650185268054306 -0.000867483983853564
 9.787485042522631 -0.0015159236384317903
 9.926418194293937 -0.0035895606878670098
 10.067176885403871 -0.006423924152783452
 10.209761115852432 -0.008884830136809138
 10.3540748046218 -0.00931480117117089
 10.50011795171197 -0.008589752469934733
 10.64808271915859 -0.008112118073390547
 10.797776944926014 -0.006964425809867902
 10.949392791049888 -0.005880500522231756
 11.102930257530211 -0.003962024434117013
 11.258293263349163 -0.0033663809406834096
 11.415577889524565 -0.005503739574656917
 11.574784136056415 -0.007986868460497398
 11.735912002944715 -0.00997165796676596
 11.899057571207287 -0.010790540092278528
 12.064124759826308 -0.011320690578316863
 12.231209649819602 -0.012822460946435984
 12.40040832220499 -0.013259597705003739
 12.571528614946827 -0.01353705771756781
 12.744762690080758 -0.013726481540831555
 12.920110547606788 -0.016401281367386108
 13.097572187524909 -0.016329797314018193
 13.277051528817303 -0.016013026528854245
 13.458740733519615 -0.014033086709403161
 13.642639801631843 -0.012713568493296466
 13.828652652136164 -0.011580175348700601
 14.01677928503258 -0.011354003115487109
 14.207211862356738 -0.01221309317095225
 14.399950384108635 -0.012737140818713848
 14.594802688252626 -0.011686520043970874
 14.792057017842177 -0.01075537665649138
 14.991521210841647 -0.006469855905481649
 15.193291348268856 0.0008999415920117153
 15.397463511141629 0.006219857103377984
 15.603941618442137 0.006147959080391067
 15.812725670170389 0.005040186026691087
 16.024007828362024 0.004420589720447592
 16.2375959309814 0.0024283578750860443
 16.453682140064156 -0.001318426912578177
 16.67217037459248 -0.003487077121563394
 16.893156715584183 -0.0056037847466070745
 17.116641163039272 -0.008994815216443974
 17.342623716957746 -0.010339499911587877
 17.571008296321786 -0.010937700843482298
 17.80208314418485 -0.011557649759247628
 18.0356560985113 -0.01310497944656438
 18.271727159301136 -0.012804077830692514
 18.51048848859 -0.012417805563740636
 18.75184400536007 -0.007831970765113588
 18.99579370961135 -0.006895063594622405
 19.242433682361657 -0.006413475607914432
 19.49166784259317 -0.006429551325932989
 19.743592271323713 -0.006357277998294445
 19.99830304957111 -0.006221949609170142
 20.255608015299714 -0.007053936502610731
 20.515699330545168 -0.00784534514612508
 20.778480914289652 -0.00973759943792196
 21.04404884755099 -0.009613005320362
 21.312499211347 -0.009164698132589034
 21.58363984364204 -0.006763269056437696
 21.857566825453933 -0.004577105062216762
 22.1343762378005 -0.00281051618320292
 22.413971999663918 -0.0016758539124430824
 22.696354111044187 -0.001071715571451887
 22.981714733976954 -0.0007435920214006096
 23.269957787444397 -0.0005380697489700603
 23.56098719042869 -0.00039544528032780125
 23.854995104965482 -0.00029054988107059
 24.151885450036946 -0.00021234836919685875
 24.45175430666091 -0.0001542521559290201
 24.754505593819545 -0.00010980052729433948
 25.060331473548498 -0.00007469082155132586
 25.36894370279431 -0.00005009438488468082
 25.680630524610436 -0.00003052317171439716
 25.995295857979063 -0.00001542473208846929
 26.31293970290018 -0.000005542022548876749
 26.63365814039162 0.0000034926515718929174
 26.957259008417733 0.000009662813183194782
 27.284030550031993 0.000014294486192003174
 27.61368452218092 0.000018622725142906817
 27.946509167917995 0.000020365435831671933
 28.282312325207563 0.000022271058236010724
 28.621190075067453 0.000024496638442218154
 28.963046336479838 0.00002744675777298544
 29.308073271480367 0.000026242930888026656
 29.656078718033392 0.000026191578245652973
 30.007254838174557 0.00002695242246227389
 30.36140946986822 0.00002712101764053664
 30.718734775150025 0.000027192258956356107
 31.07903859198433 0.000027190629084197683
 31.442513082406773 0.000026365534284378095
 31.80906216539954 0.000026269407672273776
 32.17868584096262 0.00002690877872252734
 32.55138410909602 0.00002675792487538945
 32.92725305081756 0.000026595153592943965
 33.30610050409161 0.00002642163840103685
 33.68811863095379 0.000026969304624786363
 34.07311526936847 0.000026783649849687443
 34.46128258137129 0.000025863625771277444
 34.85252448594443 0.000026385439996587842
 35.24684098308789 0.000026198728778921124
 35.64413599178385 0.00002529787157121788
 36.04460167406795 0.000025804921167632687
 36.44804586790455 0.000026311209949596512
 36.85456465431146 0.000026115823812263357
 37.264158033288695 0.00002592264445596913
 37.67682600483625 0.00002573773725332869
 38.092376406918476 0.000025555092900016312
 38.51100140157103 0.000025368923376137154
 38.93270098879389 0.00002849398262775315
 39.357283006551434 0.00002897470911136922
 39.78493961687929 0.00002614953065798008
 40.21547865774183 0.000025972404115791765
 40.64899621015687 0.000025797572958206454
 41.08539619310657 0.000025625053685827705
 41.524774687608776 0.00002545478050173541
 41.96703561264565 0.000025289480677777646
 42.412178968217205 0.000025126296227063102
 42.86020475432343 0.000024967849624360073
 43.311016889946515 0.000024811392202295628
 43.764711456104266 0.000024656863979873765
 44.22119237177887 0.0000245068244557411
 44.680459636970326 0.00003043101870833719
 45.142513251678636 0.00003028273026991724
 45.6073532159038 0.000024072413699100753
 46.07478736761016 0.00002393429384384243
 46.54500786883339 0.000029729822780276642
 47.01782255753781 0.000029600991660647625
 47.49323143372345 0.000029404929307506045
 47.97133057840811 0.000029273462195817686
 48.452023910573985 0.00002908835322978364
 48.93521534920323 0.00002896833340951723
 49.42090489429587 0.000028787956598797764
 49.90918862686973 0.000028669738521718714
 50.39987438488913 0.00002850060341217433
 50.8929621683541 0.00003405203351776428
 51.38845197726464 0.00002825580098867531
 51.8862477306029 0.000028096031982303548
 52.386445509386746 0.000033575557785226234
 52.888853151580484 0.00003342500860157332
 53.39356673820198 0.000033275792792995703
 53.900490188233384 0.00003313104924564676
 54.409623501674716 0.00003299375628938517
 54.92077451649031 0.00003285761717724638
 55.434135394715824 0.00003816521846690636
 55.9495139743156 0.000038041559956493083
 56.466814174271846 0.00003787243582443233
 56.98622815662018 0.00003774937725294219
 57.50746767830714 0.000037593910039375275
 58.030628820350536 0.00003747896892615103
 58.55561550173257 0.0000373299005932732
 59.08242772245323 0.00004253363069375922
 59.61087332047687 0.000042394671837705336
 60.14114445783915 0.00004225660137478813
 60.6730489725044 0.00004213083028314776
 61.20649078345481 0.00004724925256734506
 61.74156597170821 0.000047123996873523524
 62.278178456246756 0.000046982968556322566
 62.81613607503483 0.000052076433256727804
 63.35553490909024 0.000051937468521174224
 63.89637495841298 0.00005180843303297214
 64.43846406096742 0.00005168919479599884
 64.98180221675354 0.00005157050266992227
 65.52638942577136 0.00005660209351857726
 66.07203352598523 0.00006162877304716869
 66.61883059841297 0.00006150434631849969
 67.16668456203675 0.00006138581108462744
 67.71559541685657 0.00006127844166087559
 68.26537100083681 0.00006627583435144607
 68.81601131397746 0.00007127335087621992
 69.36742027526067 0.00007116786639594261
 69.91969396570428 0.0000761424557525734
 70.47264022327266 0.00008112282322587804
 71.0262590479658 0.00008102432955703402
 71.58055043978369 0.00008599623587785079
 72.13532223669068 0.00009097878747122958
 72.6905744386868 0.00009595638851616671
 73.24621096475421 0.00010093027835923552
 73.80232789591072 0.00010590210279679707
 74.3587330701207 0.00011593814633040897
 74.91533040636634 0.00012596588639557246
 75.47221598566544 0.00013599644724504654
