 0. 0.
 0.0030269126715265866 0.0002610492290737515
 0.0158439483447133 0.0007523177520170583
 0.034439279613130896 0.0012196105935912496
 0.05765628982923749 0.0016651846744430482
 0.08496203292612642 0.0020905477751058453
 0.116048016186087 0.002496665776590852
 0.15071777272067768 0.0028841081810500797
 0.18883747533424014 0.0032531830566385287
 0.23031531679026082 0.003604039400450556
 0.27508578287795427 0.003936673722827432
 0.323101643710544 0.00425098812042565
 0.37432936928788796 0.004546801073282182
 0.4287440531216295 0.004823878107912761
 0.4863271654342064 0.005081958283968888
 0.5470675069537619 0.005320827003389605
 0.6109415970153622 0.0055404151469000944
 0.677952788399253 0.005740888432986657
 0.7480736555520793 0.005922761180395509
 0.8212943160315939 0.006086969689426751
 0.8976016756037457 0.0062348937440825725
 0.976962438967154 0.006368327881006128
 1.0593548707448572 0.006489321998483354
 1.1447453456357386 0.006600090908464822
 1.233087842774541 0.006702797923255631
 1.3243462441361042 0.006799441153506662
 1.4184509362037026 0.006891806729733503
 1.515345612252698 0.006981525621237811
 1.6149548143356809 0.007070183873139369
 1.717201979538007 0.00715944830276747
 1.8219889303743035 0.007251220586908111
 1.929220605889857 0.00734759144209856
 2.038779928306263 0.007450798614913706
 2.150560646757273 0.007562988827176727
 2.264431908524766 0.007685967733473775
 2.380269171311995 0.007820927055023592
 2.497937012640673 0.00796820556963737
 2.6173022573896025 0.008127195088097738
 2.738225583343921 0.008296288326715749
 2.8605711849177506 0.008473010090870894
 2.9842103919429257 0.008654230179513368
 3.109021630063655 0.008836390665877103
 3.23488386620519 0.009015885979758173
 3.3616973449722294 0.009189303564471032
 3.4893605396470972 0.009353683766302984
 3.617802548120358 0.009506666082281422
 3.7469605429710864 0.00964653823918197
 3.8767870886543836 0.00977220036634534
 4.0072649342523015 0.009883061266631913
 4.138374708252287 0.009978987924634442
 4.270141339897214 0.010060268386081954
 4.402589618057993 0.010127536719261995
 4.535765645630757 0.0101819939108212
 4.669721647224271 0.010225262832807771
 4.804545289481221 0.010259434682281476
 4.940305194163326 0.010287079274507414
 5.0771051137041585 0.01031106202095594
 5.215036067848478 0.010334360164035314
 5.354196589136231 0.010359777989899205
 5.494688993692438 0.010389850817023313
 5.6366126693316785 0.010426408777714405
 5.780068907006983 0.010470768835190662
 5.925137367887297 0.01052373507838353
 6.071919246249491 0.010585556197007316
 6.2204832879903496 0.010656359603541915
 6.370905763007484 0.010735921013122256
 6.523262049499633 0.010824185881626387
 6.677614449924303 0.010921080532621303
 6.834025881603862 0.011026558846711878
 6.992544141831324 0.01114109509877732
 7.153219290067394 0.011265256321983979
 7.3161117381178595 0.011400175437246569
 7.48126742011073 0.011547250755049879
 7.6487319458846175 0.011707817900872905
 7.818546167721855 0.011883349696108417
 7.990758485853283 0.012074767078498864
 8.165404496028971 0.012282304344055313
 8.342533912898435 0.012504599153911332
 8.522205237828853 0.012738288739073235
 8.704456862437858 0.012978096932909694
 8.889281157361332 0.013217261441009633
 9.076775499932397 0.013448791767292703
 9.266936884430836 0.013666126005565733
 9.459771450252369 0.013864270626325786
 9.655446891969522 0.014040370365485378
 9.853886957641032 0.014193907143559873
 10.055259742817897 0.014326234676285321
 10.259396377376078 0.014439909972018524
 10.466552983834065 0.014537675192409548
 10.676638234448108 0.014622038161624391
 10.889736865623165 0.014695441470061387
 11.105944792880193 0.014760386173809953
 11.325258874174763 0.014819885289704505
 11.547687167534537 0.014877567005394396
 11.773327111390604 0.014936867141405522
 12.002170115565992 0.014999299983665905
 12.234403338590132 0.01506373127747571
 12.469947790369865 0.015126731305870411
 12.708890522343868 0.015183938882911772
 12.951312213527432 0.015231775996252046
 13.197203584919661 0.015267940267108723
 13.446630707097654 0.015291304718695524
 13.699582110150773 0.015301960658686846
 13.956135328077112 0.0153008169716522
 14.216353182201816 0.015289375396006208
 14.48024296082011 0.015270068762124157
 14.747888086131724 0.015245031977664067
 15.019198476171866 0.015214236753777694
 15.294423151925168 0.0151752759447728
 15.573569941808438 0.015125276856970255
 15.856647226936053 0.015064295536134439
 16.14368012066122 0.014997199738617873
 16.434928082846632 0.014930941028615712
 16.730211041583264 0.014872188809990276
 17.029705417489776 0.014825080100964042
 17.333453241772368 0.01478918523786892
 17.641419340719747 0.014760182925695737
 17.953676018117736 0.01473197203364166
 18.270322313018614 0.014699693874363507
 18.591375437857653 0.014662810099022629
 18.916927431055424 0.014623098166941231
 19.24698792811294 0.01458286665919976
 19.581826156821442 0.014549501709680645
 19.921247667913214 0.01453000344115582
 20.265552294850465 0.014521432436230249
 20.614422563376294 0.014512649654697793
 20.968319102026474 0.01449227380365138
 21.327034489642838 0.014459598887936
 21.690838359627833 0.014429726262129853
 22.059537838570268 0.014420887628714123
 22.433406050000574 0.014440186979398847
 22.812412438749735 0.014484336367262395
 23.19655164902788 0.01454290204876592
 23.586220059916187 0.014603287301152436
 23.981101063467282 0.014659058632804495
 24.381560059088887 0.014710812350104938
 24.78739035367179 0.014755168585956583
 25.19887811077109 0.014780561559020685
 25.616106579267452 0.014777246022178827
 26.039028898511127 0.014745745149025193
 26.46755573959236 0.014690439067638516
 26.902147423519445 0.01462292720353897
 27.34277441698694 0.0145689395633313
 27.789553796205126 0.014550670087662629
 28.24248565330064 0.014549123684950926
 28.701449417175525 0.01452039944354149
 29.166639626326358 0.014450432519478439
 29.638453525284977 0.014347229697750015
 30.116597211862583 0.014230144061111961
 30.601452319375195 0.01412887115094479
 31.092798462730375 0.014063143318618352
 31.590794329616 0.014027579976603234
 32.095592626178096 0.014022909826423331
 32.60711327960688 0.014053291429412543
 33.12551444651292 0.014091735166401616
 33.65095608734978 0.014103049315662199
 34.183686993222274 0.014092054498901146
 34.72336703446197 0.014090351308608313
 35.27067241398153 0.014102269320928458
 35.825789982398305 0.014123207850909793
 36.38845547816891 0.01416898020324681
 36.95838225402154 0.014232427761980736
 37.536094118414624 0.014276694295249163
 38.12120945308084 0.01428754702529444
 38.713765552393646 0.014286007139855419
 39.31406426748172 0.014289961511494703
 39.922644855938294 0.014322883787841051
 40.54005907164996 0.01442601816164114
 41.166379423699865 0.014600410953120464
 41.80171338902028 0.014823258751030422
 42.44612709700225 0.01508479366779672
 43.09966084634524 0.015366847432053198
 43.76208751868868 0.015588232741398237
 44.433732246284336 0.015706495471619376
 45.114673416401935 0.0157188421965487
 45.80477914311583 0.01565742635301217
 46.503628351752866 0.015581463345912027
 47.211183063558785 0.015479599478022679
 47.92821350988201 0.015298463975183915
 48.65431639946537 0.015084893105355438
 49.38955285038741 0.014991230770020186
 50.133305074696736 0.015054368136856492
 50.886206895684786 0.015216832784781463
 51.64905347943703 0.015368018740228032
 52.42233665656596 0.0155717372184352
 53.20709335842107 0.015826907467979965
 54.003399744174416 0.01603711320655934
 54.81153558147321 0.016179616806340006
 55.63122079832961 0.01633064603743526
 56.46220830096947 0.01650478718432928
 57.30365878623369 0.016573653791484847
 58.15580071849168 0.016539679561587643
 59.01846025198509 0.016436940104532838
 59.89153883959056 0.01624265988069688
 60.77555828962342 0.016103477885227153
 61.669807723525174 0.01601664758930532
 62.575741232748705 0.01580601151461051
 63.49454134772515 0.015603909766465583
 64.42569175249002 0.015452151953692405
 65.36976874720054 0.01526721978619552
 66.32780324012477 0.015168355217359594
 67.29964806655305 0.015231940125932743
 68.28467701659454 0.015351514583258553
 69.28197346600314 0.015375955254877663
 70.29040388365388 0.015376800707559424
 71.31005998813794 0.015479890180489007
 72.34066977235686 0.015524786632994348
 73.38450648656594 0.015341805630368285
 74.43979090229894 0.015132944194703157
 75.5051419366066 0.014878071111538618
 76.58251504220163 0.014686967011605902
 77.67668127471617 0.01447048720672528
 78.78991067024658 0.014085169505547316
 79.92170700725035 0.013885676072845715
 81.06666873919663 0.01413930691370691
 82.22400692501687 0.01452095038212031
 83.39863573583975 0.01470040815759889
 84.59231316682668 0.014789016194459995
 85.8031394342732 0.014966963619919706
 87.02959214371961 0.015032298560100514
 88.26706996276931 0.014893992077344475
 89.5173985402804 0.014701292460188663
 90.78048587121462 0.01454204249753108
 92.06111985385783 0.014632190540038767
 93.35767812256512 0.014807092894960848
 94.66429176395043 0.015161925999027959
 95.988359762435 0.015338415824328143
 97.33249535819182 0.015327002316173897
 98.69721757917559 0.015529874436066765
 100.08169117695968 0.015512994552954629
 101.47184511577989 0.015275830582983041
 102.87267597818474 0.015384505191913063
 104.29506348289149 0.015525527366244279
 105.72789257514397 0.015629651307690777
 107.17406254910874 0.015958289382010844
 108.64448614856728 0.016461166422826787
 110.14076697786815 0.016547960599421308
 111.65032131977905 0.016606715509094507
 113.18715660045405 0.016742908946775048
 114.74243631102536 0.016840872898991905
 116.30599087559732 0.0167242937070598
 117.89217777279991 0.01664367747824981
 119.4921247275048 0.01672417412011726
 121.10843696843514 0.016070812051666838
 122.74460629431037 0.015493740671638983
 124.40430981605131 0.015300784293623644
 126.08439927209974 0.01506970470845398
 127.78694275575532 0.014687545744609615
 129.50678526019658 0.014406526298868856
 131.25894375909652 0.014681587107666528
 133.04468077984626 0.014759505411767699
 134.8432986527532 0.01452976255828016
 136.64712043373868 0.014560116757773614
 138.4884518847313 0.01468294929501563
 140.33903257764229 0.014552559912262859
 142.2104018570487 0.015137932487628554
 144.10882897658274 0.015471586861081833
 146.02049653627952 0.015257621046545886
 147.94403153456634 0.015246835737293164
 149.86712505941836 0.015332286196128742
 151.80615298603013 0.01535757142259153
 153.79099506816712 0.015028739135403209
 155.8035900693649 0.014700782292109492
 157.84118513414185 0.014619849520429409
 159.9078190311196 0.014750796588659203
 161.97880293565063 0.014643838294654854
 164.08086922019888 0.014737435326406017
 166.2157773229855 0.01406143662646175
 168.39318813441324 0.013244055270195757
 170.5620244780834 0.012850953272033947
 172.88995537921716 0.009310155745206414
 175.1844305843071 0.006391306595681356
 177.39665324131403 0.005008862146236409
 179.63656936104982 0.0040184325302286715
 181.9124802498273 0.0033133819580603743
 184.22385227813297 0.002807771358212773
 186.5635627618628 0.0024292776704197484
 188.92933483079855 0.0021274468265975533
 191.3210240323415 0.0018768697344248482
 193.73735459887095 0.0016637337527380996
 196.17805383762584 0.0014795675043741668
 198.6446943350046 0.0013187077007434209
 201.13635246217905 0.0011771236128801427
 203.65209970487206 0.0010517937060089302
 206.19380333028394 0.0009403988515518295
 208.7603274480842 0.000841076690914687
 211.35271018883094 0.0007523184166295545
 213.9700181041357 0.0006728699725801412
 216.6138040155296 0.0006016718374662387
 219.28179189486573 0.0005378178130184979
 221.97636638427656 0.0004805247132042222
 224.69669714342618 0.00042910721271029694
 227.44267059511313 0.00038296344473069487
 230.21534347420027 0.00034155965803941193
 233.01282605632878 0.0003044191189790812
 235.83772370078523 0.0002711178710450493
 238.68766436468374 0.0002412741179654378
 241.56490241539234 0.00021454486710243152
 244.46789488596238 0.00019062056552219124
 247.39747240281125 0.00016922233895086075
 250.3528045737025 0.00015009796800756497
 253.3355525406087 0.0001330187956643722
 256.3440553982285 0.00011777945491468365
 259.3799742935169 0.00010419308998201369
 262.4415170883767 0.00009209055326145022
 265.5306058461406 0.00008131992375795737
 268.6454499550872 0.00007174329236939158
 271.78757467130157 0.00006323606565876785
 274.95641981265754 0.00005568590485930888
 278.1517120880041 0.00004899163193852599
 281.37372816931526 0.00004306169991999851
 284.6230188996927 0.00003781415079041178
 287.89820634738066 0.0000331746891469988
 291.20066538386993 0.000029077104395039064
 294.52887735443574 0.00002546153962351845
 297.8846523377432 0.00002227446969065706
 301.266863685954 0.000019467870967314324
 304.6758110886062 0.00001699879407487484
 308.11036112963427 0.000014828823284401228
 311.57232558678146 0.000012923621783385647
 315.0600434770971 0.000011252555265360841
 318.5745047004278 0.00000978827870465487
 322.1153925282316 0.000008506526905852941
 325.6828645725753 0.0000073856550149597425
 329.27542447911753 0.000006406449874930733
 332.8944059289109 0.000005551855545671195
 336.5399718443706 0.0000048067764666146065
 340.21029112166156 0.000004157799898985039
 343.90701937080223 0.0000035931184227631573
 347.6304019232559 0.0000031022459605904883
 351.3778117767953 0.00000267597085185919
 355.1501379192544 0.0000023061569764437113
 358.94821089359743 0.000001985635918289151
 362.7730139901881 0.0000017081129939204843
 366.6209387816579 0.000001468053132553451
 370.4937799866275 0.000001260603030299388
 374.39070705798014 0.0000010815035829806575
 378.314442063026 9.270264289652157E-7
 382.2603911434642 7.939181317994948E-7
 386.23042621071204 6.793305528238812E-7
 390.2245472647695 5.807787874914166E-7
 394.2447254553459 4.96098780486306E-7
 398.28537758298717 4.234064241364318E-7
 402.35011581786415 3.610609366852083E-7
 406.437279049133 3.076395618251983E-7
 410.5489199238925 2.619060900399225E-7
 414.6817843667077 2.2278936240314527E-7
 418.8370739180349 1.893620870184948E-7
 423.0160729770543 1.608219512380073E-7
 427.2145726175478 1.364760052170344E-7
 431.435497478673 1.1572553737183509E-7
 435.67936468276724 9.805462763174413E-8
 439.9418390411808 8.301921464335831E-8
 444.2250775965858 7.023688489675493E-8
 448.53049225977185 5.9378952500023106E-8
 452.8544502593948 5.016333322258401E-8
 457.19979721473686 4.234772721174065E-8
 461.562813913048 3.572478131493599E-8
 465.94726337279724 3.011698856127551E-8
 470.3485085796859 2.5372268325871065E-8
 474.7695695663427 2.136089885749193E-8
 479.2073824947482 1.797203383037101E-8
 483.665055738596 1.5111220996332493E-8
 488.1369449878981 1.2697834461040985E-8
 492.6295700211662 1.066339533169431E-8
 497.1355359317536 8.949614516838142E-9
 501.6606216564965 7.506883507821338E-9
 506.20153400926284 6.293162956733284E-9
 510.7557198371914 5.272769670675934E-9
 515.3266021110642 4.4154614707864905E-9
 519.9133116267169 3.695605498426476E-9
 524.5141873933769 3.091554625103687E-9
 529.1283990047598 2.5849700191685008E-9
 533.756777281692 2.1603726530392854E-9
 538.3984918095804 1.8046994209562988E-9
 543.0518815270552 1.5069240193188241E-9
 547.71777724248 1.257755938169246E-9
 552.3961791423558 1.049371240314885E-9
 557.0854261279371 8.75189693723595E-10
 561.7883265512498 7.296663621135347E-10
 566.4992877131901 6.081504748004395E-10
 571.2222884428661 5.067316844248049E-10
 575.9553514941482 4.2213031163374184E-10
 580.694743975942 3.5159493739244883E-10
 585.4462474870169 2.928212765493655E-10
 590.2082719801332 2.438790683925129E-10
 594.9749415874514 2.0315314420407083E-10
 599.7483520182941 1.6929412275681634E-10
 604.5323555017733 1.4117542279022932E-10
 609.3223172020714 1.1785669263983273E-10
 614.1213063958446 9.855648126835698E-11
 618.9232092091519 8.262493570345456E-11
 623.7325263148504 6.952416845960834E-11
 628.5493296824046 5.881037323465989E-11
 633.3696958662406 5.011985634456667E-11
 638.1944559525239 4.315680711081393E-11
 643.0283736215239 3.768381615494906E-11
 647.8642888516722 3.3513877722519664E-11
 652.7062931425789 3.050450786359288E-11
 657.5527966049102 2.8553125923443128E-11
 662.4071792700911 2.7595325691138346E-11
