 0. -0.
 0.002002421217868732 2.4477E-10
 0.010481115738646895 3.56593E-9
 0.022781936839038626 1.5381E-8
 0.03813987109695409 4.31979E-8
 0.05620274900860213 9.66365E-8
 0.07676734532444032 1.87332E-7
 0.09970444531408004 3.28708E-7
 0.12492824441621428 5.35617E-7
 0.1523797634854878 8.23845E-7
 0.18201824220954865 0.00000120951
 0.21381785059945504 0.00000170834
 0.24776065218767582 0.00000233494
 0.2838368954705474 0.00000310202
 0.3220416162664728 0.00000401963
 0.36237617303127845 0.00000509452
 0.40483712742619166 0.00000632961
 0.44943798108221933 0.00000772357
 0.4961768968644324 0.00000927069
 0.5450636148738182 0.0000109608
 0.5961096906383431 0.0000127796
 0.6493160264713795 0.0000147089
 0.7046941518089809 0.0000167273
 0.7622487181154344 0.000018811
 0.8219832366876161 0.0000209345
 0.883907353703568 0.0000230715
 0.9480159581253637 0.0000251963
 1.0143125186396287 0.0000272848
 1.0827933510247982 0.0000293153
 1.1534558458369237 0.0000312702
 1.2262881492890287 0.0000331357
 1.3012777488126155 0.0000349026
 1.3784041503829265 0.0000365654
 1.4576540736533352 0.0000381207
 1.5389936242947668 0.0000395661
 1.622395473025156 0.0000408982
 1.7078202920656222 0.0000421119
 1.7952301227523266 0.0000431997
 1.8845739936870938 0.0000441529
 1.9758005689520168 0.0000449632
 2.068850979439428 0.0000456249
 2.163669962135439 0.0000461361
 2.260186188380345 0.0000464994
 2.358329735674847 0.0000467199
 2.4580256103311697 0.0000468032
 2.5591988379100408 0.0000467523
 2.6617686842098514 0.0000465665
 2.7656540023632274 0.0000462414
 2.870782935402683 0.0000457714
 2.977062333446153 0.0000451526
 3.084432308601915 0.00004431857447677387
 3.1928142435965876 0.0000434726
 3.3021433639743876 0.0000424205
 3.4123486716319715 0.0000412334
 3.5233886147378928 0.0000399135
 3.6352084932409263 0.0000384624
 3.747780158086202 0.0000368827
 3.8610701817562707 0.0000351814
 3.975063569977626 0.0000333708
 4.089758940610436 0.0000314687
 4.205161422716803 0.0000294963
 4.3212896791277995 0.0000274769
 4.438160330844152 0.0000254349
 4.555819996898857 0.0000233949
 4.674301988712213 0.0000213808
 4.7936601680983895 0.0000194153
 4.913957159783175 0.0000175189
 5.035248555248162 0.0000157098
 5.15761161974547 0.0000140036
 5.281106658392643 0.0000124124
 5.405808104442991 0.0000109437
 5.531795255184111 0.00000960078
 5.659138541730641 0.00000838367
 5.787913003909702 0.00000729046
 5.9181834162578255 0.00000631877
 6.050024556742044 0.00000546579
 6.18349370705001 0.00000472795
 6.318652990378141 0.00000410069
 6.455580676451298 0.00000357883
 6.5943236884419925 0.00000315696
 6.734902976934151 0.00000282949
 6.877404650148536 0.00000259081
 7.021843756343796 0.00000243601
 7.168233332563576 0.00000236094
 7.316717183842416 0.000002392871936094177
 7.4672372096831 0.00000242525
 7.619924475632468 0.00000254235
 7.774662994660851 0.0000026949
 7.931648074279927 0.0000028649
 8.090820069013821 0.00000303598
 8.252249521714315 0.00000319732
 8.415999176513296 0.00000334576
 8.582086113886376 0.00000348407
 8.750511219105968 0.0000036181
 8.921342745727012 0.0000037556
 9.094586453530603 0.00000390496
 9.270364927924545 0.00000407252
 9.448621313656412 0.00000426118
 9.629405576433317 0.00000447197
 9.812781383252027 0.00000470504
 9.998749557755833 0.000004961409929506547
 10.187373813178885 0.00000522142
 10.378655020303345 0.00000548714
 10.572667542323751 0.00000574757
 10.769475757764958 0.00000599793
 10.96908671946981 0.00000623299
 11.1715707962362 0.00000644847
 11.376867377430688 0.00000664345
 11.585155778522976 0.00000681781
 11.796431839631115 0.00000697075
 12.010684996258327 0.00000710693
 12.2279161083805 0.0000072375
 12.448308449268403 0.00000736502
 12.67172413367439 0.00000747165
 12.89830174815317 0.00000752534
 13.128098182096675 0.00000749508
 13.36112707597933 0.00000736304
 13.597459087791835 0.00000713099
 13.837165380742379 0.00000682464
 14.080247695971854 0.00000648546
 14.326770707041721 0.00000615195
 14.57675084510907 0.0000058515
 14.830364572458295 0.00000559833
 15.087510699981163 0.00000538985
 15.348358014824859 0.00000520705
 15.612830025807932 0.00000501379
 15.881029980001529 0.00000477985
 16.15294989523699 0.00000450726
 16.42869060884731 0.00000422733
 16.70818762632451 0.00000399227
 16.99156514360843 0.00000385159
 17.278867099580772 0.000003891429610983981
 17.570108471190252 0.00000393182
 17.86541329827086 0.00000402906
 18.16472588427338 0.00000406988
 18.46822430048117 0.00000398396
 18.77585304413346 0.00000368223
 19.08774595913677 0.00000313336
 19.40395513095908 0.0000024004
 19.724551707789807 0.00000157591
 20.04944144694154 6.85371E-7
 20.378863153105588 -3.46264E-7
 20.712749818064562 -0.00000153741
 21.05131094580841 -0.00000274185
 21.394525784638663 -0.00000384341
 21.742487203639264 -0.00000478531
 22.095086080924734 -0.00000546641
 22.452450894133182 -0.000005618267135362015
 22.81456321875548 -0.000005588572310184828
 23.18153621905768 -0.00000555847
 23.553545491690727 -0.00000378389
 23.930813040812197 -0.0000042947926676602085
 24.313380321094876 -0.000004526961627933501
 24.701292397067974 -0.0000047623
 25.09463077103184 -0.00000485174
 25.493322538621257 -0.000004769059442527834
 25.89740111045366 -0.00000468523
 26.306654354950425 -0.00000427338
 26.721322770656787 -0.00000392183
 27.14138122352401 -0.00000373049
 27.566949103790456 -0.00000372707
 27.99819182948705 -0.00000394441
 28.435358751190012 -0.00000420169
 28.878480095525685 -0.00000414317707943432
 29.327850104906474 -0.00000408386
 29.783577451649347 -0.00000319444
 30.245972333569103 -0.00000186854
 30.71494793181035 -4.01387E-7
 31.1904278832296 8.4241E-7
 31.672417894370366 0.00000158509
 32.16087214338665 0.00000206094
 32.65598116268125 0.0000023385
 33.157793093200624 0.00000224864
 33.666384333788784 0.00000192997
 34.18168526481771 0.00000194161741698537
 34.70365024600072 0.00000195342
 35.23249406914559 0.000002115236976771677
 35.768361262009954 0.00000227923
 36.31134705987306 0.00000327749
 36.86162257832037 0.00000398215
 37.419384289099774 0.00000406107
 37.984816337568354 0.00000358612
 38.557759536890025 0.00000284008
 39.13833215835005 0.000003250912207498383
 39.72621371563944 0.00000366718
 40.3214551232853 0.00000598274
 40.9242574583988 0.00000897918
 41.53519455987038 0.0000117938
 42.154397191275095 0.0000138378
 42.781999856171566 0.0000151678
 43.41772969776958 0.000015485
 44.0616598702273 0.0000141131
 44.71359709219407 0.0000120514
 45.37381015971142 0.0000099881
 46.04262062652465 0.00000739697
 46.71980793531045 0.00000349448
 47.405648746857224 -0.00000113224
 48.10079036668085 -0.00000495715
 48.80526165494897 -0.000005496575058891253
 49.51925108882142 -0.000004351473535842947
 50.24310134261704 -0.00000319146
 50.97690013642591 -0.00000752641
 51.72103180304975 -0.00000958298
 52.47571093935563 -0.0000121171
 53.24002700868794 -0.0000140996
 54.01293954019373 -0.0000154006
 54.79416358217115 -0.0000167555
 55.585200977488405 -0.0000187567
 56.386951373117405 -0.000021647
 57.198627295181325 -0.0000247205
 58.02134531141505 -0.0000276887
 58.85565029225742 -0.0000312021
 59.701385957420676 -0.00003226188698904028
 60.55940689124391 -0.00003177894983386411
 61.429875078842784 -0.0000312899
 62.31179850027578 -0.00002762
 63.20313819709759 -0.000021984
 64.104168703208 -0.0000159337
 65.01747676619817 -0.0000125981
 65.94471662977318 -0.0000099709
 66.88168753653011 -0.00000666425
 67.82912131262317 -0.00000353655
 68.7881490936435 -0.00000302634
 69.75906269229955 -0.00000470552
 70.74078434720528 -0.000004292088603316329
 71.73551857246676 -0.00000387335
 72.74040874458949 -0.000003915499424572317
 73.75582880140887 -0.00000395815
 74.78246101871662 -0.00000456725
 75.82051467367813 -0.000006094870803839236
 76.87332768366026 -0.00000598799457330934
 77.9387378383327 -0.00000587978
 79.01617073860125 -0.00000584219
 80.10651491520395 -0.0000100242
 81.20791007758316 -0.0000162671
 82.32475324962297 -0.000014956295926339293
 83.45713092622607 -0.0000136293
 84.60045670177746 -0.0000125009
 85.76568974228404 -0.0000144049
 86.94870524114278 -0.0000178717
 88.14238863142711 -0.0000235649
 89.35122993801683 -0.000024802984571428575
 90.56519851863219 -0.00002409814704439064
 91.78788586024012 -0.0000233853
 93.02476737745744 -0.0000211041
 94.27727521117383 -0.0000176911
 95.54623697193693 -0.000015996097500612595
 96.83884183494094 -0.0000142802
 98.1450138557685 -0.00000741075
 99.46688918968236 -4.15881E-7
 100.81642868283224 0.00000401588
 102.19250670104563 0.00000914073
 103.571524460351 0.000008505346191674292
 104.95671098298489 0.000009368463044796914
 106.3497991084651 0.000010241
 107.76275914775469 0.000010609999093522
 109.18925880949338 0.0000109831
 110.63006280439498 0.00000964503
 112.08301586157734 0.00000741379
 113.54937533204607 -0.00000141326
 115.0335859976563 -0.00000905828
 116.54305597078228 -0.0000152938
 118.0686156941535 -0.0000173912
 119.60120957074318 -0.0000190876
 121.15071429704335 -0.0000231859
 122.72343095302816 -0.000022797935002969707
 124.32876997483598 -0.0000224058
 125.9511228918964 -0.0000171009
 127.6222342621319 -0.000017266705138036808
 129.29475685995482 -0.000016659013184323073
 131.0026279592869 -0.0000160446
 132.73526849911323 -0.0000218765
 134.4645124186491 -0.000021411057166482914
 136.18343958050139 -0.0000209408
 137.9005531101798 -0.0000157189
 139.63867942318302 -0.0000100926
 141.4013225369145 -0.00000610443
 143.1886008304254 -0.00000388331
 144.99856650316926 -0.00000268507
 146.82860887453603 -0.00000194807
 148.6777577140415 -0.00000144425
 150.54692837715464 -0.00000108256
 152.43535854228537 -8.16894E-7
 154.34220144810055 -6.19195E-7
 156.26872176248915 -4.70815E-7
 158.21413778421433 -3.58784E-7
 160.17923936248212 -2.73834E-7
 162.16324101581668 -2.09214E-7
 164.16748394488502 -1.59945E-7
 166.1900000730364 -1.22319E-7
 168.2326779415457 -9.35504E-8
 170.2948884268302 -7.15374E-8
 172.37663182151778 -5.46863E-8
 174.47853785018827 -4.17845E-8
 176.59934794470254 -3.19071E-8
 178.74104010008168 -2.4347E-8
 180.90154858911697 -1.8563E-8
 183.08285035642004 -1.41402E-8
 185.2835941508607 -1.07606E-8
 187.50459393956226 -8.18017E-9
 189.7451290037698 -6.21163E-9
 192.00645855036376 -4.71134E-9
 194.28732397025578 -3.5691E-9
 196.58888616696277 -2.70041E-9
 198.91008199084075 -2.04052E-9
 201.25207350747277 -1.53984E-9
 203.61350025713247 -1.16045E-9
 205.99582394561455 -8.7332E-10
 208.39821054285105 -6.56314E-10
 210.8208675741834 -4.92527E-10
 213.26358567717313 -3.69079E-10
 215.72720670654556 -2.76168E-10
 218.21025744569346 -2.0634E-10
 220.71421416268242 -1.53937E-10
 223.2375986655391 -1.1467E-10
 225.7818922379296 -8.52896E-11
 228.34624113417925 -6.33402E-11
 230.93075725760113 -4.69673E-11
 233.53492814855596 -3.4773E-11
 236.15978085039018 -2.57049E-11
 238.8042915000704 -1.89721E-11
 241.46897313103574 -1.3981E-11
 244.1537039638092 -1.02869E-11
 246.85872711196413 -7.55712E-12
 249.58253829089276 -5.54304E-12
 252.32664505916452 -4.05941E-12
 255.09079674053427 -2.96826E-12
 257.8739882663564 -2.16703E-12
 260.67735283192866 -1.57962E-12
 263.49963165621176 -1.14966E-12
 266.3414545669289 -8.35442E-13
 269.20219230879803 -6.06171E-13
 272.08247471583184 -4.39147E-13
 274.9816725264474 -3.17661E-13
 277.8997860237078 -2.29435E-13
 280.836815490673 -1.65463E-13
 283.7921316468665 -1.1915E-13
 286.76636433258176 -8.56723E-14
 289.7603328780073 -6.15103E-14
 292.7711553603767 -4.40982E-14
 295.80026572382616 -3.15692E-14
 298.84766424195533 -2.25675E-14
 301.91209201722876 -1.61096E-14
 304.9948084817836 -1.14836E-14
 308.0960949017791 -8.17457E-15
 311.21288674466837 -5.81106E-15
 314.3473385622407 -4.1253E-15
 317.498821014186 -2.92465E-15
 320.66830769241216 -2.0707E-15
 323.85260885393313 -1.46418E-15
 327.05557631035236 -2.21606E-16
 330.272697492187 -3.672959063385089E-16
 333.50559147333627 -3.6436209903661095E-16
 336.7559417348762 -3.61414E-16
 340.02146821998355 -2.53968E-16
 343.30108512566284 -1.78254E-16
 346.59694898194635 -1.24967E-16
 349.9062414809362 -8.75105E-17
 353.2318145520427 -6.12126E-17
 356.57193628045655 -4.27709E-17
 359.9253477583865 -2.98533E-17
 363.29330873501755 -2.08154E-17
 366.6745602773661 -1.4499E-17
 370.06847309151135 -1.00892E-17
 373.4763069454957 -7.01394E-18
 376.8961731476584 -4.87144E-18
 380.3287017640174 -3.3803E-18
 383.7732634565659 -2.34353E-18
 387.2317935664704 -1.62336E-18
 390.6991803175142 -1.12355E-18
 394.1805708599344 -7.77011E-19
 397.67078424978865 -5.3693E-19
 401.17314776332034 -3.70759E-19
 404.68632200838726 -2.55832E-19
 408.20967768966557 -1.76403E-19
 411.7419556902395 -1.21559E-19
 415.28586088919633 -8.36968E-20
 418.8372620048463 -5.7612E-20
 422.39906696841496 -3.96134E-20
 425.96707374483316 -2.72293E-20
 429.5455206907869 -1.87188E-20
 433.1310385062976 -1.28537E-20
 436.7264387716498 -8.82551E-21
 440.3267473445511 -6.03294E-21
 443.93634519446357 -4.15459E-21
 447.55179170447286 -2.84934E-21
 451.17308729254034 -1.96708E-21
 454.8018734496419 -1.34947E-21
 458.434256495622 -8.95897E-22
 462.0758440487957 -6.30898E-22
 465.7197694069967 -4.54504E-22
 469.37066516678397 -3.17633E-22
 473.0249646183089 -1.84053E-22
 476.6850474172679 -1.48171E-22
 480.34794064496236 -1.07165E-22
 484.0166902336546 -6.31714E-23
 487.6900905508928 -2.09421E-23
 491.36756592811105 -6.863610388299218E-24
 495.0473312432493 7.22217E-24
 498.7331019637751 1.69402E-23
 502.4249865591395 -7.61518E-24
