 0.0008936944874018513 0.00010871495044294288
 0.002693967141905911 0.0013527705338636973
 0.00452018344333224 0.005182759491053569
 0.006372744935479939 0.01298942756275408
 0.00825199439964092 0.025851969956397092
 0.010158323585863084 0.04433016527604421
 0.012092124244194332 0.06839029860802552
 0.01405378812468257 0.09747900121959088
 0.01604373146175369 0.13069525718433983
 0.018062321521077594 0.1669736146645895
 0.020109999021458182 0.2052380228228505
 0.022187155712943347 0.244501260534297
 0.024294232314336982 0.28391944552862763
 0.026431620575686987 0.3228127276754026
 0.028599957090821207 0.36066528898404304
 0.030799143922227656 0.3971127257469188
 0.033030405288806026 0.4319152986826944
 0.03529349634677639 0.46493623022243935
 0.03758915162747856 0.49612101122429225
 0.03991810566225235 0.5254782218309535
 0.04228035845109775 0.553060857041455
 0.044676644525354595 0.5789426051401654
 0.047107453572582746 0.6032193618396188
 0.049573030436562145 0.6259819757095844
 0.052074354492412545 0.6473313896053614
 0.054611425740133945 0.6673483578111893
 0.05718497871106616 0.686133823182367
 0.05979550309276908 0.7037735871458992
 0.0624437334165825 0.720348403986025
 0.06512991452628637 0.7359440751297486
 0.0678547809532205 0.7506262134330147
 0.07061857754116485 0.7644553846090028
 0.07342228366523913 0.7774770129425972
 0.07626614416922331 0.789741569861448
 0.0791508935844572 0.8012944796504393
 0.08207702159850068 0.812181166594456
 0.08504526274269354 0.8224218192645582
 0.0880561067045957 0.8320265319462753
 0.091110043171767 0.8410104460679027
 0.09420780667554728 0.8493887030577346
 0.09735013174727634 0.8571764443440666
 0.10053750807451405 0.864403952783488
 0.10377067018860024 0.871086369804294
 0.10705010777709478 0.877259025405839
 0.11037655537133749 0.882937061016418
 0.11375074750266818 0.8881356180643258
 0.11717317385864674 0.8928546965495626
 0.1206448138143929 0.8971094379004232
 0.12416591221368663 0.9009250778307323
 0.12773769327542758 0.9041072184702468
 0.13136064668717568 0.9073349491422303
 0.13503550698027067 0.909959463380009
 0.1387627638422725 0.9122054419104159
 0.14254364149208082 0.9140829790189807
 0.1463783847734756 0.9156072161339983
 0.1502682179053565 0.9167882475409987
 0.15421363057528342 0.9176361675255119
 0.15821535731459616 0.9181560232303027
 0.16227437749841447 0.9183427675126061
 0.16639142565807818 0.9182115418007172
 0.17056748116870704 0.9177371103808111
 0.17480303371786093 0.9169144261101227
 0.17909930752443953 0.9157384418458873
 0.18345679227600273 0.9142343933019295
 0.18787646734767025 0.9123972333354843
 0.1923593121145619 0.9102168676610219
 0.19690606110801745 0.9076882491357775
 0.20151793854693661 0.9048214720452806
 0.20619543411887925 0.9016367249605916
 0.21093952719896514 0.8981441021672397
 0.21575144200609395 0.8943284622369306
 0.22063191307160548 0.8901696165986044
 0.2255821646143995 0.8856322352529061
 0.23060268632203582 0.880711271057071
 0.23569494725719406 0.8754218654393938
 0.2408594371074341 0.8697943012564645
 0.24609738009165566 0.8638184842227528
 0.25141049011631833 0.8574893671954941
 0.2567995017127619 0.8508019030319233
 0.26226441488098634 0.8437611388748053
 0.2678076780587911 0.8363771690096701
 0.27342929124617604 0.8286651348648126
 0.27912925444314135 0.8206502721540575
 0.2849124645252856 0.8123628637339946
 0.29077647305480964 0.8038130038901539
 0.29672617690731207 0.79502592833636
 0.3027566792071941 0.7859965899298481
 0.30887532526785405 0.7767199415278533
 0.31507966665149234 0.7672060774159054
 0.3213721517959085 0.7574196675946497
 0.32775522913890187 0.7473607120640862
 0.3342288986804724 0.7370342579669799
 0.34079316042062013 0.7264604938743905
 0.3474504627971445 0.7156444669290831
 0.35420080581004537 0.7045962714165875
 0.36104908633492155 0.6933360959079637
 0.3679928559339738 0.6818740346887416
 0.3750345630450014 0.6702454177582758
 0.3821766561058036 0.6584653865448612
 0.38941913511638065 0.6465654285101584
 0.39676444851453174 0.6344965055540703
 0.404212596300257 0.6223328914905188
 0.4117660269113558 0.6100582402861383
 0.41942718878562746 0.5976775990836936
 0.42719608192307196 0.5852111564542446
 0.4350751547614887 0.5726387238267315
 0.44306195886307836 0.5599653483439191
 0.4511638395412391 0.5471809357202776
 0.4593807967959708 0.5342652973847473
 0.46771283062727365 0.5212083390517981
 0.4761599410351474 0.5080807207201394
 0.4847294733329904 0.49495360710275726
 0.49341653064520385 0.48188705919855457
 0.5022260098473864 0.46889874200720877
 0.5111603593773376 0.45596039152923606
 0.5202195792350572 0.4430397060509408
 0.529406117858345 0.43014980814351167
 0.538722423685 0.4172836318070779
 0.5481684967150223 0.4044002951852433
 0.5577467853862115 0.39150736899215516
 0.5674572896985672 0.37865683879829276
 0.577307354965488 0.3658512281750385
 0.5872920843113748 0.35304814112316674
 0.5974188230496258 0.34022637964306457
 0.6076851227424417 0.3274005804487504
 0.6180958802654212 0.3146197008250445
 0.6286510956185644 0.30195641962776204
 0.6393556656774699 0.2894556564275113
 0.6502071420043386 0.2771699015090478
 0.6612104214747689 0.2650875464440122
 0.6723679525265606 0.25320202994681
 0.6836797351597133 0.24153808301698948
 0.695150666249826 0.2301275026539699
 0.7067782973590993 0.21897432657196325
 0.7185699738009311 0.20805685205708016
 0.7305232471375225 0.19740687610873994
 0.7426430142444719 0.1870804220116336
 0.7549317235595787 0.1770421597664064
 0.7673918235206424 0.16722445766000793
 0.7800208656898636 0.15763993354935057
 0.7928286438184399 0.14828606386305185
 0.8058102610307724 0.13916032502972925
 0.8189730626402592 0.13033892890513374
 0.8323170486469003 0.12183954048894256
 0.8458471159262947 0.11367629178089769
 0.8595608160406428 0.105861295923635
 0.8734654943033431 0.09835720406069379
 0.887561150714395 0.09117411047760396
 0.9018502337115983 0.08429889260317666
 0.9163351917327525 0.0778724881499867
 0.9310209216534558 0.07135700912526849
 0.9459074234737088 0.06522725423722564
 0.9609971456313107 0.059318059488011506
 0.9762949850018601 0.05366273601987482
 0.9918009415853573 0.04829232376082007
 1.0075223606952 0.04324058809594484
 1.0234543454557898 0.03853432935333106
 1.039606689618324 0.03415805280469031
 1.055979393182803 0.030125739035481526
 1.0725749045870259 0.02645863651674518
 1.0893956722687919 0.02313822223453387
 1.1064465931037 0.020115841732593405
 1.1237276670917502 0.017359294240083332
 1.1412462395463407 0.014876806599710543
 1.158999862029672 0.01266494675439486
 1.1769958798551423 0.010691816761861742
 1.1952342930227515 0.008929606865476268
 1.2137199984080989 0.007359491222725135
 1.2324578928867822 0.005969709990965994
 1.2514455280210028 0.004727269997944303
 1.270690249124159 0.00360295838133648
 1.2901945046340495 0.002592858558356917
 1.3099631914262737 0.001699322497534085
 1.3299963095008311 0.0009249747131057624
 1.3502963072955214 0.0002598289283972013
 1.370870530123743 -0.00031681016078503676
 1.3917214264232947 -0.0008363367918675505
 1.412851444631976 -0.001312070374607067
 1.4342630331875865 -0.0017279196084403433
 1.4559586405279257 -0.0020760614220816935
 1.4779480604041908 -0.0023558497812572023
 1.500226395940783 -0.002560809201799427
 1.5228034408889004 -0.002696562200748532
 1.5456791952485422 -0.0027843269662884062
 1.5688610043331073 -0.002846709650863301
 1.592346419704796 -0.0028935319942938265
 1.6161452351148058 -0.0029244558380147312
 1.6402574505631364 -0.002938931043464634
 1.6646904113631866 -0.002931998524791472
 1.6894416690771565 -0.0029249756937195217
 1.714521017456244 -0.002893829775716959
 1.7399309049382479 -0.00284619988944404
 1.7656737799609685 -0.002795208606089658
 1.7917545394000034 -0.002763926415232441
 1.8181756316931532 -0.002767439226596853
 1.8449419537160159 -0.0027962483174992394
 1.8720584023441904 -0.0027932019828828345
 1.8995274260154766 -0.0027901160390398144
 1.9273539216054725 -0.0026838837781229547
 1.955542785989777 -0.0012363884688465047
 1.9840964676061899 -0.001618336406788827
 2.01301986333031 -0.0016784846645657278
 2.0423178700377354 -0.0015759923025384303
 2.0719929361662657 -0.001472180884539865
 2.1020499585915005 -0.0011871586383170938
 2.132493834189037 -0.0009086673948321795
 2.163329459834476 -0.0006586622251126946
 2.194559283965615 -0.00044524884043916333
 2.226190651895853 -0.00027221714031379346
 2.25822356362519 -0.0001269840931092654
 2.2906653644670247 0.000006078980631827358
 2.3235209512969544 0.0001206368063680528
 2.3567927725527795 0.00018055345698798848
 2.390485725110099 0.00018359991236091777
 2.4246047058445113 0.000184809207767402
 2.459161956945013 0.00021733350045907503
 2.494150133098206 0.0002724563748808525
 2.5295545436772944 0.00031834802518551983
 2.5654241574382657 0.0003573927216152435
 2.60175897438112 0.00046813763287825293
 2.6385345101278634 0.0006941537330358872
 2.675750764678496 0.0009165611261165756
 2.7134567067890054 0.001025998322689184
 2.751603367703403 0.000995503486103301
 2.7902397161776786 0.0007981097325657501
 2.82936575221183 0.0005095393449792126
 2.8689569914278645 0.0003105229350427272
 2.909037918203776 0.00030269268284044
 2.9496085325395645 0.0002947667647590778
 2.9906688344352292 0.00021391456595009172
 3.0322433082687645 0.000012899689364393109
 3.074307469662177 -0.00024679165392103543
 3.116885802993459 -0.0005149801648798386
 3.160002792640607 -0.0006621144707639268
 3.2036094698476303 -0.0006876782488684446
 3.2477548033705186 -0.0007046517899870021
 3.292438793209272 -0.0006565497154687385
 3.3376614393638886 -0.000607867780326146
 3.3833982574563763 -0.0004929579668534925
 3.4296982162427225 -0.0004317613608283631
 3.4765613157229267 -0.00038602062009236807
 3.5239630715189953 -0.0005734210309553001
 3.571903483630928 -0.0010185386456825745
 3.6204315208147135 -0.0015235052793167343
 3.669547183070351 -0.0018287564737414614
 3.719201501641853 -0.002049533639709068
 3.7694679296632003 -0.002621021614985389
 3.820297498378406 -0.003366449271370496
 3.871714692165464 -0.0027985686592573705
 3.923743995402368 -0.0022239275636667007
 3.9763609237111237 -0.002923702762741247
 4.029565477091732 -0.0036312930408189605
 4.08340662430018 -0.003615854800124969
 4.1378353965804795 -0.003600248065671697
 4.19290076268862 -0.0032889554413573136
 4.248578238246605 -0.002657310571465445
 4.30489230763243 -0.0018670138158998516
 4.361842970846095 -0.0011581779445606984
 4.4194302278876005 -0.0006547557366126163
 4.477629594378952 -0.0001838795240700965
 4.536514523454129 0.00045891953133233166
 4.596036046357147 0.0011244327480341818
 4.6561941630880055 0.0015452079932060582
 4.71703784240269 0.0015083537567363269
 4.77854259992321 0.0010444304880668149
 4.840708435649562 0.0004945538733957724
 4.903559833959742 0.00015678999470773147
 4.967072310475755 0.0001562079200021599
 5.031270349575596 0.00015561956230053745
 5.096178435637258 -0.0000921325628886697
 5.161747599904754 -0.0003943600140829101
 5.228026811134071 -0.0003484147622317343
 5.2949915849472164 -0.00030199427319849923
 5.362666405722181 -0.00008682347341420921
 5.431075757836962 -0.000014637975804072679
 5.500170672535571 0.000005788164265710414
 5.569975634196001 0.000016236096643760216
 5.640515127196245 0.00002679396868204906
 5.711764667158311 0.00008381487161201708
 5.783724254082198 -0.00006623365450455849
 5.856442856723895 -0.00040120293024364164
 5.929895990705406 -0.00046191907824731144
 6.004059171648739 -0.00040674993142662005
 6.07898136830988 -0.00035101616144599416
 6.154638096310837 -0.00024092687402815294
 6.231053840029603 -0.00018499948504964095
 6.308204115088183 -0.00015254231935674187
 6.3861378902425665 -0.00011469732876224891
 6.464781712358772 -0.00005934783763032477
 6.5442090345707795 -0.000012772905138137336
 6.624395372500596 0.000007508735234284978
 6.705340726148221 0.000011689384529355912
 6.78706957989165 0.000010980664742300354
 6.869532964974893 0.000009289013901769007
 6.952804334531934 0.000007573641490242352
 7.0368102354287885 0.000006066564660625559
 7.12162412079944 0.000004808695552171388
 7.207197021887901 0.0000037845848608762986
 7.293553423072164 0.0000029627384158869457
 7.380668839974237 0.0000023094766335327574
 7.468592241350106 0.0000017937999629513547
 7.557274658443784 0.0000013889030289180394
 7.646765060011258 0.0000010723714704136286
 7.737014477296543 8.258437820592005E-7
 7.8280718790556225 6.344510812691857E-7
 7.919888296532513 4.863063374035528E-7
 8.012512698483198 3.7193858706385574E-7
 8.105920600529686 2.838689741009781E-7
 8.200112002671977 2.1621000647959513E-7
 8.295086904910072 1.6434910042681075E-7
 8.390869791621963 1.246831007227205E-7
 8.487411694051662 9.440932898994277E-8
 8.584761580955158 7.135044783967405E-8
 8.682870483576465 5.382273044552402E-8
 8.781787370671568 4.052532623125213E-8
 8.881487757862471 3.045713442942874E-8
 8.981971645149178 2.284856671125287E-8
 9.083214548153695 1.7109662558928458E-8
 9.185265435632008 1.2789106466412854E-8
 9.288075338828131 9.542481411425253E-9
 9.391668742120055 7.107335970187779E-9
 9.496045645507783 5.2842575320568955E-9
 9.601206048991314 3.921841908369362E-9
 9.707100983814659 2.905589618359314E-9
 9.813779418733807 2.1489118807511134E-9
 9.921241353748758 1.5865239038800135E-9
 10.029437820103524 1.1692867057863734E-9
 10.138417786554093 8.602905314300464E-10
 10.248132284344477 6.318669441735268E-10
 10.358605797852672 4.6330146068086915E-10
 10.46981384270068 3.3912862609168596E-10
 10.581780903266496 2.478177380451516E-10
 10.694482495172128 1.8078915855511206E-10
 10.807918618417576 1.3166986045225344E-10
 10.922089273002838 9.573773696568E-11
 11.036969974549923 6.949713701638105E-11
 11.152585207436822 5.0366295665797064E-11
 11.268910487285542 3.644274292010435E-11
 11.385945814096083 2.632599760488205E-11
 11.503691187868444 1.8987502496059143E-11
 11.622146608602629 1.3673063050267795E-11
 11.741263107542647 9.830723734732069E-12
 11.861089653444486 7.057268313959385E-12
 11.981577277552159 5.058498836180275E-12
 12.102725979865665 3.620335693876234E-12
 12.224560244762998 2.587185569889103E-12
 12.347055587866166 1.846148927709511E-12
 12.470187524797172 1.3154418659740596E-12
 12.593956055556019 9.359522486195484E-13
 12.7183856645207 4.736879757768785E-13
 12.843427382935225 4.718205329538436E-13
 12.969081210799597 3.343015387512791E-13
 13.095347148113815 2.365444399653389E-13
 13.222200710499886 1.6715076937563954E-13
 13.349666382335803 1.1796081127407148E-13
 13.477695194865575 8.314006862434203E-14
 13.606311632467204 5.852414393108344E-14
 13.735491210762687 4.114577149134856E-14
 13.86523392975203 2.889292394371261E-14
 13.995490820679244 2.0264984801297946E-14
 14.126310852300316 1.419715835498115E-14
 14.257645055859255 9.934997704256123E-15
 14.389468946978075 6.9447675017284454E-15
 14.52183149441276 4.849410852856314E-15
 14.654659245029327 3.382746495358549E-15
 14.787976683205768 2.35730335837351E-15
 14.921759324564094 1.6411188471685764E-15
 15.056007169104305 1.141451713437624E-15
 15.190671248070407 7.932039097982098E-16
 15.325800530218395 5.507290770840439E-16
 15.461346046792277 3.820560894504927E-16
 15.597283313414062 2.6482963744872283E-16
 15.733636814461741 1.8343739436388611E-16
 15.87038206555732 1.2696440925248205E-16
 16.007470097944815 8.782179825311812E-17
 16.144925396002215 6.070703317692826E-17
 16.282747959729527 4.193771866259829E-17
 16.420888820370756 2.895439814258981E-17
 16.559347977925903 1.9983758006434426E-17
 16.698125432394974 1.3785513391071082E-17
 16.837172215021972 9.502911812147974E-18
 16.9765128101849 6.548415380396206E-18
 17.116122733505758 4.510126774767467E-18
 17.25600198498455 3.106940331824593E-18
 17.396101595865286 2.1376315166714298E-18
 17.53642156614797 1.4706162702827277E-18
 17.6769374114546 1.0103118029756912E-18
 17.817673616163177 6.940174601812332E-19
 17.958581211517707 4.764765221545185E-19
 18.099660197518197 3.2751868358945054E-19
 18.240910574164644 2.242859396178062E-19
 18.382283372701057 1.5176909708515012E-19
 18.523778593127442 1.033165265415426E-19
 18.665371751065802 6.992059229436113E-20
 18.80708733089413 4.4609827456650597E-20
 18.948876363856442 2.925606586565142E-20
 19.09071436557474 1.759827645000415E-20
 19.23262582042702 8.580748357562293E-21
