 0. 0.
 0.0008936944874018513 0.06479957997345377
 0.002693967141905911 0.1798159143465779
 0.00452018344333224 0.282563737131497
 0.006372744935479939 0.3739494033997959
 0.00825199439964092 0.4548487980400071
 0.010158323585863084 0.5262041376824641
 0.012092124244194332 0.5890521920409421
 0.01405378812468257 0.6444785450154291
 0.01604373146175369 0.6935476563605238
 0.018062321521077594 0.7372392808414934
 0.020109999021458182 0.7764119978583677
 0.022187155712943347 0.8117759512986863
 0.024294232314336982 0.8439118284128302
 0.026431620575686987 0.8732772626719378
 0.028599957090821207 0.9002359473561642
 0.030799143922227656 0.9250665397373224
 0.033030405288806026 0.9479975146968399
 0.03529349634677639 0.9691975694137914
 0.03758915162747856 0.9888035681710904
 0.03991810566225235 1.00692366857613
 0.04228035845109775 1.0236515740949101
 0.044676644525354595 1.0390788133149738
 0.047107453572582746 1.0532865000395968
 0.049573030436562145 1.0663470491502587
 0.052074354492412545 1.0783349083082518
 0.054611425740133945 1.0893156107188189
 0.05718497871106616 1.099353770272145
 0.05979550309276908 1.1085205251591268
 0.0624437334165825 1.1168780039860846
 0.06512991452628637 1.1244958691617313
 0.0678547809532205 1.1314292090937046
 0.07061857754116485 1.1377349009892703
 0.07342228366523913 1.1434608477795725
 0.07626614416922331 1.1486552660338598
 0.0791508935844572 1.1533625343766307
 0.08207702159850068 1.15763001544812
 0.08504526274269354 1.161503838473228
 0.0880561067045957 1.1650247548853074
 0.091110043171767 1.1682305188074997
 0.09420780667554728 1.171164659317205
 0.09735013174727634 1.1738593109803719
 0.10053750807451405 1.1763418631552676
 0.10377067018860024 1.1786350672579329
 0.10705010777709478 1.1807549873916208
 0.11037655537133749 1.182730293561374
 0.11375074750266818 1.184589403885928
 0.11717317385864674 1.18635626364669
 0.1206448138143929 1.1880504017411917
 0.12416591221368663 1.1896806137450906
 0.12773769327542758 1.1912535173725596
 0.13136064668717568 1.1927566449262046
 0.13503550698027067 1.19417758057739
 0.1387627638422725 1.1955060630347416
 0.14254364149208082 1.1967339653582303
 0.1463783847734756 1.197855276647806
 0.1502682179053565 1.1988576661760615
 0.15421363057528342 1.199728811379391
 0.15821535731459616 1.2004605893306168
 0.16227437749841447 1.201038546757087
 0.16639142565807818 1.2014587048040257
 0.17056748116870704 1.2017359286442018
 0.17480303371786093 1.2019060116158433
 0.17909930752443953 1.201985795333444
 0.18345679227600273 1.2019794968114377
 0.18787646734767025 1.201880815657328
 0.1923593121145619 1.2016834290382878
 0.19690606110801745 1.2013725843783867
 0.20151793854693661 1.2009145720546666
 0.20619543411887925 1.2002713791835433
 0.21093952719896514 1.19939641999505
 0.21575144200609395 1.198259702737209
 0.22063191307160548 1.1968436135376301
 0.2255821646143995 1.1951366017192178
 0.23060268632203582 1.193097231578707
 0.23569494725719406 1.190694124014453
 0.2408594371074341 1.1879293202627015
 0.24609738009165566 1.1848364968887284
 0.25141049011631833 1.1814622061265387
 0.2567995017127619 1.17783402496957
 0.26226441488098634 1.1739453001251428
 0.2678076780587911 1.169765388263444
 0.27342929124617604 1.165263002587706
 0.27912925444314135 1.1604343895919675
 0.2849124645252856 1.1552994867970117
 0.29077647305480964 1.1498893052903938
 0.29672617690731207 1.1442418446043539
 0.3027566792071941 1.1383557901215478
 0.30887532526785405 1.1322029030742884
 0.31507966665149234 1.125781050011999
 0.3213721517959085 1.1191442298131014
 0.32775522913890187 1.1123430445818985
 0.3342288986804724 1.1054224023790575
 0.34079316042062013 1.0984030203467612
 0.3474504627971445 1.0912922430206256
 0.35420080581004537 1.0841115499889482
 0.36104908633492155 1.0768782900942713
 0.3679928559339738 1.0695913968650614
 0.3750345630450014 1.0622378880551144
 0.3821766561058036 1.0547852684487624
 0.38941913511638065 1.0472241927923893
 0.39676444851453174 1.0395401567065106
 0.404212596300257 1.0316790464314172
 0.4117660269113558 1.0235751480576663
 0.41942718878562746 1.0152052472445887
 0.42719608192307196 1.0065602011990604
 0.4350751547614887 0.9976277979540181
 0.44306195886307836 0.9884027999827709
 0.4511638395412391 0.9788743569961997
 0.4593807967959708 0.96902570509513
 0.46771283062727365 0.9588654003895998
 0.4761599410351474 0.9484472863573723
 0.4847294733329904 0.9378246628351036
 0.49341653064520385 0.9270204443830022
 0.5022260098473864 0.9160529993021134
 0.5111603593773376 0.9049359136978411
 0.5202195792350572 0.8936748983743281
 0.529406117858345 0.8822587214063259
 0.538722423685 0.8707044662695512
 0.5481684967150223 0.8590006856525162
 0.5577467853862115 0.8470875598407774
 0.5674572896985672 0.8349319485420074
 0.577307354965488 0.8224985561001461
 0.5872920843113748 0.8097558888037978
 0.5974188230496258 0.7966827715015768
 0.6076851227424417 0.7832111065144577
 0.6180958802654212 0.7692740320160439
 0.6286510956185644 0.7548290532256093
 0.6393556656774699 0.739870297514842
 0.6502071420043386 0.7244321256684086
 0.6612104214747689 0.7085615565365815
 0.6723679525265606 0.6923174321199576
 0.6836797351597133 0.6758419804322517
 0.695150666249826 0.6593670567201476
 0.7067782973590993 0.643024971869645
 0.7185699738009311 0.6268212845969514
 0.7305232471375225 0.6107517222137028
 0.7426430142444719 0.5947223554830926
 0.7549317235595787 0.5786641357704279
 0.7673918235206424 0.5626535360649586
 0.7800208656898636 0.5468525863999513
 0.7928286438184399 0.5313232159842451
 0.8058102610307724 0.5159407810656609
 0.8189730626402592 0.5006205360717935
 0.8323170486469003 0.48535693138169445
 0.8458471159262947 0.47024940582138514
 0.8595608160406428 0.4553561711906768
 0.8734654943033431 0.4405626467832359
 0.887561150714395 0.4258543353934594
 0.9018502337115983 0.4113238280008837
 0.9163351917327525 0.39694233457685413
 0.9310209216534558 0.38277280659266755
 0.9459074234737088 0.3689306600739331
 0.9609971456313107 0.3552837133619342
 0.9762949850018601 0.34173352004767843
 0.9918009415853573 0.3283251130941301
 1.0075223606952 0.31502372820199614
 1.0234543454557898 0.30192710788841415
 1.039606689618324 0.2892132054152463
 1.055979393182803 0.27709142771284095
 1.0725749045870259 0.2657966996913087
 1.0893956722687919 0.255335987801092
 1.1064465931037 0.24555489240577874
 1.1237276670917502 0.23649078986884134
 1.1412462395463407 0.22820590086953857
 1.158999862029672 0.2206364635309527
 1.1769958798551423 0.21359988017210865
 1.1952342930227515 0.20680565588147212
 1.2137199984080989 0.2000043390549697
 1.2324578928867822 0.19316618016969017
 1.2514455280210028 0.1863729882555342
 1.270690249124159 0.1796446155902351
 1.2901945046340495 0.17296236521905517
 1.3099631914262737 0.16632906505003645
 1.3299963095008311 0.15980925077586083
 1.3502963072955214 0.15349681997061942
 1.370870530123743 0.1475074043749986
 1.3917214264232947 0.14204972183821057
 1.412851444631976 0.13726816293609206
 1.4342630331875865 0.1331548300358653
 1.4559586405279257 0.12961314018049777
 1.4779480604041908 0.12653039406352734
 1.500226395940783 0.12389624313308034
 1.5228034408889004 0.1217992887050016
 1.5456791952485422 0.12040163978866121
 1.5688610043331073 0.11978637035840313
 1.592346419704796 0.11980490811846435
 1.6161452351148058 0.12007275351499029
 1.6402574505631364 0.120181992324347
 1.6646904113631866 0.12007863813620558
 1.6894416690771565 0.12004143407153976
 1.714521017456244 0.12036600317821512
 1.7399309049382479 0.12125377638906286
 1.7656737799609685 0.12279142214822486
 1.7917545394000034 0.12487515245596553
 1.8181756316931532 0.1271132228898991
 1.8449419537160159 0.1289140330803291
 1.8720584023441904 0.12991127282124593
 1.8995274260154766 0.1303977439145671
 1.9273539216054725 0.13106968626519727
 1.955542785989777 0.13236216569919587
 1.9840964676061899 0.13408026982879762
 2.01301986333031 0.13571826176997331
 2.0423178700377354 0.1366244921639949
 2.0719929361662657 0.13632401031784133
 2.1020499585915005 0.1354357078125666
 2.132493834189037 0.134922888862259
 2.163329459834476 0.1349595433407983
 2.194559283965615 0.1350802830949745
 2.226190651895853 0.13466171800985724
 2.25822356362519 0.1337265264921844
 2.2906653644670247 0.13295966930926367
 2.3235209512969544 0.13268626635202677
 2.3567927725527795 0.13251307965359443
 2.390485725110099 0.1319856554829213
 2.4246047058445113 0.13054049000832812
 2.459161956945013 0.12802891732748162
 2.494150133098206 0.12518860103076657
 2.5295545436772944 0.12311181605249992
 2.5654241574382657 0.12283375133602076
 2.60175897438112 0.12428467117590197
 2.6385345101278634 0.12620008272794075
 2.675750764678496 0.12728582629465196
 2.7134567067890054 0.12673824332422334
 2.751603367703403 0.12432162036079768
 2.7902397161776786 0.12043286555802911
 2.82936575221183 0.11587869888269406
 2.8689569914278645 0.11146343392185175
 2.909037918203776 0.10908018910007522
 2.9496085325395645 0.11033818872867084
 2.9906688344352292 0.11327822698333231
 3.0322433082687645 0.11512382061162123
 3.074307469662177 0.11548450538917882
 3.116885802993459 0.11463923457011455
 3.160002792640607 0.11321828427621405
 3.2036094698476303 0.1116593272324151
 3.2477548033705186 0.11036105760044501
 3.292438793209272 0.11195500403383728
 3.3376614393638886 0.11755156438972204
 3.3833982574563763 0.12404321599045376
 3.4296982162427225 0.12799165821342168
 3.4765613157229267 0.12771809258479794
 3.5239630715189953 0.12611746976894125
 3.571903483630928 0.12668506798248796
 3.6204315208147135 0.12853017104827288
 3.669547183070351 0.1288196440645179
 3.719201501641853 0.12757990298464705
 3.7694679296632003 0.1278780396702076
 3.820297498378406 0.12983860170263406
 3.871714692165464 0.13068829394313156
 3.923743995402368 0.13039116377066712
 3.9763609237111237 0.131395630549586
 4.029565477091732 0.13364271238563094
 4.08340662430018 0.13410492352775596
 4.1378353965804795 0.13252507679387243
 4.19290076268862 0.1278713298646538
 4.248578238246605 0.12045926492554303
 4.30489230763243 0.11280741317650347
 4.361842970846095 0.10964300007818795
 4.4194302278876005 0.10975089323423833
 4.477629594378952 0.1096936241548634
 4.536514523454129 0.10737194221558659
 4.596036046357147 0.10355293327501539
 4.6561941630880055 0.10012612354872026
 4.71703784240269 0.09968256010928346
 4.77854259992321 0.09882393828809011
 4.840708435649562 0.09387875027564177
 4.903559833959742 0.08665965657167653
 4.967072310475755 0.0822934121943822
 5.031270349575596 0.08134560217631498
 5.096178435637258 0.08095470590936492
 5.161747599904754 0.08105159482003292
 5.228026811134071 0.08117977119370574
 5.2949915849472164 0.08002699203679109
 5.362666405722181 0.08028452579590907
 5.431075757836962 0.08093225850105132
 5.500170672535571 0.0821804855499129
 5.569975634196001 0.08495447451199135
 5.640515127196245 0.08441390625869787
 5.711764667158311 0.07776266596590659
 5.783724254082198 0.07118944439417088
 5.856442856723895 0.0629945311261727
 5.929895990705406 0.05010427843014142
 6.004059171648739 0.03659078906114618
 6.07898136830988 0.027037065712884854
 6.154638096310837 0.023179158623053232
 6.231053840029603 0.020792174674030675
 6.308204115088183 0.018479562275812225
 6.3861378902425665 0.01682822402900966
 6.464781712358772 0.015372812856215798
 6.5442090345707795 0.013461335992030182
 6.624395372500596 0.011408271193432191
 6.705340726148221 0.00939564047625655
 6.78706957989165 0.007759470658511655
 6.869532964974893 0.006553761560122086
 6.952804334531934 0.005641361590091554
 7.0368102354287885 0.004915679260003532
 7.12162412079944 0.004316670860374678
 7.207197021887901 0.003809600900440877
 7.293553423072164 0.0033728412216567877
 7.380668839974237 0.002992042614656179
 7.468592241350106 0.002657216836070187
 7.557274658443784 0.002361073935045797
 7.646765060011258 0.0020980948108495355
 7.737014477296543 0.0018639492246994478
 7.8280718790556225 0.0016551353444767636
 7.919888296532513 0.0014687510245197332
 8.012512698483198 0.001302329468033309
 8.105920600529686 0.001153745372986411
 8.200112002671977 0.0010211388513871455
 8.295086904910072 0.0009028615513055044
 8.390869791621963 0.0007974521265250466
 8.487411694051662 0.0007035928805280061
 8.584761580955158 0.0006201033623330627
 8.682870483576465 0.0005459168436017847
 8.781787370671568 0.00048007102056946187
 8.881487757862471 0.000421695974821475
 8.981971645149178 0.0003700050641538789
 9.083214548153695 0.0003242873211377345
 9.185265435632008 0.00028390289026230625
 9.288075338828131 0.00024827149601059663
 9.391668742120055 0.00021687200237094684
 9.496045645507783 0.0001892359241497229
 9.601206048991314 0.0001649412430108344
 9.707100983814659 0.00014361001584808263
 9.813779418733807 0.00012490283538210264
 9.921241353748758 0.00010851655212417902
 10.029437820103524 0.00009418014210313553
 10.138417786554093 0.00008165184159204705
 10.248132284344477 0.00007071629835439987
 10.358605797852672 0.00006118213635346553
 10.46981384270068 0.00005287918248571095
 10.581780903266496 0.00004565665918178087
 10.694482495172128 0.00003938096993603398
 10.807918618417576 0.00003393413930537332
 10.922089273002838 0.0000292117352174499
 11.036969974549923 0.00002512200071454397
 11.152585207436822 0.000021584020747626167
 11.268910487285542 0.000018526520265813485
 11.385945814096083 0.00001588708702837564
 11.503691187868444 0.000013610947753893071
 11.622146608602629 0.000011650095920189738
 11.741263107542647 0.000009962634256562219
 11.861089653444486 0.000008511888104601977
 11.981577277552159 0.000007265886960411121
 12.102725979865665 0.000006196807940849603
 12.224560244762998 0.000005280429926153423
 12.347055587866166 0.000004495696075390193
 12.470187524797172 0.00000382433782933345
 12.593956055556019 0.000003250513817606128
 12.7183856645207 0.0000027605123625286526
 12.843427382935225 0.000002342477991921355
 12.969081210799597 0.000001986151130620325
 13.095347148113815 0.0000016827039298185967
 13.222200710499886 0.0000014245118572719577
 13.349666382335803 0.000001205017850748072
 13.477695194865575 0.000001018582768034123
 13.606311632467204 8.60356878224905E-7
 13.735491210762687 7.261856957101182E-7
 13.86523392975203 6.12504442786792E-7
 13.995490820679244 5.162605666748842E-7
 14.126310852300316 4.3484328224983633E-7
 14.257645055859255 3.660223585815869E-7
 14.389468946978075 3.078927718911969E-7
 14.52183149441276 2.5882956704443245E-7
 14.654659245029327 2.1744978581423744E-7
 14.787976683205768 1.8257450703685686E-7
 14.921759324564094 1.532019221248372E-7
 15.056007169104305 1.284806836451713E-7
 15.190671248070407 1.0768829769115543E-7
 15.325800530218395 9.021149559272022E-8
 15.461346046792277 7.553136668261662E-8
 15.597283313414062 6.320777101772457E-8
 15.733636814461741 5.286877777322225E-8
 15.87038206555732 4.419991945730309E-8
 16.007470097944815 3.693558774712654E-8
 16.144925396002215 3.085175132400282E-8
 16.282747959729527 2.575922679397899E-8
 16.420888820370756 2.1498935132786624E-8
 16.559347977925903 1.7936682070418638E-8
 16.698125432394974 1.4959673269865112E-8
 16.837172215021972 1.247307784853395E-8
 16.9765128101849 1.0397197824269784E-8
 17.116122733505758 8.665179368353767E-9
 17.25600198498455 7.220874079793917E-9
 17.396101595865286 6.017266455445496E-9
 17.53642156614797 5.014988961453642E-9
 17.6769374114546 4.181092684675938E-9
 17.817673616163177 3.4880497322898795E-9
 17.958581211517707 2.912885702607591E-9
 18.099660197518197 2.43645190920362E-9
 18.240910574164644 2.0428546768970793E-9
 18.382283372701057 1.7189045071226096E-9
 18.523778593127442 1.4537243145898937E-9
 18.665371751065802 1.2383919840966943E-9
 18.80708733089413 1.065655790367648E-9
 18.948876363856442 9.296979831792385E-10
 19.09071436557474 8.259552645079902E-10
 19.23262582042702 7.509576883553041E-10
 19.374561759657293 7.022354426047335E-10
 19.51652218326556 6.782587632190149E-10
