 0. 0.
 0.0007092928942560855 0.06400002239992791
 0.00213810399196749 0.17803419411783244
 0.00358750562108807 0.2803958707961218
 0.005057816472364438 0.37198886557095545
 0.00654930859887297 0.4536490166681145
 0.008062292918415238 0.5262368100016525
 0.009597080348792818 0.5906850949840003
 0.011153981807807281 0.6479743984564228
 0.0127333276456228 0.6990797566066178
 0.014335409347678347 0.7449071583186193
 0.015960576696500695 0.7862646383901843
 0.01760914060989141 0.8238336948951619
 0.019281450870377272 0.8581762910275751
 0.020977818395759847 0.889735537234873
 0.022698748427466695 0.9188702800034562
 0.02444416323604742 0.9458558869548819
 0.026215034439631933 0.9709033764084879
 0.028011167714594266 0.9941792104051548
 0.029833146031812353 1.0158116935093422
 0.031681552362164155 1.0359059122208896
 0.03355638670564966 1.0545560766764899
 0.035458232033146825 1.071845798472348
 0.037387476991907614 1.0878480541444622
 0.039344315905558015 1.1026388968911813
 0.04132952606860196 1.1162882101489424
 0.04334310748103944 1.1288569355410658
 0.04538564311374841 1.140405937969926
 0.04745752161398084 1.1509908181414772
 0.049559325952614676 1.1606607511901976
 0.051691250453275904 1.169466715553983
 0.05385387808684247 1.177454313174703
 0.05604740317694036 1.1846717390199608
 0.0582726030180735 1.1911644617974175
 0.06052967193386787 1.19697927474199
 0.06281919289520145 1.2021718690574106
 0.06514155454932616 1.2067886466219262
 0.06749733986711999 1.2108835389000663
 0.06988693749583488 1.2144999510237784
 0.0723107360827228 1.2176729297279814
 0.07476931859866172 1.2204384541209137
 0.07726326801452958 1.222835351752924
 0.07979297297757833 1.2249053890124075
 0.08235901645868592 1.2266897654020845
 0.08496178710510434 1.2282256307267918
 0.08760186788771152 1.2295426092186779
 0.09027984177738542 1.2306629036579568
 0.092996097421378 1.2315977925949024
 0.0957514121141932 1.2323655899170394
 0.098545980179457 1.2329827024440534
 0.10138077323529929 1.2334708074519272
 0.1042561799289721 1.2338407803379292
 0.1071727832313533 1.2340927273477647
 0.11013097178969493 1.2342285072411026
 0.11313171722212685 1.234253517697497
 0.11617521385227506 1.2341802713582
 0.1192624332982695 1.234021258245209
 0.12239376420736209 1.2337871679533077
 0.12556978955043083 1.2334904706386212
 0.1287912866219796 1.233131121110492
 0.13205883839288643 1.2327108532572952
 0.13537322215765518 1.23223676223637
 0.1387348265635378 1.231712366159862
 0.1421446232286643 1.231128645891625
 0.14560300080028654 1.2304711816129306
 0.14911073657290852 1.2297147527878196
 0.15266860784103417 1.228846616602814
 0.1562771975755414 1.2278683318514798
 0.15993747739456018 1.2267922162443352
 0.16364983594534244 1.2256324042453963
 0.16741505052239208 1.2243922596759187
 0.17123409274383908 1.2230661298350454
 0.17510754558056135 1.2216483200907717
 0.1790363806506889 1.2201421250582518
 0.18302098660147353 1.2185417885698442
 0.18706252937467124 1.2168360671614136
 0.191161397617534 1.2150190728385228
 0.1953185629481917 1.2130957584141675
 0.19953538563202622 1.2110528727421506
 0.20381244863991554 1.2088624504614924
 0.20814975197185961 1.2065072403981214
 0.2125492388641183 1.203993600879236
 0.21701090931669162 1.201353574457637
 0.22153476332957953 1.1986084010270128
 0.2261246873753017 1.1957573564102892
 0.23077873821759834 1.1927848931279281
 0.23550080232898907 1.1896715673387688
 0.24028699323695424 1.1863939682171747
 0.24514314065027337 1.1829451385401493
 0.25006730133268656 1.1793385331759616
 0.2550614185204537 1.17558582922162
 0.2601274354498347 1.171700677508232
 0.26526535212082936 1.1676836442721183
 0.27047516853343784 1.163510623063371
 0.2757588279239199 1.1591723206349387
 0.28111633029227556 1.1546821505130984
 0.2865515621110245 1.1500536718439351
 0.29206258014390685 1.1452967590255438
 0.2976513276271825 1.1404426730246267
 0.3033197477971112 1.1355192946376889
 0.309067840653693 1.1305257185713073
 0.3148975494331877 1.125441418978685
 0.3208088741355954 1.1202435100365689
 0.3268037579971758 1.1149007378779177
 0.33288414425418883 1.109391134679238
 0.33905003290663444 1.1036882289687024
 0.3453033671907725 1.0977669143211133
 0.35164220387034306 1.0915852586254913
 0.3580723726541258 1.0851042693544741
 0.36459387354212053 1.078296056482819
 0.3712067065343274 1.0711337958167821
 0.3779108716307463 1.0636207002268985
 0.38471219854015687 1.0557952255516339
 0.39160680079003934 1.04767983632516
 0.39859856485291334 1.0392613760952334
 0.40568943396503876 1.0305366966757346
 0.4128794081264156 1.0215173782779439
 0.4201704305733037 1.0122347543332457
 0.42756444454196285 1.002701303025812
 0.4350614500323931 0.9929009166897841
 0.4426633902808542 0.9828300969119338
 0.4503702652873463 0.9725325890040026
 0.45818790476064875 0.9620813306863648
 0.46611242222824195 0.951517601982724
 0.47414964739890536 0.9408329272848457
 0.4822976370363791 0.9299638655422472
 0.490560277613183 0.9188774787834865
 0.4989375691293169 0.9075730912763401
 0.5074333980573006 0.8960596772121192
 0.5160458211608742 0.88437145802496
 0.5247787249125573 0.8725317335819239
 0.5336340525486097 0.8605675593206469
 0.5426118040690316 0.8485048544819958
 0.5517158659463426 0.8363261735975301
 0.5609442949442828 0.8239728568973842
 0.5703029207716317 0.8113689929220513
 0.5797898001921294 0.7984447276839763
 0.5894088196782957 0.7852038966457343
 0.5991619224663906 0.7717644938203884
 0.6090510517926734 0.7582468266579983
 0.6190742644208846 0.7445666807453163
 0.6292393332960636 0.7306666491518125
 0.6395423719456907 0.7166447062242522
 0.6499892100785453 0.7025406309352876
 0.6605798476946273 0.6883077317850673
 0.6713181712664567 0.673921488218959
 0.6822022375577733 0.6593996176764942
 0.6932378762773569 0.6447086739336646
 0.7044250874252073 0.6298438277367067
 0.7157658142375843 0.6148720791188087
 0.727261999950748 0.5997813788697238
 0.7389175310372178 0.584512346016768
 0.7507324074969938 0.5690591497949913
 0.7627085725663357 0.5534175186686751
 0.7748499127177635 0.5376481096284466
 0.7871564279512769 0.521860611691988
 0.7996339479756556 0.5061923042119374
 0.8122785863183796 0.49076738825797833
 0.8250981159244885 0.47563457907662265
 0.8380925367939822 0.4607231211121251
 0.8512637921631206 0.4459746331445925
 0.8646138252681637 0.4314129852508712
 0.8781465225816307 0.4169340178068723
 0.8918618841035221 0.4023724323921879
 0.905765739542617 0.38769446595689194
 0.9198561456626557 0.3730489508874236
 0.9341389321724178 0.35857455637378377
 0.9486140990719033 0.34437290861224296
 0.9632855328336318 0.33062592082406994
 0.9781571199301229 0.3174149051227812
 0.9932269171251167 0.3046684683125951
 1.008500754127393 0.292321425558503
 1.0239805741732113 0.28038957983791823
 1.0396702637350914 0.26877811909071525
 1.0555698228130335 0.2573016816476664
 1.0716811946432971 0.24598633821787458
 1.088010208934662 0.2349182685789736
 1.1045588089233875 0.22409377048848372
 1.121328937845734 0.21363453493387913
 1.1383225389379612 0.20359772919641006
 1.1555415554363289 0.193905234469246
 1.1729937602858762 0.1845449910614675
 1.1906752670140839 0.17545658046466836
 1.2085938485659908 0.16661157043688188
 1.2267495049415973 0.15818971878773513
 1.2451480658496825 0.15027539942056603
 1.2637875880539873 0.14294707161770784
 1.28267584449955 0.13632306644460315
 1.3018128351863714 0.13034246112771905
 1.3212043898232309 0.1249224226646808
 1.3408485651738684 0.12014086341793985
 1.3607531341833232 0.1160309250848647
 1.3809200400878552 0.11253081879810131
 1.4013512261237246 0.10968405802931973
 1.4220505787634503 0.10749680849131964
 1.443020041243293 0.10567262418377205
 1.4642635000357718 0.10385694958100679
 1.4857848416134065 0.10186425561646313
 1.5075860092124571 0.09981235646304655
 1.529670889305443 0.09804986373830657
 1.552043368364884 0.09698195033946261
 1.57470538962704 0.09691485769552444
 1.5976608395644303 0.09795244325865267
 1.6209136046495751 0.0998337821309826
 1.6444656281187335 0.10197848089661615
 1.6683207964444262 0.10384208724389914
 1.6924829960991719 0.1052500854544839
 1.716956113555491 0.10622599183484441
 1.7417420920496427 0.10648037456513369
 1.7668467612904069 0.10568535143874457
 1.7922701212777834 0.10415777315832554
 1.818018001720552 0.10253135642557726
 1.8440942890912317 0.10118687382934369
 1.870500926626083 0.10017200762682228
 1.8972418007976255 0.09936756347356203
 1.9243207980783787 0.09873894157440616
 1.9517476346496414 0.09846097796301352
 1.9795164808026346 0.0986057599402397
 2.0076156771197993 0.09884161006763756
 2.036084088326332 0.09872911551526672
 2.0649217144222325 0.0981759391215138
 2.094109123044903 0.09752449096134386
 2.123646314194343 0.09719384016927914
 2.1535721525957494 0.09720563608886885
 2.183847773523925 0.09734231899124676
 2.214512041704068 0.0973321254022208
 2.245564957136176 0.0972407885135625
 2.2769870874576528 0.0972825013543081
 2.308797865031096 0.09715980545430315
 2.3409972898565052 0.09626105970635172
 2.373585361933881 0.09447106032369695
 2.4065815136258206 0.09264553128827
 2.4399663125697275 0.0914822834480218
 2.4737591911281984 0.09086487100953108
 2.507979581663833 0.09107598230853728
 2.5425886194514327 0.0919657012904478
 2.5776251692161964 0.09257767767076718
 2.613089230958123 0.09219486131232366
 2.648980804677212 0.09107331920086813
 2.6852804580108662 0.09047578254403997
 2.7220270556842814 0.09063575411306757
 2.7592205976974578 0.09095315622731462
 2.7968416516877967 0.09178426754264496
 2.834890217655299 0.09410789717280403
 2.873405160325161 0.09801140209300382
 2.912386479697383 0.10248059236200273
 2.951795311046767 0.1058048294441058
 2.9916899514611095 0.10753392794561328
 3.032031536215213 0.10780649668191401
 3.072839497671676 0.10621602804943217
 3.1141332681930973 0.10334552407298367
 3.1558934154168776 0.10043008871428803
 3.198119939343018 0.09859681513353576
 3.2408517046967145 0.09888554636508833
 3.2840498467527706 0.10043118644885268
 3.327753230236383 0.10040330027179044
 3.371942422784953 0.09702263817425866
 3.4166368567610794 0.09268431646598421
 3.4618365321647615 0.0907563373335293
 3.507541448996 0.09087020936468827
 3.5537321748921973 0.0917773006392433
 3.6004670069411464 0.09129795699563625
 3.647707080417652 0.09010801810485933
 3.6954523953217144 0.09059536178604775
 3.7437418163785288 0.09139499186322193
 3.7925559112254983 0.08766738305682059
 3.8418946798626217 0.08152268735557243
 3.891777554652499 0.07708926193048726
 3.9421851032325295 0.07444422935929716
 3.993136757965314 0.07278275246090009
 4.0446519512134484 0.07163369669578384
 4.096691818251739 0.07048905756084578
 4.149295223805379 0.06974788265759028
 4.202442735511773 0.07005511435870201
 4.256153785733518 0.06990419071341154
 4.310447806833212 0.06903165344481689
 4.36528593408566 0.06713777854435417
 4.420687599853458 0.06552361050315611
 4.476672236499206 0.06439339133941452
 4.533220411660304 0.0628148234260344
 4.590332125336754 0.06025538200065971
 4.648046242253752 0.05837728955356967
 4.7063433300487 0.05501696339248285
 4.765203956358999 0.050212673181541934
 4.824666985909845 0.04579307656833595
 4.8847129863386405 0.039632272793111926
 4.945361390007984 0.030930047866201387
 5.006592764555277 0.023081170278594885
 5.068445974705716 0.018098129443456453
 5.130862723371507 0.016187859538330372
 5.193901307640443 0.015754122609818465
 5.2575422951499275 0.015273103549726181
 5.321785685899959 0.014509168374619701
 5.386650912253137 0.012781673267884371
 5.452099109484265 0.010539767507664896
 5.518188574681138 0.008627579923909072
 5.584861010755958 0.007099026398191273
 5.652174714796525 0.00592665770287356
 5.720090822077638 0.005042086604279898
 5.7886287649618975 0.004350854050031266
 5.857769111086705 0.0037885229793491897
 5.927550725177258 0.0033176567841870404
 5.997934742508358 0.0029156919427570107
 6.068960027805201 0.0025680846785027483
 6.140587716342593 0.0022648280662108636
 6.21285667284573 0.0019986668022308686
 6.2857280325894145 0.0017641331970797687
 6.359240660298843 0.0015569215965358027
 6.433375123611418 0.0013735463904904967
 6.508131422527138 0.0012111165944004429
 6.583509557046005 0.0010671844971618706
 6.659528959530617 0.0009396369378361175
 6.736150765255776 0.0008266444920233436
 6.813413838946679 0.0007265904540279872
 6.891279315878132 0.0006380527947664482
 6.969786060775327 0.0005597661755006065
 7.048914641275668 0.0004906029239280823
 7.128665057379156 0.0004295557626387
 7.209017876723192 0.0003757256916302238
 7.290011964032972 0.00032830700180648325
 7.3716084545833 0.0002865800306003814
 7.453826780736774 0.00024990008479726676
 7.536666942493395 0.00021769240433551444
 7.620128939853161 0.000189441280385553
 7.704173908090877 0.00016468870290366105
 7.788840711931739 0.00014302463709424762
 7.874129351375747 0.00012408475292173668
 7.9600009616977045 0.00010754458972910993
 8.046494407622808 0.00009311580715688833
 8.133570824425862 0.00008054257168931487
 8.221249644469461 0.00006959819363705148
 8.309511435391013 0.00006008179103054379
 8.39837562955311 0.00005181610813984155
 8.487822794593159 0.000044644308364162284
 8.577852930511154 0.00003842824444961582
 8.668466037307102 0.000033046182423610955
 8.7596426826184 0.00002839108903688977
 8.851402298807647 0.00002436889955382507
 8.943725453512245 0.0000208972023368658
 9.036612146732194 0.000017903652555038242
 9.130062378467494 0.000015324987343050584
 9.224076148718147 0.000013105943568705373
 9.318614592758953 0.000011198241934815115
 9.41371657531511 0.000009559817791139165
 9.509343231661424 0.00000815402658470782
 9.60549456179789 0.000006948976097104158
 9.702189998087109 0.000005916984341238789
 9.799410108166484 0.00000503403378365135
 9.897135459673413 0.000004279296198013953
 9.9953660526079 0.0000036347452862413348
 10.09412131933254 0.000003084795838663039
 10.193362395122138 0.000002615976551562596
 10.293089279976696 0.000002216670531039274
 10.39330197389621 0.0000018768764987660268
 10.493981044518083 0.0000015879627348253021
 10.595145924204918 0.0000013425207316782803
 10.696757748231509 0.0000011341845103011255
 10.798835948960463 9.574890088793427E-7
 10.901361094029175 8.077520445506107E-7
 11.004333183437652 6.809551029800406E-7
 11.107713352460692 5.736753221922432E-7
 11.211540465823493 4.829738328088785E-7
 11.315775658800858 4.0634757661737074E-7
 11.420399499030191 3.416602766347629E-7
 11.525450851236686 2.870919883388527E-7
 11.63087141833255 2.410919226051801E-7
 11.736680632680377 2.0234149498668567E-7
 11.842859061917576 1.6972136867060694E-7
 11.949406706044142 1.4227978168063584E-7
 12.056284700334878 1.1920970338368997E-7
 12.163531909514983 9.982715612692686E-8
 12.27110946885926 8.355269504425043E-8
 12.378997946005109 6.989662020403903E-8
 12.48721677331513 5.844425553218908E-8
 12.595746518426722 4.884562372914246E-8
 12.704548316614693 4.0805216939670105E-8
 12.813641600241638 3.4073746262670995E-8
 12.923026369307557 2.844121477801587E-8
 13.032663759087256 2.3730704129595906E-8
 13.142553769580731 1.979331308782556E-8
 13.252696400787986 1.6503857267065727E-8
 13.36305278798382 1.3757134114766668E-8
 13.473642363530836 1.1464782215418642E-8
 13.584445695066432 9.552688203775629E-9
 13.69546278259061 7.958668264810948E-9
 13.806654761378173 6.630673018819146E-9
 13.918021631429122 5.5250997160815196E-9
 14.029543960380856 4.605493642061739E-9
 14.141241180595975 3.841412694629882E-9
 14.253074427349281 3.2074426950125487E-9
 14.365043700640777 2.682427170655464E-9
 14.477149000470462 2.248795360962326E-9
 14.589351462113136 1.8919810015622673E-9
 14.701651085568804 1.5999669690236983E-9
 14.814028438474864 1.3629039053923105E-9
 14.926502953193916 1.1727841019180184E-9
 15.039035765000762 1.023184522008694E-9
 15.151607441532807 9.090635633685211E-10
 15.264237415152644 8.265858089467639E-10
 15.37688682113508 7.730205474170488E-10
 15.489555659480114 7.466485616188378E-10
