 0.0007854641103472568 0.9999757274782889
 0.002367715739831344 1.0002671986435816
 0.003972769125213251 1.001048659556161
 0.005600977181552174 1.0023560454682707
 0.007252641177801085 1.0041459866038114
 0.00892810542133481 1.006337621799039
 0.010627714219528173 1.0087493665755738
 0.012351811879756001 1.0112445277946602
 0.014100764228604047 1.013698321917465
 0.015874894054236206 1.0159963728055137
 0.017674588702449163 1.0180861262206378
 0.019500192480617736 1.0199228003613354
 0.02135209273453861 1.0215576140031264
 0.023230633771586604 1.0229309468978862
 0.025136375091245822 1.0241316952679733
 0.027069230616672543 1.0251422330060866
 0.029030276308413098 1.0260048058161932
 0.031019296974358235 1.026797979649435
 0.03303693819083574 1.0274242840691747
 0.03508384553417341 1.0279834582642797
 0.03716001900437125 1.0285042637624446
 0.03926610417775706 1.0289515426924856
 0.04140253143854937 1.0293774059676501
 0.043569515978857436 1.0297290137911663
 0.045767918567118336 1.0300543501378052
 0.047997739203332064 1.0303513685823666
 0.05025962346382641 1.030588608709427
 0.05255400173281992 1.0307777546554473
 0.054881519586640386 1.030928791408568
 0.05724239221739708 1.0310614700648684
 0.05963726520141779 1.0311747665661999
 0.062066353730811784 1.0312723383218987
 0.06453051857401612 1.0313678613909762
 0.06702997492314007 1.0314601188790982
 0.06956536835451145 1.0315535914625518
 0.07213712925234875 1.0316392619868526
 0.07474590319297982 1.03170863926849
 0.07739212056062314 1.0317547113214878
 0.08007621173949728 1.0317521696047012
 0.08279882230593003 1.0317031243293766
 0.08556059783624917 1.0315810975697182
 0.08836196871467324 1.0314140650504924
 0.09120358051753005 1.031195831576234
 0.09408586362903812 1.0309011351017694
 0.09700946362552525 1.0305315899234826
 0.09997502608331925 1.030073583347622
 0.10298298138663864 1.0295423729513271
 0.10603419030392047 1.0289276337768691
 0.10912886802727405 1.028183511897478
 0.11226809051724564 1.0271463658954807
 0.11545228815805385 1.0263993896200143
 0.11868210652602641 1.0253453553554899
 0.12195797600538191 1.024160354096423
 0.12528097255666665 1.0228547017436627
 0.12865131137198987 1.0214251254145996
 0.13207006841189795 1.0198804933390349
 0.13553767406060938 1.0182051394987672
 0.139054773894452 1.0163837265076394
 0.14262222868186283 1.014389502766362
 0.14624068399916973 1.0122370754943728
 0.1499110006148097 1.0099110385840453
 0.15363360891300126 1.0073749476271525
 0.15740958485429082 1.0046342778669777
 0.16123935882289686 1.0016972149561107
 0.16512379158725643 0.9985486659634728
 0.1690637439158066 0.9951790362745376
 0.17305986138487522 0.9915816643646536
 0.1771132199550086 0.9877676798514207
 0.1812242500104252 0.9837557770993176
 0.18539381231956215 0.9795511489965809
 0.18962298284296578 0.97517993923789
 0.19391240715696387 0.9706588528747039
 0.19826316122210277 0.9660086008474548
 0.20267567542260098 0.9612189908299338
 0.20715124091111412 0.9562720946641325
 0.2116902880718607 0.9511479627274083
 0.21629389286538706 0.9458445423951675
 0.22096356163645808 0.9403420116768527
 0.22569993996140156 0.9346417679309479
 0.23050302784021745 0.9287496384591724
 0.23537497719399844 0.9226312340765291
 0.24031578802274456 0.9162660605478407
 0.24532546032645577 0.9096143372897121
 0.2504082979473174 0.9026621465368124
 0.2555621489642368 0.8954140688401165
 0.26079131721939924 0.887871198170677
 0.26609149887061945 0.8800416204936035
 0.27146914968117547 0.8719346448367025
 0.2769221177299745 0.8635506196941186
 0.28245255493810933 0.854883240090427
 0.28806261322667254 0.8459163958616784
 0.2937522925956641 0.8366433450368511
 0.29952159304508413 0.8271086570799948
 0.3053726664960252 0.8173179558056732
 0.3113055129484873 0.8072657367527387
 0.3173244362446558 0.7969725561585557
 0.323427284463438 0.7864225943763656
 0.3296162095259266 0.7756100699778572
 0.3358933633532142 0.7645477702482794
 0.34225874594530087 0.7531900452195041
 0.3487145092232792 0.7416832756368704
 0.3552606531871493 0.7299227909762919
 0.3618993297580037 0.7179257895561644
 0.3686326908569352 0.705705578831334
 0.37546073648394357 0.6932587562139695
 0.3823856185601217 0.6805906324615483
 0.38940518516437683 0.6676921877242459
 0.396525892059987 0.6545598213830269
 0.4037477392469521 0.6412764629375804
 0.4110707267252723 0.6279013540940003
 0.41849485449494733 0.6144587830343752
 0.42602657831925544 0.600960924290939
 0.4336615943560112 0.5873969083353919
 0.44140420644739986 0.5737606456606609
 0.44925656651451423 0.5600927960726442
 0.4572186745573542 0.546429074656347
 0.46529268249701256 0.5328022198143315
 0.47348074225458175 0.5192030466447003
 0.48178285383006186 0.5056174247355794
 0.4902011691445457 0.492067382872885
 0.4987356881980331 0.47858373891621264
 0.5073928667538021 0.46516893951804933
 0.5161684009696673 0.45178524029191885
 0.5250687466089069 0.4384641303640618
 0.5340917517504279 0.42524729403998096
 0.5432417202364159 0.4120936024876129
 0.5525186520668708 0.39901657491064646
 0.5619268510839779 0.3860736907828131
 0.5714641653666447 0.3732738077962429
 0.5811348987570563 0.36061104588408704
 0.5909412031763054 0.34810081575758295
 0.600883078624392 0.33570212509980274
 0.6109648289435016 0.32339977541701015
 0.6211843022125414 0.31119931918575533
 0.6315479541947893 0.2991404633284922
 0.6420536329691527 0.2872646713038716
 0.652705642377817 0.27555448380216846
 0.6635061343418749 0.26398269455826456
 0.6744572607824187 0.25256036073302063
 0.6855568697783563 0.24131936781318467
 0.6968135690140579 0.23027887433398092
 0.7082230546473384 0.21944277753676192
 0.7197917824414756 0.20878327026726576
 0.7315197523964695 0.19830966694615207
 0.7434112683545057 0.18806809298601213
 0.7554641783944913 0.17805931410372525
 0.7676849382797044 0.1682806622389895
 0.7800735480101448 0.15873431171623986
 0.7926321595069054 0.14940747941152208
 0.8053629246910787 0.14047554609157337
 0.81827014740485 0.1314404235498082
 0.8313538276482195 0.12280749084561067
 0.8446161173422797 0.11442902115439703
 0.858061320329216 0.10634417456060848
 0.8716894366090284 0.09855416101985856
 0.8855069219449948 0.09101963496872578
 0.8995094724949299 0.08375469513611378
 0.9137056959432042 0.07677531070302898
 0.928095592289818 0.07009068105007378
 0.9426813134558638 0.06371444415123957
 0.9574650113624342 0.05765959317585106
 0.9724509898517146 0.05193123302336984
 0.987639248923705 0.04654955782047234
 1.0030362443416836 0.04151244094730616
 1.0186398241845571 0.036823821587167495
 1.0344564442156041 0.03250811423352017
 1.0504861044348244 0.028585527166744968
 1.0667331086844034 0.02505385634694367
 1.083201760806526 0.021885092467373975
 1.0998899088801002 0.019056009810630426
 1.1168040086684035 0.016533595286742368
 1.1339462120925288 0.014279949374500455
 1.1513208229946612 0.012258370411689494
 1.1689278413748008 0.010441126449801552
 1.1867694191540403 0.008811790085098801
 1.2048520120956578 0.007369501945294227
 1.2231777721207457 0.006092972749843623
 1.2417488511503967 0.0049395289686369
 1.2605674011057035 0.003911049549032791
 1.2796355739077592 0.0030155917549259887
 1.2989619772409335 0.002237171974782134
 1.318542307263042 0.0015593297245739884
 1.3383851716584547 0.0009836621070746733
 1.3584905704271721 0.0004949108876065874
 1.3788649593324718 0.00006434630442979742
 1.3995061864532614 -0.00032957057963298414
 1.4204228594739112 -0.0006943258896795646
 1.4416149783944214 -0.0010285915542781292
 1.4630889989780704 -0.0013154101050198957
 1.4848427693037647 -0.0015427302363465942
 1.5068848970558757 -0.0017186504964127511
 1.5292175341554952 -0.0018629775080419232
 1.551842832523717 -0.0019970890464016326
 1.574765096002725 -0.002127546784574186
 1.5979864765136134 -0.002244778692774496
 1.6215112778985665 -0.002334078844819999
 1.6453438039997699 -0.00237328795746685
 1.6694862067383165 -0.002387005170904252
 1.6939427899563912 -0.002389723842802202
 1.7187178574961794 -0.0018303766612761678
 1.743813561278774 -0.002079362754905653
 1.76923420514636 -0.0021515042430386164
 1.7949840929411234 -0.002085829918362506
 1.8210653765841556 -0.002004094050050325
 1.8474823599176433 -0.0017106292541120489
 1.8742393467837708 -0.0013519194492672695
 1.9013406410247242 -0.0009703008634941527
 1.9287883945615953 -0.0006071879364293955
 1.9565890631576628 -0.0002834427054011793
 1.9847426468129266 -0.000004041976578585249
 2.0132556012906644 0.00020901564469317252
 2.0421322304330616 0.0003157175175783361
 2.0713746861612106 0.00030203823516813103
 2.1009872723172975 0.00020253480329617373
 2.1309742927435074 0.00009413394355719158
 2.1613465070453026 0.00007392941518579556
 2.192097459459406 0.00011139076283154704
 2.223214238459262 0.00016906246000554073
 2.2547398824667226 0.00033155737369290524
 2.2866743914817893 0.0005171826566337828
 2.3189962462935343 0.0006929717125194507
 2.351705446901958 0.000861370258661639
 2.3848450317289136 0.0009979897289781946
 2.418371962352548 0.0010579777415628973
 2.452329277194714 0.0010638809020216584
 2.486716976255412 0.001081826355291297
 2.5215135403237157 0.001134239096271728
 2.5567404886105507 0.0011802317330731993
 2.592397821115918 0.0011887022677798693
 2.628485537839817 0.0011779289600910834
 2.6650251579931745 0.0011627674439486236
 2.701995162365064 0.0011205017365953419
 2.739417070166412 0.0010644394692781965
 2.777312400608145 0.0010371502919262268
 2.8156381152684093 0.0010709969055800878
 2.8544372525690593 0.0010693199958685781
 2.8937098125100946 0.001039391976117102
 2.9334557950915148 0.0009519342267472142
 2.9736536811023933 0.0006821456303264304
 3.014346508964584 0.0002693045227130983
 3.0555342786780857 -0.00013322544989457794
 3.0971954710319727 -0.0005840674660731099
 3.1393300860262445 -0.0009708884088060475
 3.181981162082755 -0.0011899453298346695
 3.2251486992015037 -0.0013765571082364411
 3.2687896589606376 -0.0015779387377143684
 3.3129685989929363 -0.0017933298626133882
 3.3576424808765464 -0.001921764421739588
 3.402832823822395 -0.0012734489787508865
 3.4485611470414086 -0.0006131639508403093
 3.49480593132266 -0.0021454942473623727
 3.54156717666615 -0.0023401600674867458
 3.5888879214937317 -0.002245238359074986
 3.636725127383551 -0.002124497876707701
 3.685121832757462 -0.0018972588890400232
 3.7340565184045382 -0.0018450320237430246
 3.7835507035357057 -0.0019844325070250586
 3.8336043881509645 -0.0020140732274885036
 3.8842175722503147 -0.0017827429901219952
 3.9353687366228303 -0.0015541480270345168
 3.98712243890129 -0.0008198556789632733
 4.039435640663841 -0.00004820721388066686
 4.092308341910484 0.0007879355249757852
 4.145783581063071 0.0015704548077839584
 4.199839838910677 0.0022199214265930696
 4.254477115453301 0.0025939056362982034
 4.309716929901869 0.0024525957285888946
 4.365537763045455 0.0019280606475910833
 4.421961134094986 0.001433383509791221
 4.479008562261388 0.001133971743518272
 4.536637009122808 0.0009715549578755015
 4.5948895131011 0.0008515259080946271
 4.653744554985336 0.0006650882445999553
 4.713223653986443 0.0006223172476678329
 4.773348329315348 0.00058645733378369
 4.834075542550198 0.000572331086119376
 4.895426812901919 0.0004199836737779632
 4.957423659581438 0.00016790523299689092
 5.0200445633778275 -0.0001073436588924763
 5.083289524291089 -0.00013408208314071623
 5.147201580743075 -0.00011422479583320536
 5.211759213522859 -0.00017882713001161836
 5.276940903419513 -0.0003753379671084081
 5.342789688854893 -0.0003475128054883191
 5.409284050618069 -0.0003157804849289707
 5.476445507919972 -0.00014751739946414544
 5.54425254154967 -0.00007523192037902996
 5.612748189929021 -0.00007458386598461788
 5.681867895425244 -0.00005988612149102682
 5.751676215671115 -0.00004890179846161806
 5.822151631455713 -0.000007141300220047896
 5.893294142779034 0.000023972091815429625
 5.965125268852007 0.000037451566209934466
 6.037601971252777 0.000040772991222380565
 6.110788807614126 0.00004012100587186532
 6.1846212203032715 0.00003858584842940665
 6.259163766952995 0.000036729272264774094
 6.334373409141443 0.000035556433271505346
 6.410271666079542 0.000034632495995993175
 6.486837018556365 0.00003358810026800527
 6.5641125049937665 0.00003254138718611013
 6.642055086969892 0.000031740914630187354
 6.7207078029065945 0.00003147303905522112
 6.800027614382022 0.00003089271084749518
 6.8800575598180265 0.00003038302215885005
 6.9607546007927565 0.000030341862058943215
 7.042161775728063 0.00002993896382878235
 7.124257565413022 0.000029578826277170346
 7.207041969847631 0.00002963948143304522
 7.290514989031892 0.0000293310031904681
 7.374698142176729 0.00002903977222196349
 7.4595483908602915 0.00002915132299320996
 7.545108773504431 0.000028889213715721306
 7.631336251687296 0.000028637967506140667
 7.718273863830738 0.00002876371400834213
 7.8059000907238305 0.00002852915172031218
 7.894214932366574 0.00002829886954765809
 7.983196869548043 0.000028439538995978743
 8.072888940690088 0.00002821674192293617
 8.16324810737086 0.000028359505876585746
 8.25429588880128 0.000028145427240336
 8.346032284981353 0.000027930229153312643
 8.438457295911077 0.000028079899859633886
 8.531527883168598 0.000028225356382739785
 8.62528708517577 0.000028020345937577574
 8.719734901932593 0.000027819996139866516
 8.814828295017216 0.0000279673234637995
 8.910610302851488 0.000027772803127413
 9.007037887013558 0.000027919340601420147
 9.104132566714354 0.00002773335817741886
 9.201872822742946 0.000027545357509850027
 9.300280174310261 0.000028021484206722987
 9.399333102205377 0.000028820909714803815
 9.49903160642829 0.000027665888665185178
 9.599375686979 0.00002586934400037803
 9.700343824646582 0.000028910885227519006
 9.801957538641961 0.000028749765930434543
 9.904195309754211 0.000025391545767940184
 10.007057137983335 0.000028383757258712204
 10.110543023329326 0.00002823105801380771
 10.21465296579219 0.000028049835344073883
 10.319343926950074 0.00002790717078617147
 10.424658945224827 0.000027729900691669063
 10.5305549821946 0.00003065232029388934
 10.637032037859388 0.000027442209690927073
 10.744111631430123 0.000027275090186108993
 10.851772243695876 0.00003015425148592917
 10.959992355445719 0.00002700651410186061
 11.068771966679655 0.000026850331885572825
 11.17813259660861 0.000029689592450996878
 11.288031206810727 0.000029544610952462205
 11.398467797286012 0.000029401032194292346
 11.509442368034458 0.000029261662083808985
 11.620933399845145 0.000029123620010397904
 11.732962411928996 0.00002898963562270072
 11.845486365864158 0.00002885964915651206
 11.95852678086156 0.000031597924701504945
 12.072062137710272 0.00003147248239653904
 12.186092436410297 0.000028487299403866724
 12.30057463853978 0.00003120094987430889
 12.415551782520575 0.000031084236702367236
 12.530980829930826 0.00003095428636107313
 12.646840261559612 0.00003084470758496105
 12.763173115828783 0.000030717400001432616
 12.87991483510556 0.000033395370302574995
 12.997086938600864 0.000030507929539621386
 13.114667907103778 0.000030392201071817484
 13.232657740614295 0.00003305175177937523
 13.351013400710565 0.00003294377055240819
 13.46977792581444 0.000035568719466629294
 13.588908277504068 0.00003547103506443529
 13.70838293656852 0.00003264159783375261
 13.828223422218727 0.000035253336283222564
 13.948408215243756 0.000035166334191822566
 14.068894277221759 0.00003506815458740341
 14.18970312736366 0.000037668608821445765
 14.310834765669462 0.00003757502344894775
 14.432246153717308 0.00003748854371429436
 14.5539372915072 0.000037402460056476434
 14.675908179039139 0.00003998646473871702
 14.798115777891269 0.00003991086286273543
 14.920581607274519 0.000039825654373466416
 15.04328414797796 0.00004240113701484543
 15.166223400001593 0.000042326973530401755
 15.289356324923569 0.00004489923674580088
 15.412682922743882 0.000044837295000452016
 15.53618167425161 0.000044767146002955663
 15.659874098657674 0.00004996470162866437
 15.783717157540226 0.000049906632800864924
 15.907710850899264 0.000049843603643575355
 16.031855178734787 0.000052413659180424344
 16.156107102624944 0.00005498535433685109
 16.280466622569733 0.00005756027483475031
 16.40491221935823 0.00005751550319197817
 16.529465412201358 0.00006008753866653336
 16.654083162677267 0.00006528444468184988
 16.77874395157503 0.00007047705119758481
 16.903469298105573 0.000073062627255514
