 0. 0.
 0.0024219531131980266 0.0005270047438116663
 0.012677292445724334 0.0015766483437976903
 0.02755595468281035 0.002632981200084801
 0.04613273211567371 0.0036993107466121306
 0.06798152800541048 0.004778556267325938
 0.09285637974559653 0.005873082665857854
 0.12060040224673721 0.006984489959904016
 0.15110908236972828 0.008113402492173058
 0.1843108744204243 0.00925927642961371
 0.22015443976811322 0.010420268710546767
 0.25860602537821176 0.011593144525968786
 0.2996434373955225 0.012773527312375388
 0.34325154073070796 0.013955823157377712
 0.38941989843513963 0.015133638029238046
 0.4381486031924878 0.016300184048040685
 0.48942606962011787 0.01744838101372159
 0.5432650920928588 0.018571537362318716
 0.5996550879872449 0.01966339238280109
 0.6586019156458631 0.020718494153774785
 0.7201113651054685 0.021732165101526355
 0.7841729590256047 0.02270070483487242
 0.8507892583179053 0.023621028766757812
 0.9199573241409306 0.02449071252536357
 0.9916624847003338 0.02530762730877788
 1.0659033124253 0.026069733408686787
 1.1426561818595857 0.026774913631980216
 1.2219047981644646 0.027420813262921288
 1.3036243112583645 0.02800485672164741
 1.3877889528841771 0.028524147664741886
 1.4743565440898216 0.02897561043360433
 1.5632895777152553 0.02935598746422951
 1.6545314782471052 0.029661962173800977
 1.7480354474377617 0.02989011542299561
 1.8437311291879592 0.030037127026398516
 1.9415542321543235 0.030099833886584822
 2.041426014826371 0.030075438483919067
 2.1432674366442694 0.029961508640253747
 2.2469881665568874 0.029756343861435667
 2.352492282742665 0.029458937523271268
 2.4596844266870326 0.029069348117905913
 2.5684712986074056 0.028588861467361726
 2.6787460439680677 0.028020153461392746
 2.79040888453198 0.027367498972321165
 2.903357958238404 0.026636891710558122
 3.0174929550374383 0.02583590524831673
 3.1327260397917627 0.02497376623579231
 3.248964204671939 0.024061109700094882
 3.366133709060768 0.023109868022124228
 3.484148987019003 0.022133187750525227
 3.60296748047379 0.021145283161972554
 3.722529986172444 0.02016115076080728
 3.8428028069655844 0.019196353820452466
 3.963749671835945 0.018266608880687187
 4.0853793603036 0.017387006642892847
 4.2076757414718635 0.016571270319441417
 4.330671869143227 0.015830887530394498
 4.454387278495822 0.01517415566020067
 4.578863732918093 0.014605649591853146
 4.704157264962934 0.014126039784737972
 4.830329372812972 0.013732297695578844
 4.957454739353636 0.013418531961433038
 5.085602678884217 0.013176608061257648
 5.214862715662573 0.012997499759569146
 5.345311891216703 0.01287186855122441
 5.477039840835456 0.01279089519932049
 5.6101309220765625 0.012746568165588728
 5.744670265398982 0.012731771282896973
 5.880747879440423 0.012740486646906388
 6.018430325283 0.01276765444394545
 6.157795709383651 0.012809527704017817
 6.298916310363939 0.012863436554824687
 6.441854607722768 0.01292760612023742
 6.586678861793858 0.013000730748692551
 6.733429463182288 0.013081322563105001
 6.882174898130095 0.013167535836290706
 7.0329437258942855 0.013257375305843914
 7.185791190406705 0.013349119821171731
 7.340785168686141 0.013441949263406703
 7.497951689904907 0.013536321509184096
 7.657303565820198 0.013633194783322066
 7.818918490493208 0.013732953069169064
 7.982807283716594 0.013835136428673192
 8.148969491769755 0.013938651297740395
 8.317555944752959 0.014042435686162142
 8.48849945430632 0.014145175856100199
 8.661947618197551 0.014244928922251595
 8.837762497665917 0.014338584309477697
 9.016163901479427 0.014422517117341202
 9.197090744547793 0.014493653783639237
 9.380611554663187 0.01455111679562775
 9.566808918719774 0.014596574940718114
 9.755675200869828 0.014633386484337794
 9.947217016463085 0.01466523099033902
 10.141497635111898 0.0146947269454046
 10.338528852599433 0.014722431864335457
 10.538439829412733 0.014747915106888837
 10.74116031858913 0.014771188171572388
 10.946757552673015 0.014793545890015686
 11.155303972897212 0.014816679790020434
 11.366800580884055 0.014841596949115684
 11.581319873036177 0.014868523800297056
 11.798856993125867 0.0148969459957402
 12.019496210575815 0.014924878558969918
 12.243310441637389 0.014948411286822423
 12.470301171707264 0.01496248642438816
 12.70053503355821 0.014963188162955113
 12.933948247565189 0.01494807679937456
 13.170763437268146 0.014915394731618738
 13.410982609900127 0.014863411452287796
 13.654607822756589 0.014790503710151321
 13.901648147272823 0.01469513524946266
 14.152320571925383 0.014576144894998814
 14.406491952654806 0.014434507265577165
 14.664308319467253 0.014274732922195077
 14.925844304864217 0.014103581105520683
 15.19108031077008 0.013929860013654122
 15.460074449547644 0.013765863576252672
 15.732875927864361 0.01362582107617739
 16.009484871429454 0.013521649307684326
 16.28996475133275 0.01345897470091983
 16.5743235513093 0.013434023969012412
 16.862759039837574 0.013435661502136766
 17.155127414639786 0.013449907062875936
 17.45162496384878 0.013465882815471104
 17.75218731947095 0.01347775945771403
 18.05697426752683 0.013483137617038551
 18.36598535816217 0.013484991657394528
 18.679363182950222 0.013488995514863218
 18.99700721218977 0.013498962923128577
 19.319068221427198 0.013514880687597652
 19.645626048625235 0.013532109961125796
 19.97668960442322 0.013545220559296921
 20.312421673864197 0.013555183510377128
 20.65270978232279 0.013564623105711415
 20.99776688548693 0.013570187913216236
 21.34747700927504 0.013565950022022048
 21.70195763927058 0.013549022104934362
 22.06134141438694 0.013522130009728496
 22.4257651945927 0.013491256427775732
 22.79505614695572 0.013463431954743189
 23.169577847358706 0.013438563911370887
 23.549187344946834 0.013414618891343875
 23.933860134655 0.013402611685787215
 24.323949509841867 0.0134120468236582
 24.7193573341845 0.013432795688165588
 25.12025730452948 0.01344827126436703
 25.52661493412065 0.013461203512316423
 25.93855380954878 0.013490255742572118
 26.356013716050054 0.013552084710479048
 26.77905985686525 0.01365803792643731
 27.20796484621414 0.013811589336495638
 27.642590296732482 0.014000035714240161
 28.082986920744013 0.014204400726535421
 28.529504150088627 0.01441266803891632
 28.98214433227413 0.014610373027407617
 29.44108035985623 0.014784789481084944
 29.906154573884226 0.014924543544108812
 30.377607279786584 0.015018455313380268
 30.85537428671863 0.015064461490541239
 31.33949034926827 0.015049817274638255
 31.83008363060271 0.014967297685287081
 32.32722827453465 0.014822685316770372
 32.83094972831586 0.014649641633842105
 33.341573301162704 0.014503137591569626
 33.85921305417004 0.014420159499811366
 34.38424635059309 0.01439138631265244
 34.916758437911156 0.014383914627110382
 35.456964615163514 0.014353466480261833
 36.00497588510161 0.014249421040870397
 36.56066762629093 0.014086660356521697
 37.12397450479208 0.013946576640882164
 37.69482122721043 0.013822047605184986
 38.27342464328953 0.013689558064451898
 38.85964931950324 0.013609665682888761
 39.453462534419494 0.01356370155967758
 40.05520888557943 0.013471414179662059
 40.66487441656714 0.013336116376216877
 41.28246076165477 0.013250886762779312
 41.907735021711076 0.01320802786187249
 42.540531331169014 0.013205529145021036
 43.181252067666 0.013253565557992309
 43.83016360144638 0.013334166640626628
 44.4882097928522 0.013427732496590778
 45.155907581244456 0.01345366121172969
 45.833514372338406 0.013391863201212892
 46.52053707137359 0.013284088226144842
 47.21650650778054 0.013185446522586939
 47.92102908712608 0.013183436577766815
 48.63453526406121 0.013253037387708526
 49.35738063831177 0.013365552738289576
 50.090479820955366 0.01356362783329003
 50.83375624371258 0.013799130407384372
 51.58593653469947 0.014037164955930381
 52.34681231061961 0.014359213070360088
 53.11743934799145 0.014774437383535118
 53.898195718533664 0.015124119809099635
 54.68873478545947 0.01531953001890071
 55.4889982139892 0.015436158848625522
 56.299499304571476 0.015530486148218284
 57.12123125761105 0.015689869342986894
 57.95504973123213 0.01586256599671062
 58.800984958905204 0.015937377450509226
 59.659177883261904 0.01596768611915953
 60.529393008629896 0.015859319026994823
 61.41027925337365 0.015547861589299024
 62.300460205839364 0.015230889665413508
 63.19998998660822 0.015036189676909506
 64.10965061133362 0.015057124559490102
 65.03099677974723 0.015130895545208155
 65.96521678524141 0.015164860698338115
 66.91143796173671 0.015101556211198897
 67.87028236877707 0.01498999666444259
 68.84246570535304 0.014852541869996528
 69.8277629058669 0.01471302144360566
 70.82681229003018 0.014727151795238617
 71.84034999304279 0.01486956623442661
 72.86786696645336 0.014835295750338111
 73.90732662704028 0.01462966165022281
 74.95939706814346 0.014471558312773369
 76.0235392278167 0.01431314081534867
 77.10429132497147 0.014185415045038336
 78.20184780169572 0.014030751939935365
 79.30939664684459 0.014041794757081446
 80.42154011167777 0.01428922671105753
 81.5475094695208 0.01422817627104753
 82.68687261894001 0.01398402660180536
 83.83879363951465 0.013795434027242492
 85.00866555049267 0.013932874793092773
 86.19384273484792 0.014117754779000803
 87.39476099311638 0.014420471559557268
 88.60878408879984 0.014675217204525458
 89.83048861147249 0.014655442674992795
 91.06432231569 0.01461406856422947
 92.31684257530256 0.014728645558910024
 93.58403228022192 0.015226621424334421
 94.86658214694155 0.01600771688905073
 96.17020857729705 0.016524496966625033
 97.50079584549891 0.01699367529406161
 98.84908860019453 0.0175178765836502
 100.20323807508376 0.017578225166381276
 101.56707124551548 0.01740025861876771
 102.94103619019336 0.01720802138538885
 104.33012770248487 0.016913337931939987
 105.73745187257178 0.016680347718198204
 107.16729808598387 0.016306992365240133
 108.60834617375862 0.01578347236827182
 110.06917411774081 0.01574779349623305
 111.55396575146645 0.015350667737919417
 113.0639137574667 0.014964056936539636
 114.59907813603698 0.014434091589012451
 116.16170460238975 0.014032996828902942
 117.72775205537668 0.013984920450256412
 119.30393756344738 0.014418217642968217
 120.88993705309946 0.01453729686014563
 122.49491319737142 0.0140089257261219
 124.1220804475859 0.013877968150993862
 125.76635043413924 0.013304021948268125
 127.42798220833991 0.012965646917913506
 129.10221168237055 0.013111826722467012
 130.77892245331014 0.013225619078137704
 132.47968287478056 0.012977673135042353
 134.20579102163057 0.013547176827664131
 135.95575540203575 0.014229089921706167
 137.7272193304781 0.014226208208795483
 139.51037475871598 0.014334922392534952
 141.32305147810825 0.014535301854450771
 143.16687232800655 0.014311324187509694
 145.06414129404845 0.013385402496749957
 146.95207490374005 0.012687395319765205
 148.9228992965583 0.01049866658199983
 150.9016557285658 0.00901782678919927
 152.8400659329613 0.008152042688798924
 154.77688186034973 0.006271475105587202
 156.72686776072118 0.004626348452073189
 158.70855184303647 0.003375307393408784
 160.7191451886455 0.0025945905264607746
 162.75491062909953 0.0020864203795016955
 164.81418162641762 0.001719723815035426
 166.89523740139703 0.0014366140748301194
 168.99744210451811 0.0012101156969480233
 171.12224219871135 0.0010251926648196426
 173.26867823273165 0.0008722425121490009
 175.43604128782997 0.0007445710174321855
 177.62568000602812 0.0006372723122810216
 179.83679247074534 0.0005466150382124516
 182.07018532770235 0.0004696892589787423
 184.32505451102688 0.0004041856009310574
 186.60292440202957 0.0003482441672160497
 188.9014634060053 0.0003003511278487231
 191.2230058375841 0.0002592610653376245
 193.56664637175945 0.00022394485928460157
 195.9325776643636 0.0001935450851868887
 198.32132058286544 0.0001673430608062372
 200.73164162600696 0.00014473458467139082
 203.1654877829512 0.00012520862590093384
 205.62081209040736 0.00010833189742638131
 208.09976110298646 0.00009373633233703994
 210.60100943816514 0.00008110690476155529
 213.12506338130095 0.00007017456804284583
 215.67131174460437 0.00006070856611714693
 218.2411856531867 0.000052510570364451385
 220.83325438966983 0.00004540991081250876
 223.44883734916775 0.00003925939378034256
 226.08672596444325 0.00003393213815838902
 228.74824094582885 0.000029318134319905146
 231.43195155948385 0.000025322539367132987
 234.1391718738235 0.00002186307389183872
 236.86941942276724 0.000018868518754793658
 239.6224588613572 0.00001627706976086298
 242.3985286528459 0.000014035170109407296
 245.19810343097504 0.000012096321754979899
 248.01999624540048 0.000010420172743289816
 250.86539161846585 0.0000089717222426912
 253.73310823406445 0.000007720563450940611
 256.6243249345349 0.000006640301197987934
 259.538581622356 0.000005708038191883442
 262.4756203844814 0.00000490388621401435
 265.4348542160136 0.000004210593782354218
 268.41784849369185 0.0000036131980294470436
 271.4229054683907 0.0000030986981137245366
 274.4508735317706 0.000002655848263737972
 277.5018916095335 0.0000022748846124583987
 280.57568390150993 0.000001947346913110245
 283.6710986300615 0.0000016659141634550083
 286.7892848594982 0.0000014242401482896065
 289.9305280169772 0.0000012168401702770992
 293.0938416251696 0.0000010389610194805193
 296.27860208733176 8.864970389121443E-7
 299.4863254264655 7.559040944458496E-7
 302.7147484892769 6.441172253557578E-7
 305.9661669197288 5.484915678476744E-7
 309.2382530195668 4.667461837015917E-7
 312.5333674138446 3.9691182899984223E-7
 315.8499806355248 3.37295123000615E-7
 319.18649715762825 2.8643585669395516E-7
 322.54537668471033 2.430775596388939E-7
 325.9241263712624 2.061397584164685E-7
 329.32527304760794 1.746940182147059E-7
 332.74720439057285 1.4794255641971313E-7
 336.18823990860346 1.2520103833435248E-7
 339.6517242187298 1.0588153757855993E-7
 343.1345629290036 8.948161822407997E-8
 346.63645442727915 7.556957059557769E-8
 350.15941632816333 6.377664149200709E-8
 353.70173341560667 5.378717319212825E-8
 357.2623354448762 4.533144603914594E-8
 360.8440614513395 3.817905184783928E-8
 364.44442786137574 3.2133471645622106E-8
 368.0634349537464 2.702713451329978E-8
 371.6999403602654 2.271713010043302E-8
 375.35621139734855 1.9081876218024264E-8
 379.0304082872504 1.6017865026276128E-8
 382.72253129799054 1.3437187205661757E-8
 386.43186511747496 1.1265078783568271E-8
 390.15912558667475 9.438103623080222E-9
 393.90288179907037 7.902518585868685E-9
 397.66384959205084 6.612699902460416E-9
 401.441313628471 5.530054249281827E-9
 405.2352741548722 4.62190436941311E-9
 409.04430021464435 3.8606217115899865E-9
 412.86982324316364 3.2228713905460143E-9
 416.7104122695071 2.6889589063427505E-9
 420.56745413931696 2.2422488711113224E-9
 424.4381951598692 1.868734866159456E-9
 428.3225716822966 1.5566117049540645E-9
 432.22345994657724 1.2959475298020365E-9
 436.1358432510374 1.0783876853896283E-9
 440.0640622770623 8.969108093896516E-10
 444.0023065404454 7.456145116613544E-10
 447.9564263666063 6.19550643611965E-10
 451.9227913105374 5.145687514803051E-10
 455.9006860699312 4.271896534327581E-10
 459.888528234497 3.544982369490714E-10
 463.8924977643695 2.940573073399129E-10
 467.90426835011607 2.4382678277826657E-10
 471.9268544111409 2.0210170706849558E-10
 475.9602562681413 1.6745835303143285E-10
 480.00544151398697 1.3870760613607316E-10
 484.0576332478864 1.1485817341399784E-10
 488.12164940878773 9.508364738481586E-11
 492.1936602403371 7.869466309731556E-11
 496.2743818456643 6.511789308630924E-11
 500.36559890495494 5.387615427997807E-11
 504.4623320447385 4.4572525169660286E-11
 508.5681706108327 3.6877093160931215E-11
 512.6806149253694 3.0516225192510294E-11
 516.7989495499232 2.5262521647689883E-11
 520.9264929278394 2.0927756688188058E-11
 525.0566297290392 1.7356007605437376E-11
 529.1972286761437 1.441842571156782E-11
 533.3404217820797 1.2008788448465565E-11
 537.4900848318108 1.0039721111664407E-11
 541.6462798322426 8.43965046669588E-12
 545.8056272958795 7.150391597667921E-12
 549.9715896806683 6.124989795909867E-12
 554.1400303367652 5.326133682137541E-12
 558.313020816415 4.724849203942915E-12
 562.4913391300137 4.299558116830147E-12
 566.6764435490411 4.035207553521876E-12
 570.8656084535954 3.92470381048048E-12
