 0.0013596440215261072 0.00008636915390432841
 0.004098532966594372 0.0010655768725792317
 0.0068768919150381715 0.004041878271055384
 0.009695331765361997 0.010000928086709451
 0.012554374016289196 0.019594293142404795
 0.015454614666360734 0.03300819398674055
 0.01839664971411758 0.04998235062098895
 0.021381075158100695 0.06994334213805095
 0.024408524246759863 0.09216914888043878
 0.02747955572872724 0.11592327829153827
 0.030594840102361413 0.14053649422832265
 0.03375497336620334 0.16545464718413389
 0.03696062601861162 0.1902458720406548
 0.040212394058127224 0.2145959443569591
 0.04351124598237921 0.23829125342936303
 0.046857032791732346 0.2612017753512765
 0.05025161698162714 0.2832640460730542
 0.05369462605297551 0.30447110002827177
 0.057187177503041746 0.32485699109722654
 0.060730388829090175 0.344482087522264
 0.0643242600311208 0.36340985335302933
 0.06796990860639791 0.38169523916909337
 0.07166807955309774 0.39938158627265274
 0.0754191453703084 0.41649907878488024
 0.07922459605438228 0.433073257115999
 0.08308443160531939 0.4491211482061576
 0.08699976952038405 0.4646590050436798
 0.09097135479775247 0.47970849827966416
 0.09500030493468894 0.49429826413163325
 0.0990869924302816 0.5084677741426592
 0.10323253478179474 0.5222572738076391
 0.10743730448831648 0.535701590958695
 0.1117027915461992 0.5488162046323259
 0.11602936845453105 0.5616003408767068
 0.12041815271057632 0.5740423904144638
 0.12486988931251122 0.5861284221127477
 0.12938569575760006 0.597853792260609
 0.13396631704401907 0.6092285622317718
 0.13861249816994442 0.6202566017853609
 0.14332535663264048 0.6309115965593283
 0.1481060099293715 0.6411339522631535
 0.15295520305831373 0.6508671704136156
 0.15787405351673145 0.6600895803596166
 0.1628633063028009 0.6688081476675808
 0.16792407891378638 0.6770236462893331
 0.17305748884695224 0.6847175013810749
 0.17826428110047463 0.6918734599544825
 0.18354594567070598 0.6984938438650307
 0.18890285505673443 0.7045964540046932
 0.19433687175400044 0.7099379298940122
 0.1998487407606803 0.7153559322750276
 0.20543957957403824 0.7200298273458483
 0.21111013319225055 0.7242006537304572
 0.21686226411075768 0.7278390012595064
 0.22269634482864775 0.7309379043665715
 0.2286142378413613 0.7335244513655255
 0.23461668814707454 0.7356357919439653
 0.2407048132430518 0.7372657344872919
 0.24688010312564546 0.7383577805122841
 0.25314367529211984 0.7388709105722202
 0.2594970197388274 0.7388028028116254
 0.26594088146394423 0.7381720320742982
 0.27247712296291104 0.7369878857821379
 0.27910648923390385 0.7352333369949959
 0.2858304702732752 0.732910707568347
 0.29265055607737744 0.7300246412131407
 0.29956786414347497 0.7265333445308303
 0.3065842569670082 0.7224035375929434
 0.3137004795461534 0.7176530212914535
 0.320918021877263 0.7123143016030081
 0.32823874645577744 0.7063943440940318
 0.33566377077896115 0.6998699302097764
 0.34319495734225464 0.6927557650349155
 0.350833051143834 0.6850742931723729
 0.35858028717822793 0.6767860430790761
 0.36643741044361267 0.6678917887068503
 0.3744062834354287 0.658476664756439
 0.3824895136472927 0.648594073903763
 0.3906882185764692 0.6382316329196234
 0.3990023982229579 0.627393211563145
 0.40743577757764005 0.616125246943824
 0.4159883566405156 0.6045492494981765
 0.4246601354115845 0.5927975649882673
 0.4334585638726088 0.5808756110768709
 0.4423799170327076 0.5687717784866133
 0.45143164487364296 0.5565278606160414
 0.4606062974136527 0.5441276044768313
 0.46991504962538005 0.5315563049843092
 0.4793541765179439 0.518868138766221
 0.48892740308222526 0.5061861641627322
 0.4986384543091053 0.4935684275607136
 0.5084873301985839 0.48095223886234484
 0.5184740307506611 0.4682733600661559
 0.528602280956218 0.455540304642221
 0.5388720808152545 0.4427948659890871
 0.5492908803095327 0.4300757416980012
 0.5598549544481716 0.4174177596010857
 0.5705680282220523 0.40483020712023976
 0.5814338266220557 0.3922790303751661
 0.5924523496481819 0.37978635986749343
 0.6036273222913119 0.3671163086426734
 0.6149587445514458 0.35447535348590653
 0.6264503414194645 0.34182898066636513
 0.6381058378862492 0.32922130543807077
 0.6499252339517997 0.31669721700687004
 0.6619122546069972 0.3042729683610868
 0.6740631748609606 0.29197719571824376
 0.686389169686333 0.27984782271776315
 0.6988902390831144 0.26792122509541716
 0.711566383051305 0.25629027707019875
 0.7244176015909045 0.2449913543778802
 0.7374550696745562 0.2339989166082384
 0.7506713373204981 0.2232796838328009
 0.7640738545104919 0.21275858272454837
 0.7776663462354191 0.20237988875208504
 0.7914488124952794 0.19217069022928387
 0.8054249782809542 0.1821124123123463
 0.819598568583324 0.17216248765090048
 0.8339695834023892 0.1622922800274236
 0.8485417477290309 0.1525188163820644
 0.8633150615632488 0.1428498362330723
 0.8783006998776862 0.13333564644906845
 0.893491212690581 0.12410549698481807
 0.9088977749745762 0.1152120165644172
 0.9245166617387909 0.10667997164626389
 0.9403553229649873 0.09853103288145657
 0.956413758653165 0.0907388859079472
 0.9726994187850865 0.08328959959288683
 0.9892085783698706 0.0761803103145232
 1.0059486873892793 0.06941844801037574
 1.0229234708341939 0.06299441567781516
 1.0401329287046142 0.05686796782194453
 1.0575845109823023 0.05103600863546408
 1.075274492676377 0.04551200488012779
 1.093214048759482 0.040251609116366514
 1.1113994542407355 0.03524027104987136
 1.1298381591019 0.030534953534958015
 1.1485338883338567 0.026174895929151
 1.167490366927486 0.022200962888807216
 1.186703869891908 0.018607968936699557
 1.2061892971906456 0.015350405705521472
 1.2259391988419375 0.01240946616592689
 1.2459647498184263 0.009793044626530209
 1.2662659501201126 0.00750667484287976
 1.286850249728758 0.005525303994402194
 1.3077139236534818 0.003822199785064036
 1.3288681468669272 0.0023946146858867434
 1.3503129193690937 0.001230258341890249
 1.3720519661508623 0.00028547677434056145
 1.394089012203115 -0.00019259558978117666
 1.416431507507613 -0.0010671325157473638
 1.4390794520643564 -0.001500212738429787
 1.4620365708642264 -0.0017976114666817449
 1.4853103138889854 -0.001992322266800486
 1.508900681138633 -0.0021103576596222897
 1.5328188475858124 -0.0021787982195018516
 1.5570573632487612 -0.002225142454779339
 1.5816311280910043 -0.002278498693590795
 1.6065401421125411 -0.002360831688728054
 1.6317881303042527 -0.0024835572296090015
 1.6573788176570206 -0.0026481690432557745
 1.6833196541526065 -0.002841865966483843
 1.7096106397910105 -0.003043542333027056
 1.7362629495448756 -0.003238709764722513
 1.7632728584233208 -0.0034240867058324613
 1.7906515413989894 -0.0036012287995250344
 1.8183989984718814 -0.003777496327655424
 1.8465226796237588 -0.0039605436737723
 1.8750300348363833 -0.004148869371335275
 1.9039173391188744 -0.004344532132198694
 1.9331957674438751 -0.004557817776116028
 1.9628690448022665 -0.004787364147875378
 1.9929446211758104 -0.005015540624904583
 2.023422496564507 -0.005230846283085013
 2.0543063959592374 -0.005434813547030053
 2.0856074943326446 -0.005626490455995024
 2.1173295166756096 -0.005800490305278335
 2.1494761879790136 -0.005962540338384553
 2.1820512332337376 -0.006119110792570185
 2.215058377430663 -0.006257021268256481
 2.248512520533313 -0.0063491215354245
 2.282406212559927 -0.006292407323271687
 2.3167543534740274 -0.006234932683172656
 2.3515569432756154 -0.005956859531989484
 2.3868251569373333 -0.005597180900384496
 2.4225552694683015 -0.0052258078567046454
 2.458762180832043 -0.004796109803497215
 2.4954458910285573 -0.004231457770574765
 2.5326175750304896 -0.003541564853340307
 2.5702735078469563 -0.0028046234046676657
 2.6084285894414836 -0.0020936170816488087
 2.647086544804951 -0.0014603542194453084
 2.686251098928241 -0.0008809661437759747
 2.7259297017931146 -0.00023475274568573125
 2.766126078390453 0.0005204408088745017
 2.806847678702019 0.0012443907022136778
 2.848101952709574 0.0017590841448361654
 2.889892625404 0.0020390766965451925
 2.9322271467670573 0.002132268235786379
 2.975112966780509 0.0018252315687813968
 3.018553810435237 0.0015142212664612253
 3.0625571277130015 0.0008097470968448729
 3.1071303685955667 -0.000018664080444007805
 3.1522772580738114 -0.0008561842063413531
 3.1980052461295 -0.001609200634418026
 3.2443217827443926 -0.0021996330026292726
 3.291234317900253 -0.002620732451061604
 3.3387465765879605 -0.0029682290809420146
 3.3868697337801597 -0.0032727249474286844
 3.4356037894768496 -0.0034571344487574567
 3.484959918650674 -0.003444076025019452
 3.5349455712833944 -0.0034308510447824494
 3.5855644723658924 -0.003559009727474485
 3.63682407187993 -0.0035973065379296385
 3.6887318198072694 -0.0034666658278763455
 3.7413063411023146 -0.003334346991730514
 3.794536460792424 -0.0030071433787000655
 3.848399828932311 -0.0027896783949280485
 3.9029709453395958 -0.0026649637978570016
 3.958249810014279 -0.0025709363906448787
 4.01419917304755 -0.0025221542071188264
 4.07081903443941 -0.002365955249809166
 4.128183894007477 -0.0020381169962822654
 4.186219251934132 -0.0016573404379293772
 4.244999608036996 -0.0011732490504650704
 4.304524962316068 -0.0006777650921376268
 4.3647580648625395 -0.0004209601371038421
 4.425736165585219 -0.0004810342777557886
 4.487459264484108 -0.0007810334841395493
 4.549927361559204 -0.0015221465331486245
 4.61317770671932 -0.0028645582339911226
 4.677173050055645 -0.004630669861397755
 4.741950641476988 -0.006271641218229622
 4.807547730892162 -0.007247571250925899
 4.873889818483543 -0.007295496319516714
 4.941051404068755 -0.00734401338783184
 5.009032487647796 -0.0075602323091657
 5.077833069220667 -0.007738177719019614
 5.147415898878557 -0.007918146330609822
 5.2178554764390865 -0.008000649595148568
 5.289151801902256 -0.008103304796176044
 5.361267625359255 -0.007942679101781537
 5.434202946810084 -0.007780228115405275
 5.508032266072362 -0.0069130305745950076
 5.582755583146093 -0.005696641449407707
 5.658298398213652 -0.004206017974088943
 5.734772461001471 -0.002968941116620961
 5.812103271691932 -0.0028409449638121627
 5.890328080193841 -0.0023736590472051232
 5.969484136416013 -0.0019008102030194228
 6.049534190449633 -0.00453166594395126
 6.130478242294706 -0.005118592310395522
 6.21239079176885 -0.005102924023247941
 6.295197339054443 -0.00508708473160216
 6.378972383969108 -0.00463589403621611
 6.463678676604033 -0.004269683251208617
 6.54935346686803 -0.003906777240493624
 6.6359967547610985 -0.003313140711727121
 6.723608540283237 -0.002443551659777784
 6.812151573525639 -0.0019937463381583783
 6.9017376042147305 -0.0023689659224081874
 6.992292132532894 -0.003673423025755563
 7.083815158480129 -0.005036243836221763
 7.176381181874056 -0.00545173987344152
 7.269952952805865 -0.005267800352864474
 7.364530471275556 -0.005081883775338554
 7.4601509871919385 -0.004167761535382093
 7.556777250646203 -0.00340722229556699
 7.654446511547159 -0.001943656176048175
 7.753196019803618 -0.0010085598416358034
 7.85295127559796 -0.0004296461984351588
 7.953786778747802 0.0003837253148059144
 8.055665279344337 0.0008989760027423596
 8.158624027296376 0.0007452211852958638
 8.262700272512726 0.0002716872746755817
 8.36781951517577 -0.0005052790926239009
 8.474019005194316 -0.0018650226706341353
 8.581335992477175 -0.0019202332731597428
 8.689733227115536 -0.001647972401398914
 8.7992107091094 -0.0013729982769641797
 8.909842938276388 -0.0009190910106725849
 9.021592664707688 -0.0005619671940417291
 9.13442263849449 -0.00036991956215261094
 9.248407359454417 -0.00024170128517005454
 9.363509577678656 -0.0001078052975997286
 9.47976654307602 -0.0000255534900089056
 9.597141005737694 8.056993288004297E-7
 9.715707465481303 0.000006045871731375986
 9.835354172580418 0.000006574527264920416
 9.956192876761463 0.000006121657094074242
 10.078186328115633 0.00000542310365591869
 10.201334526642926 0.0000046792043803398265
 10.325674722252153 0.000003967269315131039
 10.451132415125691 0.0000033203849008085724
 10.577819354989977 0.0000027507486181334993
 10.705623792118573 0.0000022597303618359674
 10.834657476237915 0.0000018431043549517966
 10.964845907530378 0.0000014939127705747647
 11.096226335904777 0.0000012041529468349778
 11.2287615114523 9.885457533860094E-7
 11.362525933990568 7.709388304868395E-7
 11.497445103701958 6.128328558805236E-7
 11.63359352040409 4.852229050323712E-7
 11.77089668427935 3.827578750247378E-7
 11.90942909514535 3.0087067613864467E-7
 12.049116253184478 2.3571399385230842E-7
 12.190032658214346 1.8407979785134717E-7
 12.33214106032615 1.433180770871618E-7
 12.475441459519887 1.1125557483531707E-7
 12.619933855795558 8.612071536852224E-8
 12.765655499061975 6.64819973913658E-8
 12.912531889501514 5.118491696658279E-8
 13.060637526931796 3.930553040555823E-8
 13.209897911535204 3.010695817576546E-8
 13.360387543129356 2.300424748791383E-8
 13.51206917180544 1.7534652545870912E-8
 13.664942797563459 1.333387422563682E-8
 13.818971170494601 1.0115859932713239E-8
 13.974228790416488 7.656968547765118E-9
 14.130641157511498 5.782720371377682E-9
 14.288245521688442 4.357573220448956E-9
 14.44704188294732 3.2764708742614003E-9
 14.60703024128813 2.458279963006418E-9
 14.768136096893256 1.8404806582652456E-9
 14.930433949580316 1.3750492493002744E-9
 15.093923799349307 1.0251920663537928E-9
 15.258531146382612 7.627767345410082E-10
 15.42433049049785 5.663810412993695E-10
 15.591247331877403 4.197094309547369E-10
 15.75931892043008 3.104034407664471E-10
 15.928508006247068 2.291137326892087E-10
 16.09885183923718 1.6878418793503153E-10
 16.270313169491605 1.2410162722569337E-10
 16.442891997010346 9.107478099997174E-11
 16.616588321793394 6.671209326892087E-11
 16.79136489393195 4.877552754035793E-11
 16.967258963334817 3.55959793086144E-11
 17.144233280093186 2.5930404547652032E-11
 17.322287844207057 1.8855478730315795E-11
 17.50142265567643 1.3686564072262588E-11
 17.681637714501306 9.917263894433293E-12
 17.862858520864066 7.1735272798337625E-12
 18.04515957458233 5.1800208667411154E-12
 18.228466375838472 3.734185983531706E-12
 18.412778924632498 2.6874238798167992E-12
 18.598134470873212 1.930909189491391E-12
 18.784495764651812 1.3851106230245116E-12
 18.971825556059482 9.919972725820588E-13
 19.160123845096223 7.093407786915834E-13
 19.349427881670845 3.611886116154477E-13
 19.53966316596573 3.610206640694354E-13
 19.730829697980877 2.56972902579797E-13
 19.92292747771628 1.8264179536060615E-13
 20.115919255263133 1.296237734966498E-13
 20.30984228053025 9.186575976506178E-14
 20.504622053700007 6.501481691682452E-14
 20.700295824681216 4.594921026603715E-14
 20.89682634356506 3.243113550606429E-14
 21.09421361035155 2.2859982867744762E-14
 21.292383125223054 1.6092780296005204E-14
 21.4914093879972 1.131471130954737E-14
 21.69121789885636 7.945544225212745E-15
 21.89177140789174 5.572987166336829E-15
 22.093144414920943 3.9043392922450595E-15
 22.295225170217545 2.732227950962653E-15
 22.49805092369035 1.909896397444234E-15
 22.70158442543056 1.3336505661841622E-15
 22.90582567543817 9.30305572615985E-16
 23.11070017389555 6.483069377767098E-16
 23.316282420620333 4.513570950284131E-16
 23.522497915794894 3.139473661728535E-16
 23.72930940951042 2.1817856735461255E-16
 23.936754151675725 1.514964260213169E-16
 24.144794892381995 1.0510884944163298E-16
 24.353357131811613 7.286996356888411E-17
 24.562478119873386 5.048054341070368E-17
 24.772157856567315 3.494717549376608E-17
 24.982321842075784 2.4177016688247436E-17
 25.192970076398783 1.6718210765740297E-17
 25.40410255953632 1.1551850148709395E-17
 25.61564479167077 7.976502298210399E-18
 25.827634022710946 5.507719808939527E-18
 26.04003300274804 3.798571035848577E-18
 26.252841731782045 2.621034292273331E-18
 26.465985709995344 1.8064732150773233E-18
 26.67946493738794 1.2445145345056685E-18
 26.893242164051017 8.555263472901529E-19
 27.10735463989339 5.891321291453451E-19
 27.321727865097433 4.040895352237709E-19
 27.53636183966315 2.766119301376834E-19
 27.75125656359054 1.8971029737779538E-19
 27.966337537061982 1.2832121257527354E-19
 28.181604760077477 8.743643347092252E-20
 28.397020982728215 5.888179047044189E-20
 28.612623454923003 3.905430564318227E-20
 28.828337676844225 2.332892027847672E-20
 29.044126398583064 1.4694636324248677E-20
 29.26002687004834 8.16619789050352E-21
