 0. 0.
 0.002719287250778039 0.0029150517434105533
 0.005477776855149989 0.01055514751920267
 0.008276030262199245 0.02207449126911796
 0.011114616853970886 0.036716379277341164
 0.01399411405440071 0.05380539915120799
 0.01691510743965921 0.07274488441020366
 0.019878190849917217 0.09301907985621367
 0.022883966502529794 0.11419385667913173
 0.02593304510668837 0.13591396088157137
 0.029026045979521187 0.1578948015944724
 0.03216359716367854 0.1799168438670388
 0.03534633554643626 0.20181422794736334
 0.03857490698027407 0.22346466225730172
 0.04184996640501206 0.24478034113751024
 0.04517217797146869 0.26570041826964896
 0.04854221516671348 0.2861850869118917
 0.05196076094084461 0.30620950930962754
 0.05542850783540452 0.3257624570582931
 0.05894615811338027 0.3448433324720247
 0.06251442389083191 0.36345089018646987
 0.06613402727015893 0.3815854119136871
 0.06980570047503808 0.39924253830828604
 0.07353018598701232 0.41641794675314653
 0.07730823668377138 0.4331072960124393
 0.08114061597915999 0.4493104893869861
 0.08502809796488425 0.46502675128089
 0.088971467553959 0.480261985759197
 0.09297152062592343 0.49501761099816066
 0.09702906417380086 0.5092988419564088
 0.10114491645286995 0.5231075444242403
 0.10531990713122699 0.5364455828478666
 0.1095548774421594 0.5493127230904118
 0.11385068033837686 0.5617137688686374
 0.11820818064806374 0.5736587103540363
 0.12262825523280924 0.5851668820606821
 0.12711179314743845 0.5962648721222402
 0.1316596958017147 0.606976455447573
 0.1362728771239694 0.617319866217984
 0.1409522637266497 0.6273052969904667
 0.14569879507384045 0.6369380406269903
 0.150513423650707 0.6462200958123879
 0.15539711513493917 0.6551539640008603
 0.160350848570186 0.6637397123095448
 0.16537561654148822 0.6719797427000668
 0.17047242535273147 0.6798763800285048
 0.1756422952061372 0.6874341400361788
 0.18088626038380434 0.6946534991018358
 0.18620536943132862 0.7015316657559346
 0.19160068534346258 0.7080665594975857
 0.1970732857519131 0.7142611008965001
 0.20262426311521656 0.7201251479342621
 0.20825472491073452 0.7256635131162279
 0.21396579382880027 0.7308714224160333
 0.21975860796899296 0.7357359064411259
 0.225634321038569 0.7402391656075361
 0.2315941025530774 0.7443674810206661
 0.23763913803914932 0.7481110245313213
 0.24377062923947507 0.7514719417977768
 0.24998979431998475 0.7544584238803721
 0.2562978680792734 0.7570912584675005
 0.26269610216019634 0.7593965459765825
 0.2691857652637656 0.7614041988264559
 0.27576814336522304 0.763140906506578
 0.2824445399324315 0.7646242045129815
 0.28921627614648604 0.7658530388147045
 0.296084691124596 0.7668049140764107
 0.30305114214527745 0.7674485903175253
 0.3101170048757999 0.7677576253278412
 0.31728367360192644 0.7677223421402428
 0.3245525614599685 0.7673532836219852
 0.33192510067111713 0.7666762149280305
 0.339402742778105 0.7657095237382345
 0.3469869588841595 0.764453123749442
 0.35467923989427563 0.7629010184620835
 0.3624810967587932 0.7610503817227858
 0.3703940607193113 0.7589102476578964
 0.378419683556903 0.7564960632572201
 0.38655953784264074 0.7538272697504234
 0.39481521719044277 0.7509160973705448
 0.40318833651224917 0.7477648903595417
 0.41168053227547907 0.7443607226522149
 0.42029346276279844 0.7406839105194376
 0.4290288083342151 0.7367303718997433
 0.4378882716914369 0.7325125313721458
 0.4468735781445219 0.7280566239800975
 0.45598647588082786 0.7233940924309584
 0.4652287362361962 0.7185333014115222
 0.47460215396843675 0.7134577237996076
 0.4841085475330227 0.7081545445187538
 0.4937497593610198 0.7026367848805696
 0.5035276561392661 0.6969465454313246
 0.5134441290927195 0.6911327596851375
 0.523501094269005 0.6852165674878171
 0.5337004928251171 0.6791907347155396
 0.5440442913162925 0.6730465669496348
 0.5545344819869565 0.6667767303788997
 0.5651730830638212 0.6603741296331535
 0.5759621390510302 0.6538360482018764
 0.5869037210273378 0.6471721328868028
 0.597999926945333 0.6404159203774629
 0.6092528819326241 0.6335870568507119
 0.6206647385949902 0.6266788448080741
 0.6322376773214519 0.6196717696791941
 0.6439739065912043 0.6125523309902869
 0.6558756632824114 0.6053299891060874
 0.6679452129828031 0.5979900145361503
 0.6801848503019917 0.5905057401591406
 0.6925968991855669 0.5828689517650805
 0.7051837132307762 0.5750796295852058
 0.7179476760038869 0.5671430883280864
 0.7308912013590555 0.5590814375204499
 0.7440167337587402 0.5509158773878683
 0.7573267485955225 0.5426388645916875
 0.7708237525153495 0.5342604299311242
 0.7845102837420639 0.525808844224466
 0.7983889124032212 0.5173126891129441
 0.8124622408570475 0.5087727741883205
 0.826732904020565 0.5001551368864352
 0.8412035696986921 0.4914108043776317
 0.8558769389143575 0.4824992050710331
 0.8707557462394412 0.47339045708969335
 0.8858427601265372 0.4640704501601304
 0.9011407832413983 0.454559391675129
 0.9166526527959878 0.44487460342252466
 0.9323812408820537 0.43500448197999275
 0.9483294548050971 0.42496798537176433
 0.9645002374186653 0.41486778205782504
 0.9808965674588207 0.40479853548204026
 0.9975214598787128 0.39479006124586163
 1.01437796618312 0.38484911183936577
 1.0314691747628268 0.37500479263002845
 1.0487982112287515 0.3652829266135514
 1.0663682387456368 0.3556837629928245
 1.084182458365237 0.3462018594896122
 1.1022441093588167 0.33686549908910024
 1.1205564695488175 0.3277024740796293
 1.1391228556395776 0.31871680701168775
 1.1579466235469287 0.3099039462620561
 1.1770311687265245 0.3012687810154254
 1.196379926500691 0.29283496085653804
 1.2159963723837355 0.28464213812080563
 1.235884022405411 0.27673241657588715
 1.2560464334324561 0.26912960801114005
 1.2764872034879917 0.2618706429412709
 1.2972099720685546 0.25500173416649774
 1.3182184204586316 0.24856627556152266
 1.3395162720424403 0.24260578265639346
 1.361107292612777 0.23715280689811477
 1.382995290676687 0.23222826981072897
 1.405184117757807 0.22784520582930876
 1.4276776686950339 0.22400326755665118
 1.450479881937418 0.22065601537576984
 1.4735947398349287 0.2177393655532375
 1.4970262689249263 0.21520196116951318
 1.5207785402140388 0.21298323461270177
 1.5448556694551863 0.21102264468753035
 1.5692618174195279 0.20927438139514443
 1.5940011901629731 0.20771064560057412
 1.6190780392870658 0.20632062843734486
 1.6444966621938983 0.2051055977662514
 1.6702614023347373 0.2040743680624622
 1.696376649452138 0.20322630981401493
 1.7228468398151326 0.20253296401390022
 1.7496764564472356 0.2019407423538808
 1.7768700293469426 0.20139828013547073
 1.8044321357003132 0.20089923876942828
 1.8323674000853976 0.20049413173386293
 1.8606804946680349 0.2002577468073152
 1.8893761393887807 0.20025523468556405
 1.9184591021404895 0.20052906369837523
 1.9479341989362229 0.20109850360461956
 1.977806294067112 0.20194323350835225
 2.0080803002497127 0.20298548098312202
 2.0387611787625253 0.2041067913527127
 2.06985393957118 0.20519670589021644
 2.101363641441948 0.20618760519098275
 2.1332953920430855 0.20705138279194255
 2.165654348033577 0.20777435223872145
 2.198445715138859 0.20833866283507604
 2.2316747482130155 0.20873837130484624
 2.2653467512870167 0.20900941798634046
 2.2994670776024972 0.20922574357694232
 2.3340411296305668 0.20946161468915236
 2.36907435907523 0.2097610617206931
 2.404572266860807 0.21015290902620154
 2.4405404031029034 0.2106891775206497
 2.4769843670623963 0.2114509553243753
 2.513909807081867 0.2124899115044408
 2.551322420503978 0.21375421667623712
 2.589227953571206 0.21512102700359698
 2.627632201306383 0.21644577721028993
 2.666541007373467 0.21757348553134725
 2.7059602639179725 0.21835519823164512
 2.74589591138643 0.21867644467529052
 2.786353938324346 0.21851180731508732
 2.8273403811519575 0.21801448678748347
 2.868861323917261 0.21738807654998119
 2.910922898025632 0.21668664743857327
 2.9535312819453794 0.21589781800322097
 2.9966927008886763 0.21507659019290373
 3.040413426467122 0.21435748848793376
 3.0846997763213335 0.2138409161953961
 3.129558113723881 0.21343172613749853
 3.1749948471548977 0.21289364105374203
 3.221016429849666 0.21213211861462444
 3.267629359317516 0.21134752950882058
 3.3148401768313245 0.21086964928296242
 3.362655466886916 0.21097202539804016
 3.411081856631668 0.21157957207841294
 3.4601260152615843 0.2121777192439221
 3.509794653386141 0.21234836103527416
 3.560094522360173 0.21195619073762567
 3.6110324135820733 0.21109360129228197
 3.662615157757581 0.20982525238326385
 3.7148496241283855 0.20824577028276092
 3.7677427196648856 0.20676466889024347
 3.821301388222274 0.2057363004091443
 3.875532609659277 0.20517935508088167
 3.9304433989187615 0.20485526652508618
 3.98604080506949 0.20441919413849724
 4.042331910308239 0.20365315561055963
 4.099323828921628 0.20292236861554677
 4.157023706206794 0.2030965949526074
 4.2154387173502705 0.20438114027608148
 4.274576066264284 0.20608416675921107
 4.3344429843797565 0.20769834908771587
 4.3950467293952755 0.20944258479208577
 4.456394583981295 0.21218665581863258
 4.5184938544388915 0.2165505207777345
 4.58135186931231 0.2223182738502644
 4.644975977954651 0.22877353700531108
 4.709373549045963 0.23517996475555725
 4.7745519690630935 0.24088866236439324
 4.840518640700589 0.24552445152707955
 4.907280981242035 0.24924319844502532
 4.974846420881134 0.2522424824404035
 5.043222400991956 0.25449634703815144
 5.112416372347662 0.25514039982864495
 5.182435793287213 0.25380858262958167
 5.253288127829373 0.2497795117942442
 5.3249808437335515 0.24284365215216655
 5.3975214105068225 0.23448488851664812
 5.470917297356785 0.22644634237704248
 5.545175971089559 0.22059848481268834
 5.62030489395264 0.2172256693387451
 5.696311521422052 0.21473662366829122
 5.7732032999334715 0.21148352855500335
 5.850987664556826 0.20935184568038903
 5.929672036614193 0.20892886325877483
 6.009263821240501 0.2095537836075777
 6.089770404886893 0.2114394253943522
 6.17119915276643 0.2148648945602635
 6.253557406241917 0.21837167936056404
 6.3368524801558 0.22057427539599833
 6.421091660101835 0.22138891877289707
 6.506282199638617 0.22156451772303035
 6.592431317444809 0.22174154826934908
 6.679546194416173 0.22027389270910488
 6.767633970704346 0.21601357620863354
 6.856701742697683 0.20969574416184392
 6.946756559944006 0.20298967506738924
 7.03780542201586 0.19609205421993878
 7.129855275318215 0.18966439904903307
 7.222913009839141 0.18436720856698197
 7.316985455843786 0.18008732628031954
 7.412079380512124 0.17610207280060436
 7.508201484520963 0.17243098006934932
 7.605358398570812 0.167986902035437
 7.703556679858312 0.16451778461786723
 7.802802808494802 0.1623967918882821
 7.903103183872013 0.16070613808303158
 8.004464120975548 0.15768486957962333
 8.106891846647223 0.15244872047757865
 8.21039249579727 0.14427742754178388
 8.314972107567364 0.13469328908164785
 8.420636621445867 0.12516738635419367
 8.527391873336255 0.11578798678070532
 8.63524359158037 0.10646408723813097
 8.744197392937648 0.09644954100400059
 8.854258778521984 0.08362649097372593
 8.96543312969774 0.0698691715695662
 9.077725703936647 0.05801104934556363
 9.19114163063724 0.0483295759352563
 9.30568590690886 0.03958355378279577
 9.421363393321984 0.030914756194203738
 9.53817880962702 0.0232860625681463
 9.656136730443702 0.01779387938814498
 9.775241580923268 0.014162588141136018
 9.89549763238574 0.011677339173841752
 10.016908997934706 0.009870256324752445
 10.139479628052225 0.008489300729355003
 10.263213306176194 0.007392981015573297
 10.388113644263242 0.006496190976776414
 10.51418407833952 0.0057449592177110645
 10.64142786404264 0.005103675485252334
 10.769848072157526 0.004548070585876183
 10.89944758414929 0.004061156335907591
 11.030229087696341 0.003630716495785071
 11.162195072226975 0.0032477618811387614
 11.29534782446267 0.002905477952999322
 11.42968942397179 0.0025985731896112562
 11.565221738736879 0.002322825867962939
 11.701946420739457 0.0020747837935172816
 11.839864901565846 0.0018515493748788195
 11.978978388037854 0.0016506493337708733
 12.119287857872129 0.0014699172727487852
 12.260794055372248 0.0013074448044607583
 12.403497487157384 0.0011615203841013678
 12.547398417931724 0.0010306057762281082
 12.69249686629885 0.0009132925931900339
 12.83879260062515 0.0008083030852515362
 12.986285134956708 0.000714471824156686
 13.134973724993854 0.0006307283120221188
 13.284857364127959 0.0005560929933219221
 13.435934779544668 0.0004896697529778876
 13.588204428398418 0.0004306396016779208
 13.741664494062324 0.00037825468155434656
 13.896312882458501 0.0003318319574572026
 14.052147218472992 0.0002907515021162699
 14.209164842460249 0.00025444844502035683
 14.3673628068416 0.00022241224850782834
 14.526737872802538 0.00019417954214649388
 14.68728650709339 0.00016933257808464267
 14.849004878938159 0.00014749422861990585
 15.011888857056036 0.00012832526243603326
 15.175934006800533 0.00011152172992774679
 15.341135587420615 0.00009680996655369276
 15.507488549448619 0.00008394628292508016
 15.674987532219538 0.00007271237420276895
 15.843626861526232 0.00006291390865421953
 16.013400547415092 0.00005437779752191486
 16.18430228212656 0.000046950302344145416
 16.356325438185124 0.00004049505064431582
 16.529463066642847 0.000034891413579793854
 16.70370789548102 0.000030032706451244667
 16.87905232817378 0.00002582450386996912
 17.055488442418262 0.000022183943050383824
 17.233007989034736 0.000019037900084306246
 17.41160239104116 0.00001632220392264036
 17.591262742905602 0.000013980479028655814
 17.77197980998034 0.000011963436595690284
 17.953744028121136 0.0000102278480905184
 18.136545503495142 0.00000873601719001172
 18.320374012580693 0.000007455004599135059
 18.505219002362033 0.000006356140137495808
 18.691069590721984 0.000005414466158521113
 18.877914567035443 0.000004608287028191748
 19.065742392966033 0.000003918779083549937
 19.25454120346874 0.0000033296239308951504
 19.44429880800041 0.0000028266944025684597
 19.635002691940436 0.000002397765191385922
 19.826640018223227 0.000002032284043819402
 20.019197629184394 0.0000017211470149503386
 20.212662048621826 0.000001456508644396147
 20.40701948407296 0.0000012316183096800012
 20.602255829309318 0.0000010406721521010644
 20.798356667048807 8.786784199681237E-7
 20.99530727188665 7.413659261024475E-7
 21.193092613444847 6.250675612077346E-7
 21.391697359740526 5.266471738698518E-7
 21.59110588077267 4.434221860464036E-7
 21.79130225232704 3.731012237149573E-7
 21.992270259998225 3.1372759120204837E-7
 22.193993403428195 2.636351746560705E-7
 22.396454900759814 2.2140360103386287E-7
 22.599637693303954 1.858246200371405E-7
 22.80352445041834 1.5587140754018494E-7
 23.008097574596277 1.3067135323795437E-7
 23.21333920676259 1.0948429601694676E-7
 23.419231231774663 9.168280089702138E-8
 23.625755284125304 7.673537879213654E-8
 23.832892753844675 6.419205659366987E-8
 24.040624792597665 5.3672540154632574E-8
 24.248932319973314 4.4855279758245796E-8
 24.45779602996215 3.7469095684404835E-8
 24.66719639761758 3.128493594909638E-8
 24.8771136858967 2.610996069198116E-8
 25.087527952675995 2.178157736253251E-8
 25.298419057937178 1.816300205158194E-8
 25.509766671117692 1.5139110798701247E-8
 25.721550278621017 1.2613228656253761E-8
 25.933749191480693 1.0504026473864052E-8
 26.14634255317277 8.743318649123631E-9
 26.359309347570168 7.273807496434015E-9
 26.57262840703328 6.047454040694972E-9
 26.78627842062983 5.023969715807595E-9
 27.00023794247798 4.169575186855338E-9
 27.214485400205366 3.455943744813015E-9
 27.42899910351758 2.8592805585326557E-9
 27.643757252868618 2.3596484908643093E-9
 27.858737948226313 1.9402463382628517E-9
 28.07391919792518 1.5869225392517956E-9
 28.28927892759924 1.2877019476184362E-9
 28.50479498918711 1.0323877842958103E-9
 28.720445170001668 8.122369843889121E-10
 28.936207201856362 6.196642758102527E-10
 29.152058770240323 4.479787207618946E-10
 29.367977523534154 2.9115848818349664E-10
 29.583941082258445 1.4362364364633337E-10
 29.79992704834676 9.468119770012686E-17
