 0. 0.
 0.010915726190238556 2.541098187792042E-20
 0.03817719463358983 7.115075544222984E-20
 0.07471105843934069 1.7618285955222772E-19
 0.11912416227217615 2.168404943731682E-19
 0.17065714444839486 2.710505487911803E-20
 0.22880079150781082 7.047311544128016E-19
 0.2932924598754896 4.336807581620379E-19
 0.3637933221959511 4.878913813544978E-19
 0.4402874468201034 8.673615163240758E-19
 0.5224004566659807 1.1926231592586152E-18
 0.6103135761380848 0.
 0.7035149184538836 1.9515634757803803E-18
 0.802349964355487 1.3010418901787905E-18
 0.9062194493646443 1.0842001660210166E-18
 1.0154697826619787 1.3010418901787905E-18
 1.1295545800168576 1.5178833947309655E-18
 1.2485826632973271 3.469452406360404E-18
 1.3724057750660983 4.336807581620379E-18
 1.5004082990466396 1.7347247620299886E-18
 1.6333803115641865 6.071531931893301E-18
 1.7693768623934887 6.505213293966616E-18
 1.909927277249363 7.372577568259286E-18
 2.0536701582061445 7.372577568259286E-18
 2.2004458245584484 4.336807581620379E-19
 2.3510656878381995 5.204171403787542E-18
 2.502873327964547 2.602085701893771E-18
 2.6576629185778518 4.336807581620379E-18
 2.8149786020711094 3.469452406360404E-18
 2.9725813491867634 7.806253903121521E-18
 3.1323950327638572 8.673615163240758E-18
 3.293837607913686 1.7347247620299886E-18
 3.4547301688940335 1.7347247620299886E-18
 3.6170354912834184 6.938890401209692E-18
 3.7804343271907936 1.7347247620299886E-18
 3.9433557179409324 2.602085701893771E-18
 4.106745617143308 1.0408362022912155E-17
 4.270915191773844 5.204171403787542E-18
 4.435724304292195 1.3010418901787905E-17
 4.6002665088174775 7.806253903121521E-18
 4.765628124534136 8.673615163240758E-18
 4.931947366583781 1.3010418901787905E-17
 5.099286457564333 1.8214609520931268E-17
 5.2676304208302955 9.54098003351857E-18
 5.437075615795282 6.071531931893301E-18
 5.608107449289038 4.336807581620379E-18
 5.780862904610468 1.0408362022912155E-17
 5.955481119054682 1.8214609520931268E-17
 6.132092494464861 1.0408362022912155E-17
 6.310831342840332 2.4286127727573204E-17
 6.491779592862418 1.7347247620299886E-18
 6.67513145607113 0.
 6.860964532396479 2.255140793830842E-17
 7.049320496674288 0.
 7.240319080905406 9.54098003351857E-18
 7.434001032625168 1.3877788008180554E-17
 7.630408267421089 6.071531931893301E-18
 7.829615219466654 1.3010418901787905E-17
 8.031648581866383 1.3877788008180554E-17
 8.23655492581399 1.3010418901787905E-17
 8.44439059420917 1.3010418901787905E-17
 8.655196825635889 1.4745134790838637E-17
 8.869015420702844 1.3010418901787905E-17
 9.085888749162539 1.3010418901787905E-17
 9.305859757106733 1.3010418901787905E-17
 9.52897197423505 1.3010418901787905E-17
 9.755269521198406 1.3010418901787905E-17
 9.982490360116547 0.020152692127852298
 10.21510157538181 0.020098606916898493
 10.451021728395522 0.020104178670117316
 10.69030221975515 0.020171911163794073
 10.932990082510361 0.020265117813622502
 11.179121797597485 0.020210937632875917
 11.42875064103212 0.020223155045640134
 11.681931024291599 0.020304556138955612
 11.938724493417414 0.020371033356214405
 12.199188199568608 0.020313813034484686
 12.463349337202128 0.020331748572122367
 12.731265521632718 0.020427873114937833
 13.003041138491742 0.020409973052407493
 13.27869930810651 0.020371916944656926
 13.558274721168353 0.020419745346110466
 13.841856530495194 0.02050009756074346
 14.129629412855525 0.02041903523675886
 14.421493467987137 0.020429366118409058
 14.717505591519794 0.02053487277778949
 15.01784367007435 0.02046066958826128
 15.322473754102914 0.020446515595572756
 15.63144088085908 0.020536455390354005
 15.944741791514561 0.02050504815892906
 16.26248286565607 0.020491046825382057
 16.584725269951363 0.020590920329115938
 16.911420975609733 0.020558088432536717
 17.242695305697172 0.02052688480992671
 17.578653208602226 0.0206155281280883
 17.919421724003058 0.020533216991012394
 18.265033044221838 0.02049682902304647
 18.615536127835608 0.020593664074175823
 18.9710553361933 0.02046147599759118
 19.331604177615084 0.02046575187966472
 19.697242022167615 0.020494462666779043
 20.068038435206446 0.020401495043256022
 20.444074101091065 0.02045790800644093
 20.825525129733435 0.02037206420567145
 21.21240650952385 0.020329141644447265
 21.604837697179658 0.020354729180217555
 22.003085416656024 0.020228914948657035
 22.406960481715632 0.02028021203044978
 22.816654073842347 0.020157802459593654
 23.23215751474352 0.02014231863515221
 23.6535512041884 0.020102089443637446
 24.080916586195528 0.020026008089482038
 24.51428713497471 0.020052281665685828
 24.953456860789935 0.01992227396659327
 25.398936800704387 0.01999599959991998
 25.850430132786045 0.019803989497068512
 26.30840293522428 0.019850843810780436
 26.772948285328138 0.01967112096450022
 27.244024364403735 0.01971045407899067
 27.721719673289694 0.01958678125675579
 28.2062647778484 0.019668273945621158
 28.69761433232902 0.019573936752733213
 29.19586028891012 0.019689540370460657
 29.70109574013295 0.01959573933282437
 30.21341493007509 0.019754012250679607
 30.73291326554362 0.019634179381884033
 31.259531173679438 0.01975102528984255
 31.793358446537653 0.019648409604850973
 32.33448584827636 0.019682327098186334
 32.88316936505825 0.019642403111635807
 33.43917600963563 0.01960410671262529
 34.00310066721412 0.01965451602049768
 34.574882480891276 0.019533407280861167
 35.15480165078753 0.01958586224806046
 35.742794353925774 0.01948761144932852
 36.33933079908138 0.01944317360926451
 36.94398417112654 0.019501333287752404
 37.55723046564384 0.019399664945560273
 38.179190236012815 0.019444382222122667
 38.80940433907511 0.01948081107141076
 39.448164806633855 0.0193890948731497
 40.095577216004436 0.019412470218908257
 40.75154478598905 0.01944147628139386
 41.41595853975554 0.01936747273136069
 42.08890695252468 0.019381021644897876
 42.77069255036258 0.019448830299017984
 43.4616322283372 0.019325734138707383
 44.162719315212335 0.019300854903345602
 44.873884771686946 0.01937707408253372
 45.5955027575236 0.01946442909514687
 46.32703867321599 0.019464865784279122
 47.0679157943535 0.019523575492209413
 47.81846895436654 0.01962969689017128
 48.579048731605845 0.019760136639203688
 49.35026846223988 0.019737527707390304
 50.13227315499026 0.019773871649224388
 50.924446490228085 0.01984129532061856
 51.72741761697265 0.019927317932928155
 52.541586675133146 0.020013495446822877
 53.366838607199064 0.02000219987901331
 54.20304341624357 0.019882655758223046
 55.0506057202582 0.019791993330637518
 55.9091104330833 0.01972452787774653
 56.77924398045315 0.019700736026859504
 57.66144086433674 0.019707993302211162
 58.55644771820154 0.01972257589667232
 59.46326623246671 0.019770862398995143
 60.38293967278311 0.019854168328086674
 61.3150361374668 0.01991542116049771
 62.26095540806886 0.019965169671204902
 63.21996354216518 0.020063524117163466
 64.1915923151049 0.020182195123425003
 65.17631341584428 0.020240355728099246
 66.17263520122303 0.020233017570298308
 67.18198872680208 0.020200371283716545
 68.20452288510876 0.020181749180881225
 69.24038774466742 0.020205593285028776
 70.28903169968292 0.020306378308305003
 71.35193079492419 0.020497829153351826
 72.43285299602606 0.020686638199572206
 73.53049076354 0.02081715638601968
 74.6414277945707 0.02094464131944016
 75.7664238007743 0.02101261525845843
 76.90639249285535 0.02107531731670961
 78.05878219003465 0.02115410125720306
 79.22373082510572 0.021254340733130258
 80.40556081757487 0.021297769836299763
 81.60566512978792 0.0210418867975284
 82.82422421406137 0.020770556083071056
 84.06242434113597 0.02054641087878854
 85.31604914972137 0.020366762138346883
 86.58018525685526 0.020015394075560942
 87.85827270138701 0.019788809969273038
 89.1561827948878 0.019726986591975977
 90.47469955611199 0.01966214637317096
 91.81188455086368 0.019774680781241453
 93.1652045617814 0.01971131654659323
 94.53858129201627 0.019528005530519497
 95.93136305970245 0.019480118069457382
 97.33895516378283 0.019296813208403093
 98.76733983179248 0.019363186721198553
 100.21633256931135 0.019340243018121567
 101.67962899537089 0.019509254214346586
 103.15827503394247 0.01937237724183586
 104.65546368598297 0.019455616155753072
 106.16979374207668 0.019433502000411558
 107.70138681636041 0.019589078589867366
 109.25363885637492 0.019831011068525983
 110.82238123679637 0.02002658233448733
 112.40206761138315 0.020465336547440406
 114.00563283647206 0.020803629491028725
 115.63733622627443 0.020843248307305655
 117.29134214653364 0.020770483865331594
 118.96478931111587 0.020677693294949513
 120.66103535996136 0.02050716947801427
 122.38674161416296 0.020473836963305143
 124.13552636009399 0.020469123088202874
 125.89779038076199 0.020596990071367224
 127.68521147618942 0.020730725988252315
 129.50507775216602 0.02080958913578065
 131.35600996893834 0.02077609202906071
 133.2290026165654 0.020789252030797067
 135.11276865826733 0.02096468459099731
 137.0152278803197 0.02098463723775086
 138.94821859991578 0.020980490938011912
 140.89678496650143 0.021126854948145972
 142.8643831688526 0.0211798016987884
 144.8553846612506 0.02099699978568367
 146.87439961373414 0.02064008236417675
 148.90768006386742 0.02049785354616429
 150.958801699879 0.020399656859859186
 153.06061714287827 0.02033115835362068
 155.2035799507721 0.020241319126973915
 157.35083389708112 0.020184300830100605
 159.51447712578388 0.020077798684118735
 161.68869734059083 0.01989914571030626
 163.89801013954929 0.019659857578324415
 166.1337295590924 0.019601709109156783
 168.38228304853172 0.019265097975354292
 170.67212605823426 0.019147428025716666
 173.00834901354668 0.01907031724958974
 175.3689033788429 0.018879433254205488
 177.76439339426966 0.019168228921838344
 180.17704812795546 0.01918905938288795
 182.61260116517963 0.01942140571637388
 185.08821359782377 0.019416410584863517
 187.58159804593305 0.019601096908081445
 190.1045368926625 0.019941489412779578
 192.65970861289122 0.02041134488464687
 195.29458535594844 0.021109452858849753
 197.9586305268967 0.021407054911874262
 200.61752084660762 0.021390815786220027
 203.29070328506714 0.021103009264083643
 206.01373075372373 0.021089215253299494
 208.77362649340046 0.02105946343096139
 211.56049657018207 0.02071419802937106
 214.3432153814972 0.020709997585707247
 217.16143801620623 0.021105591676141185
 220.01612268558617 0.02141016113904797
 222.90301744990222 0.02161605884521968
 225.83536626139957 0.021555811281415507
 228.77798240157287 0.021177724145903874
 231.76977291297857 0.02103644456651361
 234.7961156601877 0.020738346124992705
 237.87218443451195 0.020828778168678064
 240.97003098836677 0.020536844937818467
 244.11873548988964 0.020569978123469165
 247.3126278495298 0.02054901457491332
 250.51500963201659 0.020349127745434202
 253.76723393049758 0.020086786701710158
 257.08335047150103 1.3010418901787905E-17
 260.3880035799264 1.3010418901787905E-17
 263.72759961446144 1.3010418901787905E-17
 267.1023437343797 1.3010418901787905E-17
 270.5124380700333 1.3010418901787905E-17
 273.9580815964331 1.3010418901787905E-17
 277.43947000525645 1.3010418901787905E-17
 280.9567955753107 1.3010418901787905E-17
 284.51024704150944 1.3010418901787905E-17
 288.1000094623976 1.3010418901787905E-17
 291.72626408628133 1.3010418901787905E-17
 295.389188216011 1.3010418901787905E-17
 299.08895507247695 1.3010418901787905E-17
 302.82573365686915 1.3010418901787905E-17
 306.599688611771 1.3010418901787905E-17
 310.41098008114295 1.3010418901787905E-17
 314.2597635692669 1.3010418901787905E-17
 318.1461897987225 1.3010418901787905E-17
 322.0704045674667 1.3010418901787905E-17
 326.03254860509236 1.3010418901787905E-17
 330.03275742834586 1.3010418901787905E-17
 334.0711611959906 1.3010418901787905E-17
 338.1478845630916 1.3010418901787905E-17
 342.2630465348237 1.3010418901787905E-17
 346.4167603198806 1.3010418901787905E-17
 350.6091331835935 1.3010418901787905E-17
 354.8402663008471 1.3010418901787905E-17
 359.1102546088999 1.3010418901787905E-17
 363.4191866602101 1.3010418901787905E-17
 367.76714447537756 1.3010418901787905E-17
 372.1542033963062 1.3010418901787905E-17
 376.58043193970923 1.3010418901787905E-17
 381.04589165106245 1.3010418901787905E-17
 385.5506369591338 1.3010418901787905E-17
 390.0947150312064 1.3010418901787905E-17
 394.6781656291198 1.3010418901787905E-17
 399.3010209662565 1.3010418901787905E-17
 403.9633055656068 1.3010418901787905E-17
 408.66503611903863 1.3010418901787905E-17
 413.40622134791045 1.3010418901787905E-17
 418.1868618651648 1.3010418901787905E-17
 423.0069500390385 1.3010418901787905E-17
 427.8664698585332 1.3010418901787905E-17
 432.7653968007876 1.3010418901787905E-17
 437.70369770049854 1.3010418901787905E-17
 442.6813306215328 1.3010418901787905E-17
 447.69824473088636 1.3010418901787905E-17
 452.75438017512727 1.3010418901787905E-17
 457.84966795948907 1.3010418901787905E-17
 462.98402982975085 1.3010418901787905E-17
 468.15737815706876 1.3010418901787905E-17
 473.36961582590385 1.3010418901787905E-17
 478.6206361252056 1.3010418901787905E-17
 483.9103226430016 1.3010418901787905E-17
 489.2385491645519 1.3010418901787905E-17
 494.6051795742147 1.3010418901787905E-17
 500.0100677611878 1.3010418901787905E-17
 505.4530575292698 1.3010418901787905E-17
 510.933982510798 1.3010418901787905E-17
 516.4526660849152 1.3010418901787905E-17
 522.0089213003146 1.3010418901787905E-17
 527.6025508026119 1.3010418901787905E-17
 533.2333467664907 1.3010418901787905E-17
 538.9010908327731 1.3010418901787905E-17
 544.6055540505471 1.3010418901787905E-17
 550.3464968245055 1.3010418901787905E-17
 556.123668867621 1.3010418901787905E-17
 561.9368091593071 1.3010418901787905E-17
 567.7856459091812 1.3010418901787905E-17
 573.6698965265722 1.3010418901787905E-17
 579.5892675958905 1.3010418901787905E-17
 585.5434548579827 1.3010418901787905E-17
 591.5321431975875 1.3010418901787905E-17
 597.555006637007 1.3010418901787905E-17
 603.6117083360996 1.3010418901787905E-17
 609.7019005986955 1.3010418901787905E-17
 615.825224885535 1.3010418901787905E-17
 621.981311833822 1.3010418901787905E-17
 628.1697812834722 1.3010418901787905E-17
 634.3902423101468 1.3010418901787905E-17
 640.6422932651368 1.3010418901787905E-17
 646.9255218221696 1.3010418901787905E-17
 653.2395050311959 1.3010418901787905E-17
 659.583809379217 1.3010418901787905E-17
 665.9579908581917 1.3010418901787905E-17
 672.3615950400671 1.3010418901787905E-17
 678.7941571589674 1.3010418901787905E-17
 685.2552022005583 1.3010418901787905E-17
 691.7442449986125 1.3010418901787905E-17
 698.2607903387786 1.3010418901787905E-17
 704.8043330695587 1.3010418901787905E-17
 711.3743582204825 1.3010418901787905E-17
 717.9703411274711 1.3010418901787905E-17
 724.5917475653531 1.3010418901787905E-17
 731.2380338875142 1.3010418901787905E-17
 737.9086471726307 1.3010418901787905E-17
 744.6030253784385 1.3010418901787905E-17
 751.3205975024798 1.3010418901787905E-17
 758.0607837497638 1.3010418901787905E-17
 764.8229957072558 1.3010418901787905E-17
 771.606636525122 1.3010418901787905E-17
 778.4111011046256 1.3010418901787905E-17
 785.2357762925812 1.3010418901787905E-17
 792.0800410822479 1.3010418901787905E-17
 798.9432668205511 1.3010418901787905E-17
 805.8248174214942 1.3010418901787905E-17
 812.7240495856358 1.3010418901787905E-17
 819.6403130254778 1.3010418901787905E-17
 826.572950696615 1.3010418901787905E-17
 833.5212990344914 1.3010418901787905E-17
 840.4846881965818 1.3010418901787905E-17
 847.4624423098372 1.3010418901787905E-17
 854.4538797231966 1.3010418901787905E-17
 861.458313264987 1.3010418901787905E-17
 868.4750505050021 1.3010418901787905E-17
 875.5033940210656 1.3010418901787905E-17
 882.5426416698573 1.3010418901787905E-17
 889.5920868617977 1.3010418901787905E-17
 896.6510188397523 1.3010418901787905E-17
 903.7187229613423 1.3010418901787905E-17
 910.7944809846153 1.3010418901787905E-17
 917.8775713568441 1.3010418901787905E-17
 924.967269506207 1.3010418901787905E-17
 932.0628481361026 1.3010418901787905E-17
 939.163577521845 1.3010418901787905E-17
 946.2687258094877 1.3010418901787905E-17
 953.3775593165136 1.3010418901787905E-17
 960.4893428341317 1.3010418901787905E-17
 967.6033399309152 1.3010418901787905E-17
 974.7188132575186 1.3010418901787905E-17
 981.835024852198 1.3588230201170423E-17
