 0. 0.
 0.0033977749135257708 0.0000041599519227991085
 0.011884621580955533 0.0000157962020751825
 0.02326033384670078 0.00003422747434445025
 0.03709380828737988 0.00005880569700292651
 0.05314890019850091 0.00008891799592883321
 0.07128153382548587 0.0001239854830211989
 0.09139790399642465 0.00016346283981382435
 0.11343499153858616 0.0002068373757327239
 0.13734957829330033 0.00025363122836117793
 0.16311324663854473 0.0003034012195097442
 0.19070754937830814 0.00035574147916710527
 0.22012076947350523 0.00041028404794727274
 0.25134795714886204 0.000466705474576847
 0.2843891560830418 0.0005247218310686149
 0.31924559326199636 0.0005840975945850145
 0.3559230282923389 0.0006446433122277776
 0.3944283909733346 0.0007062145566327559
 0.43476994588995455 0.0007687125600639032
 0.4769576991692026 0.0008320757177084307
 0.521002303720037 0.0008962739536547964
 0.5669129814161621 0.0009613032820083369
 0.6147015316292986 0.0010271708718611525
 0.6643777987272336 0.001093892133621958
 0.7159511117927367 0.0011614775073155743
 0.769432031187708 0.0012299308923675346
 0.8248293862076985 0.0012992459351485383
 0.8821489429401963 0.0013694013290485737
 0.9413982304731856 0.0014403645371918875
 1.0025813574199538 0.0015120945737618398
 1.0657018893802364 0.0015845535648882306
 1.1307605533290874 0.001657694181687322
 1.1977572324448245 0.0017314820241631156
 1.2666862333096343 0.0018058931308358199
 1.3375429004557202 0.0018809173293901037
 1.4103152682638092 0.0019565352028522256
 1.4849920735720952 0.0020327198528080547
 1.5615578516608961 0.0021093932776985896
 1.6399887180949964 0.0021864194474071072
 1.7202635049859247 0.002263592277774423
 1.8023534008975763 0.0023406452101931213
 1.8862226799389965 0.00241728773628627
 1.9718365551704515 0.0024932488844878684
 2.059152870071003 0.0025683477178917967
 2.1481258841488216 0.002642527199481587
 2.2387031206867216 0.0027158829135292264
 2.330832436051511 0.002788653797085612
 2.4244560700009603 0.0028611955543094217
 2.5195118401081222 0.00293393592295401
 2.6159393053081006 0.003007324392213118
 2.713671958467852 0.003081781952053065
 2.8126451445888887 0.0031576779443128777
 2.912794744017479 0.003235305240622591
 3.014055680715475 0.0033148906467634796
 3.1163690929822803 0.0033965865217891918
 3.219674120737987 0.003480502837234873
 3.323915242387207 0.003566763238567988
 3.429044879314907 0.0036555574130356645
 3.535018613939276 0.003747238983571771
 3.641795650437886 0.0038423170093057134
 3.7493453195272224 0.003941509862983981
 3.857644165205461 0.004045602550918713
 3.9666746932459866 0.0041552737575278964
 4.076430312270805 0.004270983493295192
 4.186914340631221 0.0043928123110372015
 4.298132150130006 0.004520519881606539
 4.4101049468997235 0.004653611500759384
 4.522857476808627 0.004791377672444534
 4.636422998432209 0.004933031522299447
 4.750839191760814 0.005077755409627368
 4.86615337289174 0.00522478707700132
 4.9824131967471335 0.0053735835342906876
 5.099676739126091 0.005523875451166509
 5.2180001576113435 0.005675623313786777
 5.337445235013052 0.0058288678145931565
 5.458076914796425 0.005983619306072203
 5.579960488541667 0.006139731264477298
 5.703167018523117 0.006296880179898614
 5.827753096673463 0.006454556530080127
 5.9537918517887265 0.006612140349387632
 6.081340809692887 0.0067689733342656926
 6.210461724471576 0.006924391670031383
 6.34121438479631 0.00707778920285141
 6.473649632449809 0.007228685911007615
 6.607824756862416 0.0073766862479029156
 6.743780269950676 0.007521502509472426
 6.881569036162881 0.007662923724010308
 7.021232737911334 0.007800782012080584
 7.162811337294517 0.007934960617419598
 7.306346443265734 0.008065413814554093
 7.4518776271664136 0.008192191404013947
 7.599445918387458 0.008315479541193039
 7.7490860757759625 0.008435656465266944
 7.900833797419866 0.008553239152508248
 8.054729785691242 0.008668806146177224
 8.21081192771566 0.008782818454232103
 8.36911493540729 0.008895504482602434
 8.529678526156154 0.009006947318598017
 8.692534767353326 0.009117236423390587
 8.857720604421129 0.00922652697389435
 9.025269232485668 0.009334848686507993
 9.195209687791467 0.009441821858094973
 9.367575817943049 0.009546727187890099
 9.54238757036938 0.00964882376251116
 9.719683787496662 0.009747656128526488
 9.899489223938282 0.009842941633475228
 10.081833417993428 0.009934404863906041
 10.26675628228146 0.01002177628966043
 10.454282823668505 0.010104751357653487
 10.644459094655517 0.010183466993121743
 10.837321499080097 0.01025806999391211
 11.032901376896852 0.010329278774435319
 11.231241405737949 0.01039778822634891
 11.432373672276213 0.010464176986270828
 11.636336171546665 0.010528627640865642
 11.843155504036384 0.010590656259174876
 12.052869999213447 0.010649507030844198
 12.265536903421388 0.010704438331832268
 12.48120272157415 0.010754719894074415
 12.69993400117834 0.010799583325295473
 12.921786633549827 0.010838034877227513
 13.146811385223463 0.010869084598069885
 13.375046662555556 0.010892061329243422
 13.606510560720846 0.010906786877903134
 13.841233775429677 0.010913615349644681
 14.079239569727976 0.010913936045258832
 14.320557494164621 0.010910224562308514
 14.565216655685756 0.010905686590031827
 14.813260529380205 0.010904127658827183
 15.064733091580434 0.010908941286852726
 15.319701844109217 0.010922591267643406
 15.578228544657433 0.010946871699257281
 15.84036861022376 0.010982895793004684
 16.10618662672309 0.011031953589460028
 16.375724242709722 0.01109517913329929
 16.649023177132335 0.011172689917830889
 16.92612520633396 0.011263480811898248
 17.207063535148926 0.011363626181813621
 17.491862072161705 0.011467824553942216
 17.78058808436131 0.011571862425729058
 18.073301508044946 0.011672060657827306
 18.370054252349302 0.011765797890495994
 18.670889472960685 0.011851371228680671
 18.975850313452376 0.0119284114617161
 19.284970235676504 0.0119972496848236
 19.598232981758652 0.012057901973394874
 19.91567821397749 0.012110037159315409
 20.237355546179177 0.012154299650740885
 20.563407680369394 0.012192169618242685
 20.893941902564016 0.012223910994440364
 21.229005679669626 0.01224806107104304
 21.568646450617305 0.012263930854338669
 21.91291160734429 0.012273630269810152
 22.261915337918268 0.012282019377936187
 22.61577599861459 0.012293900926882402
 22.974593236001997 0.01231170175077353
 23.338411243706176 0.012335598891014574
 23.707261698591356 0.012364626965662975
 24.081126620627312 0.012397459417154791
 24.460007974654044 0.012434830115445888
 24.843916979440888 0.01248350912203776
 25.232900214088733 0.012551772783156967
 25.627029646879663 0.012641162921187275
 26.026404611843986 0.012745509012981788
 26.431140635513202 0.012857176984081693
 26.841343673479972 0.012972278134545219
 27.257191062024596 0.01309625900782357
 27.678784447595767 0.013232460088736334
 28.106115440184514 0.013377406325592417
 28.53922846925402 0.013520724832641185
 28.97829756780446 0.013648992636821225
 29.423533220539568 0.013749472717162647
 29.87502028126486 0.013818140251133652
 30.332738323087135 0.013857777599600883
 30.79669231007803 0.013872346593132684
 31.26694604903328 0.013866217941457577
 31.743467876186514 0.013842326394071193
 32.22613952522431 0.01379956521054196
 32.71486443152025 0.013735938264275943
 33.20986908301043 0.013659099531081836
 33.71169407162394 0.01358285684235831
 34.22063483509619 0.01352286951796844
 34.73680889120577 0.013491552912841428
 35.26021248360857 0.013485325357587782
 35.79058596862302 0.013492998184243559
 36.327413053301385 0.01351506566761701
 36.87062216368523 0.013551457486189447
 37.42034005839839 0.013593343959453096
 37.97677385002117 0.013641517510892986
 38.5401396402912 0.013703685635623724
 39.110662819515795 0.01378745806883923
 39.688717491282524 0.013891904117146792
 40.27467574897047 0.014001999857163262
 40.86857924181801 0.01409989361661995
 41.47019705905826 0.014175013227507057
 42.079680188642705 0.014215765895652615
 42.69759040486511 0.014207075701916986
 43.324105526363745 0.014143302301796423
 43.95934237599265 0.014037877332417462
 44.603061601647774 0.013912260779614506
 45.25523100911656 0.013782162384763865
 45.915627417207695 0.013667589399744199
 46.58442973266677 0.013558392235069761
 47.262296225786265 0.013456188167530952
 47.94886185652827 0.013372546503938583
 48.643905464942215 0.013300037593931831
 49.3481027876808 0.013246961915850744
 50.061110892146374 0.013227736011880492
 50.7827906447909 0.01325971342073425
 51.51371264317867 0.013337241094019408
 52.25442347232404 0.013445854379696368
 53.005363152253665 0.01356458624507213
 53.76672173877359 0.013674245865860392
 54.53888499773772 0.01377824371971987
 55.32244807899577 0.013903848388126217
 56.11724630622532 0.014068084446718395
 56.9220439222615 0.01420337987945123
 57.735759418770854 0.014242963174845325
 58.55809462381162 0.014168909626361515
 59.389146634200706 0.014028007698885826
 60.23037075529932 0.01389636643155325
 61.08226183216367 0.013822843412265076
 61.945523275294775 0.013820600565822022
 62.821552146869216 0.013871048987008878
 63.705762413920496 0.013889744418094955
 64.59653414395139 0.01388700831712864
 65.49683984760746 0.013971757226634022
 66.40991846658676 0.014139554448425877
 67.33605283357947 0.014297272467152608
 68.27478181131949 0.014368611623953096
 69.22301236442992 0.014374421727499162
 70.1781039750348 0.014352734931015762
 71.1433195170459 0.014335829240054445
 72.12282599279898 0.014343883713973701
 73.11882111333784 0.014363077664623275
 74.12808410685263 0.014365792703502302
 75.14780669893788 0.014301713184090918
 76.17631530847024 0.01419866190878563
 77.21663517951595 0.014036203190321804
 78.27324987366728 0.01379133786113588
 79.34543891114664 0.013500407401260156
 80.4333977527276 0.013370751661742881
 81.53421988866435 0.013342188725992448
 82.64441765460107 0.013271397816356799
 83.7621112108882 0.01320295421487176
 84.88710143086962 0.013143553552977976
 86.02736569497178 0.013037561121620867
 87.19004906303223 0.01289468882912651
 88.36957077753829 0.012796132228138314
 89.56653575921993 0.012884952464017862
 90.7762532351285 0.013067937863335592
 91.99731779059853 0.013193824312912461
 93.23319079735073 0.01319534008656086
 94.48264384172015 0.013105380574405308
 95.73551131043526 0.012929269120874543
 97.00463012551296 0.01273444148755649
 98.28438644476527 0.012548426196141093
 99.57623816993586 0.012303129683133475
 100.88000081948884 0.012106072856215596
 102.19870199545552 0.012198934379690711
 103.53848376025017 0.012430325820347591
 104.8983941011422 0.0125320389402523
 106.27273051678682 0.012437322863060202
 107.65191858768986 0.012423646807600415
 109.04445810451875 0.012402298174128858
 110.46433942530291 0.012433141196013178
 111.91690800021917 0.012377035186182514
 113.37844898367462 0.011964865231167462
 114.87296343990116 0.011339047579051778
 116.37848596476086 0.010440593852841898
 117.9009369999218 0.009317628453635613
 119.44898523212022 0.008105849739539957
 121.01364143166846 0.007027745015294735
 122.57381058222425 0.0060130025777476595
 124.12506064717513 0.004962156789139175
 125.6873732758058 0.00400268659777405
 127.26834578098267 0.0031603275146731232
 128.8711294438041 0.0024789695439839513
 130.49517490988023 0.001982808614062386
 132.1389003813104 0.0016436118763260383
 133.8009671389778 0.0014005070510354455
 135.48070516100765 0.0012127571892180233
 137.1777461747211 0.001060608316014918
 138.89204405066658 0.0009336594668293146
 140.6235440382446 0.0008256621585127903
 142.37232498748656 0.00073250255972249
 144.13846372399883 0.000651313288671435
 145.92188898350472 0.0005800077585687971
 147.72274184977096 0.0005170164407443926
 149.5410150998293 0.0004611257962855689
 151.37684695705525 0.0004113745252200238
 153.23022358814893 0.0003669836508619969
 155.10112495013476 0.0003273102503741672
 156.98976022865676 0.00029181329647567466
 158.89610506843272 0.0002600334593855183
 160.82020904201784 0.00023157245086581434
 162.76211892970622 0.0002060832356112452
 164.7218786519219 0.00018326019753345244
 166.69952920161091 0.00016283242920253938
 168.69510857668254 0.00014455760097621984
 170.7086517125495 0.0001282201232256466
 172.74019041482276 0.00011362482123198259
 174.78975329220825 0.00010059622259309741
 176.85736568966604 0.00008897690711639735
 178.9429601228607 0.00007862346977843193
 181.0467331571594 0.00006940691608190065
 183.16861149156983 0.00006121045662303133
 185.3086067548226 0.00005392837842917215
 187.46672698359077 0.00004746546112701319
 189.6428817143379 0.00004173535671346299
 191.83726020015916 0.00003666033278626914
 194.0497655629088 0.000032170172520519685
 196.28039083744312 0.00002820184391134736
 198.52912515362948 0.000024698279292290788
 200.795953676307 0.000021608401143999525
 203.0807559900538 0.000018886264850414442
 205.38371111578732 0.000016490633705227947
 207.70469155844097 0.000014384644590673765
 210.04366604345648 0.00001253519046524623
 212.40059904747557 0.000010912744842614071
 214.77555814229058 0.000009491016805379706
 217.16828555048514 0.000008246429530408903
 219.57883890101155 0.000007158079351334406
 222.00716515998752 0.00000620735048148564
 224.45331902453935 0.00000537770397102704
 226.91701518859662 0.0000046544817112112495
 229.3982979963444 0.000004024673899833376
 231.89779183517672 0.0000034767801195934146
 234.41356810850434 0.000003000639931747893
 236.94787771590006 0.0000025872784929342258
 239.49827851716887 0.000002228779935300926
 242.06706249507644 0.0000019181762171396034
 244.65172698223597 0.000001649342293158094
 247.25460560547324 0.0000014168874337787036
 249.87313437174973 0.0000012160921017751905
 252.50968912346937 0.0000010428135020222935
 255.1616437703603 8.934248709320779E-7
 257.83141695283416 7.647607469006239E-7
 260.5176220843993 6.540504567692006E-7
 263.2188141652646 5.58881024906017E-7
 265.93747714240357 4.771477758514651E-7
 268.6721695474124 4.070196555450363E-7
 271.4227472689233 3.469063274141883E-7
 274.1876906405562 2.9542274793928785E-7
 276.96957282262355 2.5137203503969967E-7
 279.76687797226464 2.1371476317746512E-7
 282.5794420291057 1.8155192094825107E-7
 285.4070959596148 1.5410645671093733E-7
 288.249665768898 1.3070654153484438E-7
 291.10697251561066 1.107736430745148E-7
 293.9788323300122 9.380852839694268E-8
 296.86505643519996 7.938148398713644E-8
 299.7654511715466 6.712302138610866E-8
 302.6798180243695 5.6715958953366905E-8
 305.60795365485205 4.7887785499018436E-8
 308.54964993423414 4.0404950191777247E-8
 311.50625067582155 3.406757989643526E-8
 314.4744396991979 2.87044247460213E-8
 317.45553670071956 2.416927801983336E-8
 320.4509160803042 2.03371826957423E-8
 323.4571588127034 1.710157887447823E-8
 326.47724659704784 1.4371603946672062E-8
 329.5093379037939 1.206987986684209E-8
 332.55152650889784 1.0130646573639808E-8
 335.60687135524444 8.497935043291399E-9
 338.6734727685126 7.1242122371529616E-9
 341.7510732876857 5.969170796685248E-9
 344.8394113237373 4.998629812258555E-9
 347.9382212362781 4.183646734608456E-9
 351.04723341334244 3.4996999871417547E-9
 354.1679435530699 2.926079288057656E-9
 357.2965515295682 2.4452709461325548E-9
 360.4363303810895 2.0424911260517142E-9
 363.58522640301777 1.7052624431447495E-9
 366.7411198157285 1.4230706236866813E-9
 369.9073668871915 1.1870593919429643E-9
 373.08372003037067 9.897686598392577E-10
 376.26617050181784 8.249266634071177E-10
 379.4562646172959 6.872597762127506E-10
 382.6556090115285 5.723381867392739E-10
 385.86201761704666 4.764430711008399E-10
 389.07518064764804 3.964530236988993E-10
 392.2947856333317 3.297529378186038E-10
 395.52051753814925 2.7414685845363977E-10
 398.7540495698765 2.277996927126988E-10
 401.9931033432126 1.891721438267273E-10
 405.2373569250104 1.5697547579160256E-10
 408.4864863018202 1.3013185620746368E-10
 411.742220524777 1.0773810839252747E-10
 415.0022090496184 8.903802558457818E-11
 418.266122446896 7.339741139849552E-11
 421.5357331555652 6.02840774997843E-11
 424.80863764699376 4.925007614207312E-11
 428.0866379923304 3.991703896834033E-11
 431.3672959309152 3.196372944448129E-11
 434.65244370636094 2.511557285828854E-11
 437.9396088156058 1.913470668706474E-11
 441.2328546565912 1.3812639139570686E-11
 444.52750688728935 8.962661435087236E-12
 447.82545965833697 4.413230109568274E-12
 451.13092024737847 6.088382379581625E-18
