 0. 0.
 0.0010576173352522145 0.12674445164245599
 0.0031880988302419866 0.3796421522657
 0.005349282596658345 0.6336295719859694
 0.007541643830095283 0.8861754511670613
 0.009765588185328161 1.1332175400397404
 0.012021579267814537 1.3701521239211585
 0.014310080683011962 1.592853782938956
 0.016631556036377993 1.7982907325353077
 0.018986497908711285 1.9846955788825318
 0.02137534093012829 2.1514637728688215
 0.02379860665676876 2.2988981006625107
 0.026256758694090252 2.427936825364875
 0.028750318598232516 2.539907150468722
 0.031279749974653104 2.636327858729628
 0.03384580618222055 2.7187889340709783
 0.036448371319570454 2.7888506191405096
 0.03908889415375767 2.848016105202965
 0.041767084931371254 2.8976545912286698
 0.044483812912644104 2.9390016362336904
 0.04723994735780913 2.9731774575899648
 0.05003548826686634 3.0011841123451406
 0.052871304900048655 3.0238652824813794
 0.055747976764178 3.0419690287820176
 0.05866579361266537 3.0561244552262723
 0.06162591445915464 3.066834594408306
 0.06462833930364581 3.074475739652927
 0.0676739374063718 3.0793716522532595
 0.07076328827415455 3.0817584991699642
 0.07389726116722697 3.0818457877850105
 0.07707614583900006 3.0798084088317057
 0.08030081154970671 3.0757879089662468
 0.08357154805275789 3.0699322800055584
 0.0868895143617975 3.06236764155566
 0.0902550002302365 3.0532085573646346
 0.09366887491830782 3.042548691933082
 0.09713171793283339 3.0304511131878784
 0.10064439853404614 3.016987690919598
 0.104207496228768 3.002229652854983
 0.10782159052382091 2.9862578966044397
 0.11148755067943782 2.969163570371871
 0.11520624595585162 2.9510487095659435
 0.11897825585988424 2.9320065367706345
 0.12280444965176861 2.9121009730511442
 0.1266854068383267 2.891407224078233
 0.13062199667979135 2.8699394843408825
 0.13461508843639558 2.8477222334499377
 0.13866526161496126 2.8247801113412856
 0.1427736752291323 2.8012020118259815
 0.1469406190323197 2.777068604167517
 0.15116754179157824 2.7524847341675645
 0.15545502301372996 2.727536848927532
 0.15980393195900766 2.702303353967924
 0.16421484813423343 2.676887832408809
 0.16868922030646202 2.6513188701187222
 0.1732273382291044 2.6256602870710615
 0.17783065066921552 2.599932422543142
 0.18249973713361725 2.5742144784899144
 0.18723546688254253 2.5485536679043777
 0.19203899892963525 2.5230465088605816
 0.1969112025351283 2.4977814753244183
 0.2018532367126656 2.472826425734914
 0.20686568096906907 2.4482762997757037
 0.2119499840713936 2.42416559369646
 0.21710672552646107 2.400561088386593
 0.22233706434791545 2.3775671204731132
 0.22764215954940056 2.355306904113627
 0.23302288039114938 2.33388980372756
 0.23848067564021672 2.3133715374753145
 0.24401612480342452 2.293763195443889
 0.2496303868944167 2.275031811788931
 0.2553249106802481 2.257126387385361
 0.2611005654211516 2.239970655773516
 0.2669587998841822 2.223478462987489
 0.2729001935761617 2.2075238696891097
 0.27892648501755596 2.1919849868433716
 0.28503825371518693 2.176781466453995
 0.2912369484361095 2.161883054643618
 0.29752459745420046 2.1472668707158418
 0.3039020700296927 2.1328686488459794
 0.31036936616258626 2.1185898450436422
 0.31692938338699084 2.1043036374419324
 0.3235821217029064 2.089869718069611
 0.330327581110333 2.0752734827124213
 0.33717155667749005 2.0605622519745928
 0.34411115087026783 2.0457203953365553
 0.3511521587568858 2.030783316549919
 0.35828878526912455 2.0157963479067313
 0.3655297230093132 2.000646321699793
 0.3728720744433419 1.9851428114939609
 0.3803187371053206 1.9691681844713762
 0.38787260852935895 1.9525930131718465
 0.39553368871545685 1.935275226404661
 0.40330197766361436 1.9171650786684369
 0.41118037290794124 1.8982461899194738
 0.4191688744484375 1.878527538849384
 0.42727327735332243 1.858036748862706
 0.43549068408848646 1.8367788967872414
 0.44382399218803925 1.814951012432795
 0.4522760991860905 1.792834054938767
 0.4608470050826403 1.7705167962508819
 0.46953960741179823 1.7479539453725605
 0.4783539061735645 1.7249764602000772
 0.48729279890204863 1.7012811950777744
 0.49635918313136046 1.6766202428628
 0.5055530588614999 1.6509159306238783
 0.5148773236265767 1.6243745100022806
 0.5243290798924811 1.59715262708202
 0.5339170202615424 1.569310103886587
 0.5436411447337605 1.54098981276325
 0.5535014533091355 1.5123091961420263
 0.5634979459876671 1.4834226592512043
 0.5736393153716847 1.4544289100061834
 0.5839197663929689 1.4252018693303714
 0.594345094119739 1.3956048104619037
 0.604918196086105 1.3657756316485852
 0.6156390722920664 1.3358352773861168
 0.6265106202717334 1.3057944123132803
 0.6375357375592154 1.2757185693457431
 0.6487144241545126 1.2456388087943697
 0.6600495775917347 1.2155081193554644
 0.6715411978708815 1.1851813969113258
 0.6831979775942825 1.1546173084216573
 0.6950141216937179 1.123823083652532
 0.7069983227715171 1.0928339696606404
 0.7191476832935702 1.0617060988883977
 0.7314679983280967 1.0304472011138202
 0.7439592678750968 0.9990838702319954
 0.7566272870027897 0.9679364203820148
 0.7694691581770657 0.9371475857844459
 0.7824906764661445 0.906480261015153
 0.7956947394041355 0.8757936434266068
 0.8090813469910387 0.8450891682107474
 0.8226562942950738 0.8143207707620875
 0.836416683782131 0.7834961799106581
 0.8503712080545393 0.7530023574070813
 0.864516969578189 0.7227475976928628
 0.8788597634212997 0.6924201316441682
 0.8934024871179811 0.6621770000353512
 0.9081480382023427 0.6321177923729789
 0.9230935191402752 0.6023067718895294
 0.9382505200682169 0.5729533046704012
 0.9536132459179488 0.5440825540156461
 0.9691903892917999 0.515714155617058
 0.9849819501897702 0.4881188617477659
 1.0009937236800792 0.4613550672642208
 1.0172228122286173 0.43527884305370557
 1.0336779084377135 0.40988942687669283
 1.0503590123073676 0.3853063166250845
 1.0672690213716896 0.36175097087837016
 1.0844108331647893 0.33920839956870036
 1.1017902427548856 0.31786874252791797
 1.1194072501419792 0.29804770837947975
 1.1372647528601794 0.2799985336798598
 1.1553685459777059 0.2635647516045079
 1.1737186294945585 0.24888384924780782
 1.1923236960130663 0.23607131181681193
 1.21117795046501 0.22498831362567978
 1.2302929829868283 0.21542641025366482
 1.2496687935785216 0.20715816623973518
 1.269308279774199 0.20036455122377003
 1.289214339107971 0.19500410934787615
 1.3093927666480563 0.19062408652950188
 1.3298435623944553 0.18694633494512797
 1.3505754189494972 0.18390101731838626
 1.371585438779072 0.18125004871024175
 1.3928823144855091 0.17873774412637766
 1.4144660460688085 0.17627103049662673
 1.4363424285971895 0.1737851285134816
 1.4585172571388716 0.1712051953355568
 1.480987634159745 0.16861361824056795
 1.503762252262139 0.16628707293127587
 1.5268440089801631 0.16443634560868858
 1.550238699382037 0.16300045591077872
 1.5739463234677606 0.16174761708437596
 1.5979697787714435 0.1604773619301963
 1.622317757895415 0.1591288029079162
 1.646993158373785 0.1578766678822159
 1.6719988777406627 0.15710899255153582
 1.6973378135301582 0.15709263042039284
 1.7230128632763813 0.15773195928471323
 1.7490356171157706 0.15875419937410148
 1.775400279980107 0.15986789840461768
 1.8021184420058287 0.16075650045661918
 1.8291901031929365 0.16126922363500887
 1.856623956143759 0.16164631963098477
 1.884417103324187 0.16221022778563057
 1.912581134870659 0.16300540685685067
 1.9411160507831748 0.16388885199738235
 1.9700305436640642 0.1645688025361253
 1.999321715979217 0.16466449036737654
 2.029001157865072 0.16397965066744874
 2.0590717668557392 0.16258495741459447
 2.0895364404853285 0.16071596243423997
 2.120400973822058 0.15872520224449221
 2.1516682644000396 0.15687519474525327
 2.1833441072874913 0.1553178765635656
 2.215434297552633 0.1543799722086779
 2.2479417327295743 0.15418837253602333
 2.2808722078865347 0.15474604285036084
 2.314231518091733 0.1554319523935022
 2.34802256087928 0.15470277064410579
 2.3822511313173944 0.15280348427400148
 2.416923024474296 0.15067729922911288
 2.4520411378840943 0.14870772280824623
 2.487611266615009 0.1471417625853763
 2.523639205735259 0.14635086538989966
 2.5601307503130646 0.14633534290751052
 2.5970887978825345 0.14661816567557964
 2.6345220410459986 0.14679480590888885
 2.6724304798034564 0.14689210149811954
 2.7108228067572377 0.14714866899951745
 2.7497048169755614 0.14774343591994146
 2.789079407992537 0.1485255092556022
 2.828952374876385 0.1491578743785835
 2.869329512695324 0.14956211218668364
 2.9102253091199026 0.15009694647854935
 2.951631071547792 0.15101573201561433
 2.9935294147743337 0.15206995413722407
 3.0359782894817213 0.15301146962717813
 3.0789776956699564 0.15363412540636823
 3.122498657997941 0.1540896707456333
 3.166541176465675 0.15546117926313188
 3.2111632017553524 0.15803107941145847
 3.2563067831847796 0.1601913931941823
 3.302029871436151 0.16097779171104362
 3.3483324665094654 0.16089365886378193
 3.395185593063627 0.1604825769630011
 3.4426182264397327 0.15953288136172797
 3.4906303666377823 0.15717708637554437
 3.5392220136577754 0.15376966725315114
 3.5884221428408094 0.1513064000241099
 3.638201778845788 0.15079191244941062
 3.6885898970138067 0.15232996607792504
 3.7396154726859647 0.15483602574522295
 3.791220555180065 0.15694453269322853
 3.8434630951783046 0.1601648956922583
 3.896343092680683 0.1644623366539764
 3.949860547687199 0.1678040475733642
 4.003986484856756 0.16986403015924087
 4.058778854871549 0.16987881030832125
 4.114237657731577 0.1683675697834898
 4.170333918095743 0.16777429857253567
 4.227067635964047 0.1695522916993416
 4.2844967620186845 0.17204167587456323
 4.342621296259654 0.17210802967504688
 4.401383288004762 0.17007610771214887
 4.4608696632773 0.16830080685750648
 4.5210224713950735 0.1681494268221004
 4.58187068769918 0.1681824862024191
 4.643443287530716 0.16753468913693326
 4.705711295548584 0.16743617878260011
 4.768674711752785 0.1675395060923082
 4.832391486825514 0.16682150034212204
 4.896803670084574 0.16310586024664728
 4.961969212212162 0.15476825379185855
 5.027859137867179 0.14815052438048074
 5.094502422390724 0.14581213001610546
 5.161899065782795 0.144723480125512
 5.230049068043394 0.14475693394208694
 5.298923453831423 0.14682025554197328
 5.368609149170172 0.1483084116297419
 5.43904820337745 0.1481846164520402
 5.510240616453253 0.1436180461978731
 5.582244339079779 0.132091722001888
 5.6550303959159285 0.12173804502150651
 5.728598786961702 0.11700464211732757
 5.802978487558198 0.11652775503394044
 5.878140522364317 0.12136107343889517
 5.954113866721158 0.12676142994618703
 6.030927495969817 0.12925980498136233
 6.108523459428102 0.12864115435331464
 6.186959707778203 0.12474203918120734
 6.266207265679028 0.11660186049903139
 6.346295108471669 0.10515650288440052
 6.427252211497227 0.09562958019908885
 6.509020624073507 0.08962936484366152
 6.591629321541605 0.08486890932620915
 6.675107279242619 0.08057453939232527
 6.7594255218354515 0.07621553113828805
 6.844584049320103 0.07260694942753398
 6.930640812378767 0.06746100951846831
 7.017566835670347 0.061452706585807246
 7.105333143853746 0.05505990131689055
 7.193997687611158 0.04403648702803554
 7.283531491601484 0.032412420730001126
 7.373963531165826 0.02485233045861855
 7.465264830963081 0.019592695047199755
 7.557493341675447 0.01574806768674348
 7.650562137279633 0.012869969286228541
 7.744558143798927 0.010416868036186454
 7.839452385892236 0.008455735785742826
 7.935244863559557 0.006951205627420014
 8.031964552141988 0.0057721623020996855
 8.129553500957336 0.004824003788838523
 8.228098636028891 0.004048494923364639
 8.32751303133336 0.0034075132087443105
 8.427883612894037 0.002874123147669645
 8.529152430028727 0.002428206414551455
 8.631348458078529 0.0020541946320623903
 8.734442721702342 0.0017397095208522685
 8.838493171582364 0.0014747574309612683
 8.9434418570364 0.0012511814091459674
 9.04934672874664 0.001062266184058154
 9.156149836030895 0.0009024518731979839
 9.263909129571356 0.0007671142701693004
 9.372566658685832 0.0006524032828828598
 9.482180374056513 0.0005550934293075486
 9.592721300342307 0.000472482708977273
 9.704189437543208 0.0004023039914739481
 9.816584785659222 0.00034264861412101926
 9.929936320031441 0.0002919092576048372
 10.044186089977675 0.0002487324841449929
 10.159392046180116 0.00021197478154111378
 10.27549623795657 0.0001806678128556747
 10.392556615989232 0.0001539945935408653
 10.510544204937002 0.000131262066777142
 10.629459004799882 0.0001118830499141958
 10.749272040236777 0.00009535946303307268
 10.87004126192988 0.00008126820823365732
 10.991708719196994 0.00006925008489121393
 11.114303387379218 0.00005899914332001491
 11.237825266476554 0.00005025538726971569
 11.362274356489 0.00004279737925745283
 11.487592706734361 0.00003643640427067695
 11.613838267894833 0.000031011630448382795
 11.741011039970413 0.000026385944007454267
 11.869053072278911 0.00002244241917236681
 11.998022315502517 0.0000190810585584625
 12.127860818959041 0.0000162166919852885
 12.258597557989578 0.00001377653330362542
 12.39020355725303 0.000011698369281870925
 12.522707792090495 0.000009929168955259865
 12.656081287160877 0.000008423507421491566
 12.790324042464173 0.0000071426418426415165
 12.925436058000384 0.000006053490521374714
 13.061388358428417 0.000005127754437751623
 13.198209919089363 0.000004341292014793826
 13.335871764642128 0.0000036734601553243984
 13.474373895086712 0.0000031066615737297694
 13.613716310423115 0.000002625853801890204
 13.753899010651336 0.0000022182040079173448
 13.894864045089182 0.0000018727763918020814
 14.036669364418845 0.000001580233245891245
 14.179257017958134 0.0000013326205679716666
 14.322627005707048 0.0000011231553170944007
 14.466808303006681 9.460642498760047E-7
 14.61177193451594 7.964362738141073E-7
 14.757488924893723 6.700809497590182E-7
 14.903959274140037 5.634467132712072E-7
 15.051211957595974 4.73508316848677E-7
 15.19918902457934 3.976980184090475E-7
 15.347890475090136 3.3383483772110926E-7
 15.497316309128362 2.8006897920252515E-7
 15.64743755135292 2.348300312798715E-7
 15.79828317710491 1.9678957911271966E-7
 15.949795235702132 1.6482106602933333E-7
 16.102002702485688 1.3797107455495316E-7
 16.25487660211448 1.1543351055963444E-7
 16.40841693458851 9.65270920471871E-8
 16.562565749225577 8.067537623755944E-8
 16.71738099670788 6.73929204409464E-8
 16.872804726353223 5.626939933403464E-8
 17.028807962820515 4.6959107077236324E-8
 17.18544865679194 3.9170726841680856E-8
 17.342639882244217 3.265908331978573E-8
 17.50041061451843 2.7217665994071837E-8
 17.658731878273496 2.2672987248044403E-8
 17.817603673509407 1.8879202906528824E-8
 17.97696804954397 1.5713809771265175E-8
 18.13688295705938 1.3074003000563473E-8
 18.29729044537344 1.0873556033542992E-8
 18.45816153914506 9.04020417824309E-9
 18.61952521371533 7.513393322725585E-9
 18.781352493743153 6.242411877770938E-9
 18.94358542854634 5.184846243291797E-9
 19.106252993465983 4.305223392078859E-9
 19.269355188502086 3.5738935653143096E-9
 19.43283406297245 2.9660916476743264E-9
 19.59668961687708 2.4611467687004486E-9
 19.76092185021597 2.0418141249918838E-9
 19.92547281230693 1.6937044400289687E-9
 20.090371478491058 1.4048307164739353E-9
 20.255588873427254 1.1652134231175694E-9
 20.421124997115516 9.66536557892684E-10
 20.58692189887366 8.018893567405198E-10
 20.752979578701673 6.655245752547241E-10
 20.91926906125847 5.52669913217392E-10
 21.085819321885136 4.593657197542259E-10
 21.252572409899482 3.823323048513982E-10
 21.41952832530151 3.1885735381218046E-10
 21.58668706809122 2.667043832110971E-10
 21.753990687586413 2.2403962805894313E-10
 21.92143918378709 1.893677532112194E-10
 22.08900358135216 1.6148574034669812E-10
 22.256712855622716 1.3944842547239122E-10
 22.424509055916563 1.22543643718087E-10
 22.592363206892603 1.1028286433482769E-10
 22.760304283891937 1.0239612582913057E-10
 22.928274336232366 9.886632890951732E-11
 23.09627336391389 9.976857685505562E-11
