 0. 0.
 0.002115234054223337 0.003240282880037152
 0.004260962184901384 0.01171172441983551
 0.00643762112273281 0.024467619875308846
 0.008645653769176911 0.04067307110489731
 0.010885509281185519 0.059596703870224116
 0.013157643157035551 0.08060235626602094
 0.015462517323267411 0.10314590283330674
 0.01780060022272659 0.12676873934888844
 0.02017236690374738 0.15109171557514228
 0.022578299110463152 0.17580937586955772
 0.02501888537427163 0.20067981044527103
 0.02749462110648109 0.2255169649053397
 0.030006008692103923 0.2501787025035013
 0.03255355758486206 0.2745580529190323
 0.03513778440337602 0.29857674132397244
 0.03775921302859445 0.3221753478442472
 0.04041837470240972 0.34531189402590434
 0.043115808127547735 0.36795819360005855
 0.04585205956869048 0.3900938909497546
 0.04862768295486487 0.41170623994149114
 0.05144323998310593 0.4327852442701618
 0.05429930022341985 0.45332486378877096
 0.057196441225031674 0.4733220653943066
 0.0601352486239486 0.4927761631379258
 0.0631163162518673 0.511688936457417
 0.06614024624640207 0.5300636320361702
 0.06920764916266738 0.547903651454494
 0.07231914408623566 0.5652130871073306
 0.07547535874745206 0.5819971673239076
 0.07867692963715808 0.5982641365530581
 0.08192450212380843 0.6140210186628066
 0.08521873057199682 0.6292747820680432
 0.08856027846242677 0.6440337936317061
 0.091949818513299 0.6583063578591211
 0.09538803280315959 0.6721012290858706
 0.09887561289522663 0.6854280622575853
 0.1024132599631726 0.6982961051835987
 0.10600168491840611 0.7107168203716824
 0.10964160853884519 0.7226992101477328
 0.11333376159922665 0.7342541499362064
 0.1170788850029094 0.7453890878389242
 0.1208777299152344 0.7561107202726116
 0.12473105789843325 0.7664246930224888
 0.1286396410480906 0.776337243713632
 0.1326042621311787 0.7858616608918668
 0.1366257147256766 0.7950088867364797
 0.1407048033617849 0.8037880801872926
 0.14484234366475646 0.8122222155252282
 0.14903916249931448 0.8203219359584305
 0.15329609811573344 0.8280970544065499
 0.157614000297536 0.8355530552770998
 0.16199373051083932 0.8426984090484936
 0.16643616205537462 0.849526880764135
 0.1709421802171618 0.8560390703314306
 0.17551268242286158 0.862235211041111
 0.1801485783958273 0.8681186272048325
 0.18485079031384713 0.8736785310251435
 0.1896202529685883 0.8789074590171575
 0.19445791392675552 0.8837977580076631
 0.19936473369299473 0.8883247384578394
 0.20434168587448578 0.8924738347467972
 0.2093897573473244 0.8962302850355887
 0.21450994842459767 0.8995890403560668
 0.21970327302626255 0.9025412938935929
 0.22497075885075102 0.9050910234766932
 0.2303134475483423 0.9072416228952739
 0.2357323948963314 0.9090025014392089
 0.241228670975952 0.9103857701297571
 0.2468033603510825 0.9114029869158223
 0.2524575622487533 0.9120586537346158
 0.25819239074142414 0.9123633783112404
 0.2640089749310751 0.9123404455948669
 0.26990845913507955 0.912002940385767
 0.27589200307388106 0.9113636319063294
 0.2819607820604636 0.9104350164628636
 0.2881159871916394 0.9092260697661495
 0.29435882554112575 0.9077587208056705
 0.3006905203544199 0.9060482087356655
 0.3071123112454789 0.9041129893460631
 0.3136254543952115 0.9019714993008594
 0.3202312227517452 0.8996289104549365
 0.32693090623248955 0.8970769836514766
 0.3337258119280106 0.8943105846669045
 0.3406172643076655 0.8913478365796467
 0.34760660542701943 0.8882036005125332
 0.35469519513705244 0.884872563986153
 0.3618844112951027 0.8813661742074522
 0.36917564997760055 0.8776891405396996
 0.3765703256945217 0.8738461497775604
 0.3840698716055781 0.8698350022943031
 0.39167573973815945 0.8656499077055592
 0.39938940120696076 0.8612779192656732
 0.4072123464353219 0.8567022201805954
 0.41514608537824227 0.8519019853666131
 0.42319214774708475 0.8468592789692936
 0.4313520832358919 0.8415732939520308
 0.43962746174937645 0.8360286903407197
 0.44801987363250395 0.8301986851448521
 0.4565309299016569 0.8240554585856128
 0.4651622624773907 0.8176065733371958
 0.47391552441871365 0.8108594812299129
 0.48279239015889824 0.8038438571004678
 0.4917945557427834 0.7966051371211781
 0.5009237390655275 0.7891712698886819
 0.5101816801128068 0.7815558088646495
 0.5195701412024195 0.7737572551268272
 0.5290909072272237 0.7657657213427477
 0.5387457858994608 0.7575593185162101
 0.5485366079963119 0.7491150255181358
 0.5584652276067623 0.7404247032227224
 0.568533522379638 0.7314848948668783
 0.5787433937728426 0.7222946131031454
 0.5890967673036913 0.712873940081699
 0.5995955928003488 0.7032216922486413
 0.610241844654269 0.6933113847672756
 0.621037522073637 0.6831597884167432
 0.6319846493376974 0.6727915223647243
 0.6430852760519902 0.6622320665421584
 0.6543414774043474 0.6515666303313601
 0.6657553544216751 0.6408888014382141
 0.6773290342273816 0.6301894126766188
 0.6890646702994423 0.6194060657957942
 0.7009644427289977 0.6085205445402584
 0.713030558479421 0.5975467731255558
 0.7252652516457934 0.5864884616411399
 0.737670783714687 0.5753381378507935
 0.7502494438241974 0.5640723294392884
 0.7630035490241165 0.5526596375115836
 0.7759354445361826 0.5411018157284816
 0.7890475040143091 0.5294226692321419
 0.8023421298046833 0.517643434658538
 0.8158217532056736 0.5057943496155327
 0.8294888347273934 0.49392001132332997
 0.8433458643508768 0.4820328153776203
 0.8573953617867162 0.470117799314688
 0.8716398767330539 0.4582249789265027
 0.8860819891328371 0.44640233082233494
 0.9007243094301992 0.4346473290922021
 0.9155694788258542 0.4229260386286255
 0.9306201695313416 0.4112086340641062
 0.9458790850220729 0.3994954573249665
 0.9613489602889419 0.3878030774219407
 0.9770325620884398 0.37615488885199394
 0.9929326891911012 0.3645575872838314
 1.0090521726281139 0.3530128011959323
 1.0253938759359824 0.3415442344965071
 1.041960695399052 0.3301887985800198
 1.0587555602897492 0.31898200320566417
 1.075781433106352 0.3079905457438108
 1.0930413098081715 0.29727652528530124
 1.1105382200478735 0.28686165114681184
 1.1282752274008676 0.27672029373706597
 1.1462554295914817 0.26685227471647577
 1.1644819587157977 0.25727626757408306
 1.1829579814609148 0.2480321227797763
 1.201686699320435 0.23918806864874778
 1.2206713488060006 0.23076666264405837
 1.2399152016546056 0.22276753498488425
 1.2594215650315252 0.21518985695939927
 1.2791937817286065 0.2080381601874675
 1.2992352303576635 0.201339134637144
 1.31954932553881 0.19514078424929904
 1.3401395180834046 0.18947363345792834
 1.3610092951714057 0.1843531099393335
 1.3821621805228916 0.17979283558954387
 1.4036017345634197 0.1757952643644788
 1.425331554583043 0.17232931356435863
 1.4473552748886138 0.16935244263648377
 1.4696765669491894 0.1668331460534724
 1.4922991395341643 0.16474796752521575
 1.5152267388438827 0.16305967403777538
 1.5384631486324318 0.16171435119628638
 1.5620121903222655 0.16065662459929503
 1.5858777231103964 0.159848639926493
 1.6100636440657754 0.15927374369311711
 1.6345738882175853 0.15890531296382326
 1.659412428634074 0.158691679480199
 1.6845832764915842 0.15858880702100042
 1.710090481133457 0.1585957803393154
 1.7359381301184102 0.1587419609719161
 1.7621303492580622 0.15904369196330087
 1.7886713026432068 0.15949652998617847
 1.8155651926584442 0.16009004455956963
 1.8428162599848434 0.1607992588506858
 1.8704287835901552 0.16157270977089375
 1.8984070807062319 0.162342107538863
 1.9267555067932336 0.1630406092486818
 1.955478455490183 0.1636263834784744
 1.984580358551472 0.16409462662109436
 2.01406568576887 0.16446506274937453
 2.043938944878599 0.1647430689475094
 2.074204681453035 0.164861682449042
 2.1048674787765784 0.16469843075068594
 2.1359319577052274 0.16417711913511418
 2.1674027765094124 0.16330292106379649
 2.1992846306995633 0.1620885676091725
 2.231582252834003 0.16052894605237053
 2.264300412308626 0.1587174813365058
 2.2974439151278605 0.15686471519212045
 2.3310176036564783 0.15519543560135354
 2.365026356351664 0.15381708839826883
 2.3994750874748925 0.152630468860969
 2.434368746783066 0.15155687529176712
 2.469712319198395 0.15061281577099098
 2.505510824456483 0.14986517331818536
 2.5417693167320956 0.14936033015698771
 2.5784928842420594 0.14910556370290853
 2.6156866488247514 0.1491436460880809
 2.6533557654956303 0.14952413638091183
 2.691505421978243 0.15021956366469888
 2.730140838210161 0.15106560053733317
 2.76926726582328 0.15180772485223262
 2.808889987597914 0.1522526373315989
 2.849014316890123 0.1524298073216378
 2.8896455970316737 0.15251272978594627
 2.930789200702114 0.152680788804734
 2.9724505292723244 0.15318893268817116
 3.014635012119017 0.15430618897963322
 3.0573481059095724 0.15606889143051136
 3.100595293856656 0.1581405520297891
 3.1443820849420057 0.1599473384751616
 3.1887140131088714 0.16113739325733237
 3.2335966364224507 0.16184257203562671
 3.2790355361978105 0.16233179678343682
 3.3250363160946823 0.16268658904642444
 3.371604601178582 0.1630231923486319
 3.418746036947685 0.1637657011491637
 3.4664662883248654 0.16552969224836436
 3.5147710386143944 0.1686919519329653
 3.5636659884226902 0.17303586583043493
 3.6131568545426194 0.17790166582155156
 3.663249368800772 0.18252885146413686
 3.7139492768672184 0.18660611363338986
 3.765262337027183 0.19026357934190272
 3.8171943189141713 0.1933600305256212
 3.869751002203994 0.19524567704617876
 3.9229381752692616 0.19555252851732804
 3.9767616337937945 0.19406224873276615
 4.031227179346572 0.19116333803394892
 4.086340617914682 0.18757410163454732
 4.142107758394927 0.18348006832289082
 4.198534411043552 0.178912911048772
 4.255626385883849 0.17431662974902082
 4.313389491071094 0.17014516045490163
 4.371829531214568 0.1661219833462669
 4.430952305656278 0.1620992626175188
 4.490763606706072 0.1586762340262222
 4.5512692178328 0.1563434743557591
 4.6124749118113595 0.15549328402982923
 4.674386448825262 0.155901800633504
 4.737009574524581 0.15689538972772482
 4.800350018039065 0.15840135486376428
 4.864413489946222 0.15959394801574708
 4.9292056801943405 0.16074441450127086
 4.994732255980227 0.16194614609332006
 5.060998859581705 0.16284543356504508
 5.128011106144776 0.16322877646506734
 5.195774581425508 0.16262594851752213
 5.264294839486601 0.16078884915848216
 5.333577400348901 0.15790506368159915
 5.403627747597717 0.15438306994546602
 5.47445132594442 0.15023130259146134
 5.546053538743268 0.14605442825064063
 5.618439745463878 0.14206814886204588
 5.691615259119589 0.13858797620925228
 5.765585343652095 0.13654560777268218
 5.8403552112727075 0.13484845026301837
 5.9159300197607365 0.13266545096148663
 5.992314869719523 0.12976545508563062
 6.0695148017905725 0.12693344284388122
 6.1475347938265585 0.12438186287774201
 6.226379758023718 0.12206831751298038
 6.30605453801446 0.11971506192311511
 6.386563905920982 0.1158705395152465
 6.467912559370619 0.11048648830384292
 6.550105118474044 0.10609964210436776
 6.6331461227670365 0.10185056809805536
 6.7170400281171165 0.09514105786334033
 6.8017912035959345 0.08656982462389312
 6.887403928318703 0.07774683423894259
 6.973882388251854 0.06907246210152622
 7.061230672990284 0.05956379436363806
 7.149452772505424 0.0496842711853126
 7.238552573865789 0.04156066738093653
 7.328533857931307 0.035483948644380765
 7.419400296023123 0.03037062029150168
 7.511155446570545 0.025054521592285276
 7.603802751736806 0.019471297288070358
 7.697345534025466 0.014766957527646127
 7.791786992869304 0.011536849998934985
 7.887130201203771 0.009389669791017494
 7.9833781020267685 0.007869410894952366
 8.0805335049472 0.006723951237309154
 8.178599082724084 0.005821614862733117
 8.277577367798795 0.005087522365245425
 8.377470748822565 0.004475618523497574
 8.478281467181676 0.00395589550948217
 8.580011613522819 0.0035080106664683924
 8.682663124281177 0.003117677474587357
 8.786237778213717 0.0027745920104372233
 8.89073719294058 0.0024710973496135523
 8.996162821497036 0.002201376333567755
 9.102515948899065 0.001960882869461164
 9.209797688725285 0.0017459778067391773
 9.318008979718222 0.0015536771087925852
 9.427150582407885 0.0013814881869936822
 9.53722307576079 0.0012272765737608058
 9.648226853857455 0.00108919576393683
 9.760162122601583 0.0009656238565744376
 9.873028896464216 0.000855116787337838
 9.986826995266048 0.0007563842232163401
 10.101556041001306 0.0006682652588506207
 10.21721545470651 0.0005897076631073173
 10.33380445337764 0.0005197593831488292
 10.451322046938982 0.00045755458613282217
 10.569767035267422 0.0004023084492099934
 10.689138005275376 0.00035330648382042844
 10.809433328056285 0.00030990129843149047
 10.930651156095902 0.00027150374901424763
 11.05278942055327 0.00023758265879408034
 11.175845828614795 0.0002076549171591622
 11.299817860925177 0.00018128583021349278
 11.42470276909878 0.00015808232732842856
 11.550497573315116 0.0001376913297613266
 11.677199060002014 0.00011979468103709992
 11.80480377961023 0.00010410725828248455
 11.933308044482997 0.00009037393390484136
 12.062707926824178 0.00007836602033678976
 12.192999256768614 0.00006788008748282779
 12.324177620558183 0.00005873404643500083
 12.45623835882715 0.000050766300637263045
 12.589176565000148 0.00004383341315846357
 12.722987083806478 0.0000378080066013466
 12.857664509913803 0.00003257743697281707
 12.993203186684845 0.000028041987547829456
 13.129597205060094 0.000024113741567812092
 13.266840402570022 0.000020715253909230312
 13.404926362479559 0.000017778317803155792
 13.543848413068204 0.000015243000340902799
 13.683599627048515 0.000013056776682967508
 13.824172821125927 0.000011173548567582453
 13.965560555702583 0.000009553044862167275
 14.107755134727926 0.000008160037875845089
 14.25074860569853 0.000006963865943060399
 14.39453275980957 0.000005937713042275261
 14.539099132260267 0.000005058303958773531
 14.684439002715548 0.000004305390012026174
 14.830543395925734 0.0000036614063047181656
 14.977403082506445 0.000003111122573298816
 15.12500857988021 0.000002641334316115973
 15.273350153381568 0.0000022406604208445202
 15.422417817526902 0.000001899233200838623
 15.572201337450519 0.0000016085575685372668
 15.722690230507888 0.000001361308224557623
 15.873873768047046 0.0000011511821704621604
 16.025740977349002 9.72760161132772E-7
 16.17828064373754 8.213851899215974E-7
 16.33148131285909 6.930660378355193E-7
 16.485331293132557 5.843778272413468E-7
 16.639818658369464 4.923926711846051E-7
 16.794931250563913 4.146043672501226E-7
 16.950656682852312 3.488735736709272E-7
 17.10698234264198 2.933718669424169E-7
 17.263895394908147 2.465442199965928E-7
 17.42138278565819 2.070619065327669E-7
 17.57943124556201 1.737975114675194E-7
 17.738027293747106 1.45791219848929E-7
 17.897157241756908 1.222278616183946E-7
 18.0568071976703 1.0241568136202133E-7
 18.21696307038067 8.576820439936884E-8
 18.377610574031962 7.178926992984871E-8
 18.53873523260958 6.005783280449393E-8
 18.700322384683282 5.0218618034085425E-8
 18.862357188299548 4.1971232766168664E-8
 19.024824626020006 3.506186831134311E-8
 19.18770951010311 2.9276707783982456E-8
 19.35099648782537 2.443531172383021E-8
 19.514670046938576 2.0385690658020634E-8
 19.678714521259415 1.6999964258165122E-8
 19.843114096387175 1.4170518487474754E-8
 20.007852815545707 1.1806914016902701E-8
 20.17291458554501 9.833097674315356E-9
 20.338283182858234 8.185309533731662E-9
 20.503942259809104 6.809976450219846E-9
 20.66987535086529 5.662148415568724E-9
 20.836065879032326 4.7041461917273375E-9
 21.002497162343445 3.904370044116941E-9
 21.169152420439506 3.236313968368928E-9
 21.336014781234134 2.6777251361272168E-9
 21.50306728765813 2.2099529396127216E-9
 21.670292904477797 1.817269947429616E-9
 21.837674525181217 1.4864339033446564E-9
 22.0051949789268 1.2062391603205316E-9
 22.17283703754798 9.671424865914498E-10
 22.3405834226082 7.609582473087021E-10
 22.50841681249994 5.805846786817199E-10
 22.676319849581677 4.1975719036715047E-10
 22.844275147346515 2.7283257434024904E-10
 23.012265297616292 1.345837582879275E-10
 23.180272877754657 7.23311053409986E-17
