 0. 0.
 0.004843904815106866 0.000005427568516380056
 0.016943472142633444 0.000020470197849556805
 0.03316235265527852 0.00004411553014529011
 0.05288603363986548 0.00007540968107610587
 0.07577767360330295 0.00011345924378383632
 0.10163149801938251 0.00015742839642199244
 0.13031273898734547 0.00020653740581308753
 0.16173064982032703 0.00026005960855157804
 0.1958226630859312 0.0003173216034246644
 0.23254425778887783 0.0003777009398982216
 0.2718661054130773 0.000440627960982959
 0.3137699848720391 0.0005055867878020549
 0.3582432897066009 0.000572115372979961
 0.40527827424042706 0.0006398109095662562
 0.4548738201929843 0.0007083276078199974
 0.5070279564072309 0.0007773815022239723
 0.5617424726464779 0.0008467496678475876
 0.6190188699749645 0.0009162663368257071
 0.6788593938102866 0.0009858148913462405
 0.7412655837508046 0.0010553198567259123
 0.8062357162232395 0.0011247266334536584
 0.8737681328576804 0.0011939932998136966
 0.9438599941007203 0.0012630597768910226
 1.0165015487938927 0.0013318558480556368
 1.0916818217040538 0.001400257119246319
 1.1693873315866437 0.001468100813977024
 1.249597139202129 0.0015351872849916392
 1.3322867930467124 0.0016012744923966035
 1.4174255910195688 0.0016660942350299396
 1.5049772509608834 0.0017293842834951404
 1.594899451923768 0.0017908824640383298
 1.6871420423924375 0.0018503783396916426
 1.7816477295831723 0.0019077185326981546
 1.878352914339231 0.001962844874155877
 1.9771886760396213 0.002015807530494913
 2.078077611432703 0.002066794619694952
 2.1809361311389797 0.002116137991719822
 2.2856756017231312 0.0021643151341706225
 2.3922021248438283 0.0022119425851499855
 2.5004162951343107 0.0022597721124042575
 2.6102209416507405 0.0023086727788926694
 2.721511913871064 0.0023595910662655086
 2.834186001596957 0.0024135347521840244
 2.948144817173314 0.002471531913611475
 3.0632851813593076 0.002534602532942789
 3.179516792640368 0.0026037319370472837
 3.2967512138492188 0.0026798488763361264
 3.4149061073537244 0.0027638017295023173
 3.5339081219872384 0.0028563350643788276
 3.653700059209918 0.002958060175182378
 3.7742289118335552 0.0030694282855281045
 3.8954608606098864 0.0031907052511944752
 4.017366822940154 0.0033220024081869657
 4.1399423958196975 0.003463206606600305
 4.26318653684221 0.0036140697281596547
 4.387119868194959 0.003774175406628579
 4.511770930338649 0.003943006467151683
 4.637183936360173 0.004119902911477405
 4.763410628188392 0.00430412592752582
 4.890515707903988 0.004494852611599183
 5.018570301788072 0.004691236510771973
 5.147654777283675 0.004892392052973678
 5.277848625840572 0.005097450343063677
 5.409240616561999 0.005305591390222206
 5.54191813615219 0.005516058375325627
 5.675963522831622 0.005728167246161725
 5.811467428773921 0.005941296154880684
 5.948511305973639 0.006154876115731332
 6.087174892705522 0.006368312178277695
 6.2275354893967805 0.006581018158309549
 6.369657613587598 0.0067923780813497125
 6.513610680607656 0.007001806909648394
 6.659455853021751 0.007208793241590439
 6.807248165749642 0.007412921151610881
 6.957042521191616 0.007613901759282162
 7.108882748327462 0.0078115619436832226
 7.262818357183517 0.008005779162579992
 7.418897567022256 0.008196474852032428
 7.577155604332191 0.008383507619129359
 7.737636416779611 0.008566691309951585
 7.9003776868157916 0.008745781840407408
 8.06542217416131 0.008920571730556288
 8.232801665777643 0.00909089654544589
 8.402556786062535 0.00925663545787561
 8.57472497772368 0.009417765127672275
 8.749344476707593 0.009574466042552974
 8.926454329937899 0.009727173279015853
 9.106094413417756 0.009876365728343599
 9.288310105514999 0.010022275190793755
 9.473133779321465 0.010164693797650767
 9.660612473720384 0.010303348970116463
 9.850774758273417 0.010437911668528336
 10.043664068401467 0.010568065101994782
 10.239309365167642 0.010693596214557571
 10.43776028321243 0.01081424985840442
 10.639041136930892 0.010930141810607948
 10.843191874444292 0.011041286156965592
 11.05024744438859 0.011148004305704227
 11.260248563316157 0.011250733309433656
 11.473236490676975 0.011350242288162839
 11.689253035212419 0.011447576162664305
 11.908334593566389 0.011543916146611601
 12.13053591690856 0.011640103092326975
 12.35590083429954 0.011736225969194696
 12.584473759533255 0.01183152568352873
 12.81629327594551 0.011924680289215304
 13.051411174328722 0.01201482417682423
 13.28988031778991 0.012101570146059561
 13.531747885518907 0.012185072835235742
 13.777061686155786 0.012265276189307764
 14.02587719143943 0.012342041970435848
 14.278243868710964 0.01241535339811155
 14.534219127262928 0.012485311369765674
 14.793854154446258 0.01255201179094411
 15.057200825756373 0.012615109987629915
 15.324288691908361 0.012674068013072992
 15.595154197855956 0.012728825554622075
 15.869825427978657 0.012779906102941444
 16.14835371805849 0.01282828905193518
 16.430782814996736 0.01287505339794752
 16.717173271830994 0.01292095197731189
 17.007561320717027 0.012965801170772286
 17.30199999223501 0.013008574095572505
 17.600525338683045 0.013048026670726881
 17.903199721862297 0.013083386411781929
 18.210095848195643 0.013114114533585559
 18.52126977273961 0.013139101948002382
 18.836778222153768 0.01315682332479995
 19.156649853216795 0.013166054838105453
 19.4809510432024 0.013166966241317702
 19.80974947377969 0.013162218657961886
 20.1431141589606 0.013155227098001767
 20.48112571627832 0.013148193792304705
 20.8238043552676 0.013143629635682831
 21.171210601876975 0.013143895921681668
 21.52336262179444 0.013150361211769051
 21.880298306321805 0.013164117896767713
 22.24214371137449 0.013184574320015038
 22.609029902357666 0.01320870924806811
 22.980920758401222 0.013233480267866046
 23.357961041166206 0.013259072365742636
 23.74021844455594 0.013288867521350342
 24.127520192513934 0.01332583956079316
 24.520291558543416 0.013371088213006449
 24.918359260363825 0.013426280199668112
 25.32204124047073 0.013492331155141427
 25.7311578692241 0.013566871415326379
 26.14590606635193 0.013645768574909952
 26.566226170401148 0.01372599723153112
 26.992185771470798 0.013804926656813502
 27.423990228747904 0.013879481258317977
 27.86157571253813 0.013948189846714877
 28.304997720268755 0.014008104796866705
 28.754541561257586 0.01405560386465128
 29.210287794852498 0.014092054498901146
 29.67227339384825 0.014121791671030982
 30.14056359537287 0.014147614639931355
 30.615192947503182 0.014171732427618015
 31.096178422231635 0.014194505979427393
 31.58356548691169 0.014220161743102642
 32.077494628801496 0.01425812049324875
 32.577980689018844 0.014314398345721695
 33.08513451605151 0.014385374517196277
 33.59915376944829 0.014464853957091997
 34.120312466570994 0.014556064028438457
 34.648862518708135 0.014665060518115839
 35.18497861693278 0.014792092482133824
 35.72882325659391 0.014938105636257899
 36.280454751497096 0.015095065418871161
 36.83991113839614 0.015239980314947917
 37.4070028272087 0.015355780670483673
 37.9816752800346 0.015440790135223002
 38.564097181956576 0.01550070966117358
 39.15422734868416 0.01554921219869354
 39.752056955681375 0.015597275403095247
 40.35781412909243 0.01564314546374865
 40.97151082420025 0.01567086468577915
 41.59317565181423 0.015669141648475837
 42.222601874071756 0.015642729940774404
 42.859651246508186 0.015603397066023796
 43.50454275646702 0.01555728125348385
 44.15779174313435 0.015512478847689044
 44.82016459122821 0.015487188253521036
 45.4922867666057 0.01548809220013879
 46.17430700031151 0.015505611887313572
 46.865907138478704 0.015524593392420943
 47.56643379291567 0.015545288675351127
 48.27559893030878 0.0155717372184352
 48.993729433665855 0.015613840014551192
 49.72136594553446 0.015669779832531153
 50.459252857910215 0.01572195916544754
 51.20735317427053 0.01577529714458653
 51.96442525257021 0.01582125153077341
 52.73022917769739 0.015841874889040125
 53.50587143413967 0.015832971925699862
 54.29170467016984 0.015805442100744922
 55.08735244913194 0.01575915606877475
 55.89280171508929 0.015689550662781902
 56.708544062573544 0.015608138902508523
 57.53555535092583 0.015515572822168056
 58.374745788944914 0.015422840205357767
 59.22612300318428 0.015337763852661182
 60.08980700962693 0.01527137845775554
 60.96561157860995 0.01522317312520619
 61.85215570742775 0.015182094717133075
 62.74803379564528 0.015139782032777091
 63.65328194456909 0.01508476052179815
 64.56874224000619 0.015021717611511673
 65.49589168476324 0.014972274376326398
 66.43605511208845 0.014989629748596195
 67.38826634752537 0.015060976063987354
 68.35313744431926 0.015161365373870521
 69.33144753325585 0.015292024064851585
 70.32295700768623 0.01549519280293085
 71.3282965167084 0.01573820193033499
 72.34797981945366 0.0159444034068384
 73.3818436251248 0.01608667150158789
 74.42840327620021 0.016189533656038396
 75.48702552992737 0.016262318407902362
 76.55730286178812 0.016278359868242255
 77.64466181383047 0.01628474746503611
 78.7494348058977 0.016302239110011853
 79.86345823025816 0.016261027027835603
 80.98287583457858 0.01612671696285391
 82.11568066623855 0.016051666580140518
 83.2615766109131 0.016051168181786646
 84.42058192139426 0.016059140699302688
 85.5975463916068 0.016081728762791642
 86.78994632225523 0.016119522325428876
 87.99836125443305 0.016205307772455296
 89.21955747092743 0.01630463124391349
 90.44893623504268 0.01641191640241931
 91.69039753824774 0.016486054712999104
 92.94996583496163 0.01644396545848963
 94.22517924288287 0.016275226572923646
 95.5154354934072 0.016119243158411626
 96.82663296776681 0.015917380437747916
 98.16483885988765 0.01563416131425028
 99.52159781902895 0.015326219364213732
 100.8836835989056 0.015029038558736883
 102.25509287556757 0.01478996281266454
 103.6371406322202 0.014609551670054765
 105.03499885259525 0.014514303290203081
 106.45049793546738 0.014486441937204594
 107.88809951176665 0.014401111068247478
 109.33798999138887 0.014330212838614785
 110.80678850970894 0.014145953485007648
 112.3002890749084 0.014170638658860793
 113.81911476410428 0.014337642763020705
 115.3627480119009 0.014589585326526591
 116.93431074174474 0.014841630638174499
 118.50974345343928 0.015141466243399283
 120.0945090788937 0.015318420284089349
 121.68986231587724 0.01527190230455918
 123.30372639850403 0.015396005975576913
 124.94019628811952 0.01556727336433712
 126.59356858307501 0.015559273761972312
 128.26424199366434 0.015531516345804745
 129.94755840408706 0.015182259383899355
 131.63419160822374 0.014997399774627601
 133.34382714110652 0.014672457190259579
 135.07934534420224 0.014455345032201757
 136.83937795901716 0.014422517117341202
 138.62024592892334 0.014483611428093478
 140.4129283470619 0.014123243253587329
 142.2355002722272 0.013533698681439601
 144.08900372028162 0.012963140051700437
 145.99673230116858 0.012225751510643425
 147.89490481591054 0.011328680417418437
 149.87574335955026 0.010068862895084033
 151.86537060860311 0.008488592345023997
 153.81388237321232 0.00677109296938094
 155.7611194224391 0.005190866979609476
 157.7213381382958 0.003994834164267648
 159.71258042571392 0.0032030766459764898
 161.7335934754032 0.0026774147978974048
 163.78000821020424 0.002293756743859296
 165.84953752408052 0.001991840857096771
 167.9412775555857 0.0017438807298665812
 170.0546940821174 0.0015350667737919416
 172.18990615936445 0.0013563554106501732
 174.34676919447904 0.0012016738326184856
 176.5253882384983 0.0010666817707263962
 178.72577654653705 0.0009481445037545701
 180.9479404384147 0.0008435561629198141
 183.1920623431358 0.0007509414091658549
 185.45814093393668 0.0006687009795117695
 187.74635529294804 0.000595519101288951
 190.05660102201503 0.0005302980294136497
 192.38914628275828 0.0004721069794019148
 194.74387589773934 0.0004201511632734104
 197.12105636242157 0.00037374188954410767
 199.52056129130304 0.00033227849764918584
 201.94265526179674 0.00029523719277895866
 204.38720024892694 0.00026215072000664047
 206.85435521446644 0.00023260696464207602
 209.34417570564128 0.00020623821178433448
 211.85681949325877 0.0001827158996912967
 214.39212397327526 0.00016174578819864213
 216.9502379606912 0.0001430636222105396
 219.53120160309618 0.0001264317997973611
 222.13505098459538 0.00011163735933817138
 224.7617056458461 0.0000984874611308465
 227.4114167556498 0.00008680950408797415
 230.0840966179258 0.0000764476945368531
 232.77976421857673 0.00006726195061102525
 235.4983162990865 0.0000591261363527163
 238.23999694964726 0.000051927064234366266
 241.00457454542152 0.00004556270404618233
 243.79228928436783 0.00003994158234221574
 246.60289448107403 0.0000349817095065407
 249.4366262152173 0.00003060955733100366
 252.29322233498422 0.00002675911059807482
 255.1729145842161 0.000023371414163460455
 258.0754249481509 0.000020393749042292347
 261.00098062700494 0.00001777906071759698
 263.9492873572462 0.000015485315624810493
 266.9204341326855 0.00001347512523132902
 269.9145104655698 0.000011715075757330809
 272.93119702284326 0.000010175608089937426
 275.97057082342104 0.000008830373718025756
 279.03270934493594 0.00000765599764890246
 282.1172673920434 0.000006631779550015214
 285.2244521539621 0.000005739381499778526
 288.3539007803847 0.000004962600124934508
 291.5058150705756 0.000004287096919828149
 294.68055090451384 0.0000037002297225983146
 297.8759455489107 0.000003190861952513772
 301.094859006692 0.0000027491707840728992
 304.3341875851813 0.0000023665375551636613
 307.5968435286785 0.000002035377114934724
 310.87964620354876 0.0000017490340191088337
 314.18556081010297 0.0000015016724010249372
 317.512916247581 0.0000012881886507806223
 320.8599689329836 0.0000011041105017162005
 324.229764862009 9.455326541161865E-7
 327.6189266894873 8.090500602558534E-7
 331.0305552135853 6.916892365795495E-7
 334.46286493366887 5.908637744861331E-7
 337.9139956596089 5.043203347080108E-7
 341.38713182035826 4.301023134092631E-7
 344.88041781403274 3.665105728352185E-7
 348.3919221055756 3.120722672715408E-7
 351.9249145206177 2.6550932187025E-7
 355.477468401827 2.2571685803235877E-7
 359.04757998184954 1.9173966725745615E-7
 362.63860629781135 1.6275257294433166E-7
 366.2485488086099 1.3804310920868161E-7
 369.87717987120124 1.1699743586933861E-7
 373.5223982579496 9.908743613597033E-8
 377.18768018789643 8.385791554766908E-8
 380.87093021944804 7.091826281008299E-8
 384.5718958604791 5.993279569651327E-8
 388.2903184946177 5.0613733314190523E-8
 392.02593342483937 4.271428332537022E-8
 395.7784699212368 3.6023464575190435E-8
 399.5476512729738 3.036056652962853E-8
 403.33319484444064 2.5571155625039708E-8
 407.1348121356106 2.1523498786210387E-8
 410.95220884660154 1.8105165008913892E-8
 414.7850849464357 1.522034822203487E-8
 418.63313474599335 1.2787454789753902E-8
 422.4981588587675 1.0737131833036232E-8
 426.37563610814857 9.01032185884611E-9
 430.2673369037975 7.556970292385698E-9
 434.1751038999186 6.334548129109132E-9
 438.0942835927288 5.307014226474243E-9
 442.02889812441475 4.443838430906326E-9
 445.974205573843 3.7191531294099737E-9
 449.93429662531446 3.1111091269834945E-9
 453.9066094529093 2.6012208672083194E-9
 457.8907868744864 2.1738836215400307E-9
 461.8841587146229 1.815926760637664E-9
 465.89328392185865 1.5162453627299243E-9
 469.9108666996548 1.265476194955875E-9
 473.9388406274333 1.0557461816175326E-9
 477.97682679516964 8.804146750253542E-10
 482.02685112866783 7.339100762355018E-10
 486.0837295865509 6.115431301224796E-10
 490.1519096908638 5.093780521380952E-10
 494.2285888820134 4.2410965563165384E-10
 498.3133699984059 3.529645874588554E-10
 502.40836290075987 2.936189707767535E-10
 506.5081639701525 2.441239439301274E-10
 510.617407768892 2.0284698666729067E-10
 514.7331749148327 1.6842030756414144E-10
 518.8550536655976 1.3969824623093877E-10
 522.985242370394 1.1572078464994956E-10
 527.1181199535903 9.568437699018581E-11
 531.2611670922564 7.891381374639044E-11
 535.4060639948569 6.484242438404043E-11
 539.5577161742086 5.299320711185538E-11
 543.7157614238238 4.296277458451677E-11
 547.8771001886618 3.440857451275772E-11
 552.0440623477529 2.7037825356341067E-11
 556.2135047955667 2.0596917245063642E-11
 560.38779654342 1.486371420607918E-11
 564.566569884547 9.639543557658734E-12
 568.7522953375071 4.742530969851436E-12
 572.9418063242631 7.104118523786044E-18
