 0.0007092928942560855 2.0099762731505146
 0.00213810399196749 2.0074688541833825
 0.00358750562108807 2.006790635587268
 0.005057816472364438 2.0079822101667504
 0.00654930859887297 2.0109532224187934
 0.008062292918415238 2.015580028735456
 0.009597080348792818 2.0216781251416407
 0.011153981807807281 2.0290521566621407
 0.0127333276456228 2.037478302568526
 0.014335409347678347 2.046739301483982
 0.015960576696500695 2.0566253171711804
 0.01760914060989141 2.0669392212360833
 0.019281450870377272 2.0775155175827345
 0.020977818395759847 2.0882058783611583
 0.022698748427466695 2.0988834831464893
 0.02444416323604742 2.1094471203227005
 0.026215034439631933 2.1198159310902156
 0.028011167714594266 2.12993341511727
 0.029833146031812353 2.139748608081829
 0.031681552362164155 2.14922493466619
 0.03355638670564966 2.158321808097741
 0.035458232033146825 2.167008111272653
 0.037387476991907614 2.175253002940004
 0.039344315905558015 2.1830392142558614
 0.04132952606860196 2.190340562466878
 0.04334310748103944 2.1971441795234274
 0.04538564311374841 2.203432611924212
 0.04745752161398084 2.209192653800867
 0.049559325952614676 2.2144152556158088
 0.051691250453275904 2.2191042119242805
 0.05385387808684247 2.2232541522123968
 0.05604740317694036 2.226876822740537
 0.0582726030180735 2.2299747932136054
 0.06052967193386787 2.23254589263105
 0.06281919289520145 2.2345962909257744
 0.06514155454932616 2.2361187238177243
 0.06749733986711999 2.2371099228061193
 0.06988693749583488 2.237583630349208
 0.0723107360827228 2.237553211777311
 0.07476931859866172 2.237053418880996
 0.07726326801452958 2.2361143754859896
 0.07979297297757833 2.2347616338297605
 0.08235901645868592 2.2330162140118466
 0.08496178710510434 2.2308815528878325
 0.08760186788771152 2.2283608953032843
 0.09027984177738542 2.225452929662787
 0.092996097421378 2.22217801358583
 0.0957514121141932 2.2185389048264885
 0.098545980179457 2.2145557614121145
 0.10138077323529929 2.210248719568557
 0.1042561799289721 2.205642332428346
 0.1071727832313533 2.200747974984742
 0.11013097178969493 2.1955991502953824
 0.11313171722212685 2.1902162611259652
 0.11617521385227506 2.1846287331809053
 0.1192624332982695 2.1788617678305098
 0.12239376420736209 2.1729542092967034
 0.12556978955043083 2.1669273436747867
 0.1287912866219796 2.160807172106706
 0.13205883839288643 2.1545974123349145
 0.13537322215765518 2.1482972874821256
 0.1387348265635378 2.141919618887543
 0.1421446232286643 2.135472818338701
 0.14560300080028654 2.128956257809748
 0.14911073657290852 2.1223738760972397
 0.15266860784103417 2.1157158673071916
 0.1562771975755414 2.1089953465175832
 0.15993747739456018 2.1022117141982193
 0.16364983594534244 2.095364357388378
 0.16741505052239208 2.0884573050675734
 0.17123409274383908 2.0814759488599406
 0.17510754558056135 2.074419538567462
 0.1790363806506889 2.0672873056288688
 0.18302098660147353 2.0600690226901737
 0.18706252937467124 2.052763781999911
 0.191161397617534 2.045365897972769
 0.1953185629481917 2.037874361668492
 0.19953538563202622 2.0303025038198994
 0.20381244863991554 2.0226590368401043
 0.20814975197185961 2.014962448245368
 0.2125492388641183 2.007231503741879
 0.21701090931669162 1.9994658048177993
 0.22153476332957953 1.9916698269686912
 0.2261246873753017 1.9838334106403894
 0.23077873821759834 1.9759560747097695
 0.23550080232898907 1.9680373278181433
 0.24028699323695424 1.9600816287684564
 0.24514314065027337 1.9520835447488942
 0.25006730133268656 1.9440375509912042
 0.2550614185204537 1.9359480726874172
 0.2601274354498347 1.9278246498632525
 0.26526535212082936 1.9196617864471615
 0.27047516853343784 1.9114793245886752
 0.2757588279239199 1.9032616851905697
 0.28111633029227556 1.8949878863165512
 0.2865515621110245 1.8866365739679714
 0.29206258014390685 1.87819636024821
 0.2976513276271825 1.8696608405754822
 0.3033197477971112 1.8609973549444714
 0.309067840653693 1.8521726096985827
 0.3148975494331877 1.8431473610462232
 0.3208088741355954 1.8338762325542648
 0.3268037579971758 1.82436613513055
 0.33288414425418883 1.8146293866358119
 0.33905003290663444 1.804667706414059
 0.3453033671907725 1.7944665114455358
 0.35164220387034306 1.7839780904468991
 0.3580723726541258 1.773142510495935
 0.36459387354212053 1.7619312925556583
 0.3712067065343274 1.7503483288128292
 0.3779108716307463 1.7384421208461254
 0.38471219854015687 1.7262454092686141
 0.39160680079003934 1.7137633390147713
 0.39859856485291334 1.70100677693582
 0.40568943396503876 1.6879925411935315
 0.4128794081264156 1.6747030126189735
 0.4201704305733037 1.6610789019350618
 0.42756444454196285 1.6471060033610654
 0.4350614500323931 1.6327932276614854
 0.4426633902808542 1.6181856361985305
 0.4503702652873463 1.603329752044837
 0.45818790476064875 1.588249218429373
 0.46611242222824195 1.5729746634532866
 0.47414964739890536 1.5574754068212793
 0.4822976370363791 1.5417635918201713
 0.490560277613183 1.5258453971486046
 0.4989375691293169 1.5097142947144502
 0.5074333980573006 1.4933633851340193
 0.5160458211608742 1.4767853673370905
 0.5247787249125573 1.459932544507624
 0.5336340525486097 1.4427750690229868
 0.5426118040690316 1.4252882948793406
 0.5517158659463426 1.4074115881354847
 0.5609442949442828 1.389083696512819
 0.5703029207716317 1.3702730338104725
 0.5797898001921294 1.3509421601319198
 0.5894088196782957 1.3310793682379
 0.5991619224663906 1.3106842145910824
 0.6090510517926734 1.2897698926365395
 0.6190742644208846 1.2683858480168342
 0.6292393332960636 1.2465523684804083
 0.6395423719456907 1.2242787656652936
 0.6499892100785453 1.201603682670834
 0.6605798476946273 1.1786186235079987
 0.6713181712664567 1.1554287999461543
 0.6822022375577733 1.1320748810360393
 0.6932378762773569 1.1085693008654154
 0.7044250874252073 1.0849649370658068
 0.7157658142375843 1.0613220798105532
 0.727261999950748 1.037630601279815
 0.7389175310372178 1.0138525677867307
 0.7507324074969938 0.9899984394230109
 0.7627085725663357 0.9660917673042673
 0.7748499127177635 0.9421481605447819
 0.7871564279512769 0.9181689656352701
 0.7996339479756556 0.8941034706636976
 0.8122785863183796 0.8699065109819105
 0.8250981159244885 0.8456185455820472
 0.8380925367939822 0.8213368691994101
 0.8512637921631206 0.7971230493695773
 0.8646138252681637 0.7730035891424886
 0.8781465225816307 0.74900577910547
 0.8918618841035221 0.725198012351102
 0.905765739542617 0.701682783955563
 0.9198561456626557 0.6784589824163781
 0.9341389321724178 0.6553973731637169
 0.9486140990719033 0.6323773290583132
 0.9632855328336318 0.6093301604452485
 0.9781571199301229 0.586279204747019
 0.9932269171251167 0.5634432043632568
 1.008500754127393 0.5409698268361108
 1.0239805741732113 0.5187675076155442
 1.0396702637350914 0.49676494203262594
 1.0555698228130335 0.47500831324303733
 1.0716811946432971 0.45350943273671046
 1.088010208934662 0.4322014815125573
 1.1045588089233875 0.41105430600597426
 1.121328937845734 0.39008009561196755
 1.1383225389379612 0.3693980909121283
 1.1555415554363289 0.3491145505206995
 1.1729937602858762 0.32917228213139943
 1.1906752670140839 0.30963063731863194
 1.2085938485659908 0.2905838412829599
 1.2267495049415973 0.2720318235377879
 1.2451480658496825 0.25399725086499253
 1.2637875880539873 0.23643197912655287
 1.28267584449955 0.2193175381684257
 1.3018128351863714 0.20300007663967362
 1.3212043898232309 0.1879376340001921
 1.3408485651738684 0.17424031552680158
 1.3607531341833232 0.16176026762303036
 1.3809200400878552 0.15025353447441112
 1.4013512261237246 0.1395638290671351
 1.4220505787634503 0.12972898318279869
 1.443020041243293 0.12084228818019502
 1.4642635000357718 0.11284651871755863
 1.4857848416134065 0.1055271941335294
 1.5075860092124571 0.09866386592225462
 1.529670889305443 0.09217150509374394
 1.552043368364884 0.08614656713331793
 1.57470538962704 0.0806892402674233
 1.5976608395644303 0.07571721920912933
 1.6209136046495751 0.0711360447373584
 1.6444656281187335 0.0669427309999935
 1.6683207964444262 0.06313632435269627
 1.6924829960991719 0.05970451187992883
 1.716956113555491 0.05664911866209029
 1.7417420920496427 0.05397354039560975
 1.7668467612904069 0.0516364684341115
 1.7922701212777834 0.0495461601489734
 1.818018001720552 0.047614099568548535
 1.8440942890912317 0.04581043944357686
 1.870500926626083 0.04414078712182762
 1.8972418007976255 0.04260092797098497
 1.9243207980783787 0.04117822270106899
 1.9517476346496414 0.039880724040150084
 1.9795164808026346 0.038755909718581553
 2.0076156771197993 0.03788022885098258
 2.036084088326332 0.03734177339686011
 2.0649217144222325 0.037181106418875946
 2.094109123044903 0.03729263174925637
 2.123646314194343 0.03746361880018732
 2.1535721525957494 0.03752676402233968
 2.183847773523925 0.03741733986003418
 2.214512041704068 0.037103145843111626
 2.245564957136176 0.03652522403726253
 2.2769870874576528 0.035681033383923
 2.308797865031096 0.034697988843739945
 2.3409972898565052 0.03375892916015024
 2.373585361933881 0.033065651333412785
 2.4065815136258206 0.03275252095878104
 2.4399663125697275 0.03276335507306839
 2.4737591911281984 0.03300127714494343
 2.507979581663833 0.03357139438934327
 2.5425886194514327 0.034476828002697496
 2.5776251692161964 0.03542285150023206
 2.613089230958123 0.03628990847061744
 2.648980804677212 0.03736142757286394
 2.6852804580108662 0.03894826456411433
 2.7220270556842814 0.04097417386155371
 2.7592205976974578 0.04308650991837398
 2.7968416516877967 0.044925069002846825
 2.834890217655299 0.04629247562365706
 2.873405160325161 0.04724302969319466
 2.912386479697383 0.04783922177368398
 2.951795311046767 0.04816110495623713
 2.9916899514611095 0.048040423801192673
 3.032031536215213 0.04696290675224375
 3.072839497671676 0.044968767706476516
 3.1141332681930973 0.042774200274007114
 3.1558934154168776 0.04083032810704735
 3.198119939343018 0.03922541191877559
 3.2408517046967145 0.03795208450170583
 3.2840498467527706 0.03676313302497321
 3.327753230236383 0.03544697135166815
 3.371942422784953 0.03413537996938539
 3.4166368567610794 0.033001836949301436
 3.4618365321647615 0.032057921647821744
 3.507541448996 0.031329505493472916
 3.5537321748921973 0.03077469995471641
 3.6004670069411464 0.03020262524304211
 3.647707080417652 0.02953261263405477
 3.6954523953217144 0.02904047669815607
 3.7437418163785288 0.029160429887488425
 3.7925559112254983 0.029876381794164658
 3.8418946798626217 0.030054977658005206
 3.891777554652499 0.028148059044819828
 3.9421851032325295 0.025995329744828183
 3.993136757965314 0.024870170368044998
 4.0446519512134484 0.024271833128776867
 4.096691818251739 0.023410101212557242
 4.149295223805379 0.022130887928107162
 4.202442735511773 0.02061866530884839
 4.256153785733518 0.019247960486123067
 4.310447806833212 0.01835280748523761
 4.36528593408566 0.017975848771314418
 4.420687599853458 0.01786848137387242
 4.476672236499206 0.017663461520690277
 4.533220411660304 0.016948621445690162
 4.590332125336754 0.015760068678922892
 4.648046242253752 0.015059031245655642
 4.7063433300487 0.015597212808618092
 4.765203956358999 0.015831597439169166
 4.824666985909845 0.014416086887591991
 4.8847129863386405 0.012483871887545675
 4.945361390007984 0.010989026219971124
 5.006592764555277 0.0097399341801204
 5.068445974705716 0.008569730111854813
 5.130862723371507 0.0073187125484860715
 5.193901307640443 0.006104732398937054
 5.2575422951499275 0.005183287305705112
 5.321785685899959 0.004372024996295078
 5.386650912253137 0.003533798595062686
 5.452099109484265 0.0027990860855442137
 5.518188574681138 0.0022722270391189996
 5.584861010755958 0.0018998510620543817
 5.652174714796525 0.0016079805347645512
 5.720090822077638 0.001370160203703817
 5.7886287649618975 0.001174701706266361
 5.857769111086705 0.0010124379377518067
 5.927550725177258 0.0008762212316891598
 5.997934742508358 0.000760735085635339
 6.068960027805201 0.0006620280947569585
 6.140587716342593 0.0005771191256697057
 6.21285667284573 0.0005037118990004924
 6.2857280325894145 0.00044000200188771155
 6.359240660298843 0.0003845414650219284
 6.433375123611418 0.0003361536081975688
 6.508131422527138 0.0002938659499528077
 6.583509557046005 0.00025686556073930146
 6.659528959530617 0.00022446469247683592
 6.736150765255776 0.00019607809626840802
 6.813413838946679 0.00017120263069529565
 6.891279315878132 0.00014940338736552826
 6.969786060775327 0.00013030214500724233
 7.048914641275668 0.0001135702211338374
 7.128665057379156 0.00009891937226752785
 7.209017876723192 0.00008609700287605465
 7.290011964032972 0.00007488123266293314
 7.3716084545833 0.00006507685619385552
 7.453826780736774 0.00005651198223570566
 7.536666942493395 0.000049035439650342486
 7.620128939853161 0.000042513695365742185
 7.704173908090877 0.000036829248260592296
 7.788840711931739 0.00003187859053884619
 7.874129351375747 0.00002757054017637807
 7.9600009616977045 0.000023824809615005494
 8.046494407622808 0.00002057074412065601
 8.133570824425862 0.00001774622491085892
 8.221249644469461 0.00001529670446409787
 8.309511435391013 0.000013174192745896092
 8.39837562955311 0.000011336678762539904
 8.487822794593159 0.000009747288874528571
 8.577852930511154 0.000008373718271692159
 8.668466037307102 0.000007187712894469582
 8.7596426826184 0.00000616456588841307
 8.851402298807647 0.000005282676794714116
 8.943725453512245 0.000004523222304222004
 9.036612146732194 0.0000038697936415543245
 9.130062378467494 0.000003308058634850477
 9.224076148718147 0.0000028255767440695283
 9.318614592758953 0.000002411529334456272
 9.41371657531511 0.0000020565165741875012
 9.509343231661424 0.00000175238031939891
 9.60549456179789 0.00000149205408839075
 9.702189998087109 0.000001269413435032739
 9.799410108166484 0.0000010791663101113943
 9.897135459673413 9.167339630909623E-7
 9.9953660526079 7.781662558595252E-7
 10.09412131933254 6.600511757654554E-7
 10.193362395122138 5.59454785752688E-7
 10.293089279976696 4.7384624800517386E-7
 10.39330197389621 4.010503365398358E-7
 10.493981044518083 3.391989636088283E-7
 10.595145924204918 2.866872213447403E-7
 10.696757748231509 2.4213916913252765E-7
 10.798835948960463 2.0437584627441443E-7
 10.901361094029175 1.723883703579595E-7
 11.004333183437652 1.453123307341434E-7
 11.107713352460692 1.224112763971893E-7
 11.211540465823493 1.0305474397588474E-7
 11.315775658800858 8.670594146495955E-8
 11.420399499030191 7.290692642977972E-8
 11.525450851236686 6.126800029037801E-8
 11.63087141833255 5.1457646180110237E-8
 11.736680632680377 4.319388579565859E-8
 11.842859061917576 3.6237489104137965E-8
 11.949406706044142 3.038528786711302E-8
 12.056284700334878 2.5465025817798844E-8
 12.163531909514983 2.1330810140451685E-8
 12.27110946885926 1.7859119307930896E-8
 12.378997946005109 1.494541422099801E-8
 12.48721677331513 1.2501462071492687E-8
 12.595746518426722 1.0452584666025438E-8
 12.704548316614693 8.735872975126603E-9
 12.813641600241638 7.298223987344618E-9
 12.923026369307557 6.094881190671684E-9
 13.032663759087256 5.088187976549175E-9
 13.142553769580731 4.2464058836871355E-9
 13.252696400787986 3.5428862418946387E-9
 13.36305278798382 2.9552097332969864E-9
 13.473642363530836 2.4645563009012196E-9
 13.584445695066432 2.0551307795968275E-9
 13.69546278259061 1.713695253279801E-9
 13.806654761378173 1.429144354423686E-9
 13.918021631429122 1.192192244031384E-9
 14.029543960380856 9.950700950916744E-10
 14.141241180595975 8.312883806553388E-10
 14.253074427349281 6.954358536222058E-10
 14.365043700640777 5.830044941775047E-10
 14.477149000470462 4.902572233837991E-10
 14.589351462113136 4.140959314489901E-10
 14.701651085568804 3.5197212089994217E-10
 14.814028438474864 3.0180210031659705E-10
 14.926502953193916 2.6190000999765715E-10
 15.039035765000762 2.309244649487742E-10
 15.151607441532807 2.0783297286134452E-10
 15.264237415152644 1.9185167208399143E-10
