 0. 0.
 0.0017873884540416118 0.0031408989463598456
 0.003600544628711107 0.011386771889364308
 0.00543983756468593 0.02384196931980002
 0.0073056415169819935 0.03971654210657988
 0.009198336026552772 0.05831966827648238
 0.011118305992818437 0.07905233221554618
 0.013065941747129451 0.10140014186058649
 0.015041639127162377 0.12492728016423887
 0.017045799552280774 0.1492675906606073
 0.019078830099848055 0.1741178501655516
 0.02114114358251631 0.19923165982097568
 0.023233158626513057 0.22441323266345004
 0.02535529975089746 0.2495084911354015
 0.02750799744784065 0.2744008005437349
 0.029691688263906172 0.29899923831006214
 0.03190681488237866 0.3232389610625569
 0.03415382620659477 0.3470715232174051
 0.03643317744435077 0.3704603847055921
 0.03874533019335188 0.3933814054751215
 0.04109075252773161 0.4158142419903796
 0.043469919085647866 0.4377457439624825
 0.04588331115797756 0.45916640775035
 0.04833141677809669 0.4800694435680896
 0.0508147308127721 0.5004536549085138
 0.053333755054188976 0.5203174531526273
 0.05588899831309449 0.53966125443456
 0.05848097651308583 0.5584835121140282
 0.06111021278606039 0.5767814694450912
 0.06377723756881261 0.5945530246454357
 0.0664825887008212 0.611796202428994
 0.06922681152321396 0.6285143392493895
 0.07201045897892273 0.6447122686968758
 0.07483409171405975 0.660398845097246
 0.07769827818049084 0.6755854082250707
 0.08060359473964303 0.6902822935044092
 0.08355062576756153 0.7044997293464574
 0.08653996376119671 0.7182468630575433
 0.08957220944595816 0.7315246809216729
 0.09264797188452903 0.7443386344519927
 0.09576786858697851 0.7566956141005985
 0.09893252562213647 0.7685946771750861
 0.10214257773028369 0.7800406035408742
 0.10539866843715062 0.7910466827470811
 0.10870145016922912 0.8016089951595915
 0.11205158437041261 0.8117448636605208
 0.11544974161997544 0.8214577855188324
 0.11889660175190037 0.8307565202669429
 0.12239285397557147 0.8396458122211706
 0.12593919699780864 0.848132584651423
 0.12953633914630697 0.8562229120861994
 0.13318499849444174 0.8639220901196035
 0.13688590298746717 0.8712433851318622
 0.1406397905701291 0.8781933745234093
 0.1444474093156761 0.884777955995864
 0.14830951755628835 0.8910052307446036
 0.1522268840149422 0.8968854551132235
 0.15620028793870394 0.902425413291563
 0.16023051923346115 0.9076341163923886
 0.16431837860010265 0.9125144713952322
 0.16846467767217363 0.917079975673729
 0.17267023915495744 0.9213353097908568
 0.17693589696606976 0.9252874804651497
 0.18126249637748357 0.9289322072507903
 0.1856508941590777 0.9322758029129683
 0.19010195872364455 0.9353080064231802
 0.1946165702733908 0.9380318375272119
 0.19919562094795623 0.9404472922819097
 0.20384001497391477 0.9425567414837149
 0.20855066881578255 0.9443702524492398
 0.21332851132854777 0.9458921952775948
 0.21817448391169642 0.9471293044405334
 0.22308954066477074 0.9480880184483895
 0.22807464854443282 0.9487771607187424
 0.23313078752305352 0.949199977033895
 0.23825895074881573 0.9493568232357523
 0.2434601447073542 0.9492425141582029
 0.248735389384907 0.9488622709698162
 0.25408571843298605 0.948215773744622
 0.2595121793345731 0.9473131331195567
 0.26501583357184705 0.9461616175402215
 0.2705977567954106 0.9447736725102737
 0.27625903899503584 0.9431589569306514
 0.28200078467193934 0.941324346463278
 0.2878241130125449 0.9392658658461904
 0.2937301580637525 0.9369874261813087
 0.29972006890971953 0.9344793170800847
 0.3057950098501095 0.9317451007196591
 0.31195616057985387 0.9287800631328105
 0.3182047163703665 0.9255765331071389
 0.3245418882522267 0.9221292883697232
 0.33096890319934114 0.9184355846573303
 0.3374870043145312 0.9144924355758394
 0.34409745101656614 0.9103049162666774
 0.35080151922861225 0.9058779951818583
 0.3576005015681096 0.9012193451223465
 0.3644957075380104 0.8963366146456849
 0.3714884637194333 0.8912346154510641
 0.3785801139656617 0.8859038620574908
 0.38577201959747986 0.8803430655078549
 0.393065559599853 0.874553608763868
 0.4004621308198957 0.8685512579290553
 0.4079631481661341 0.862357905058782
 0.41557004480902837 0.8559782487492774
 0.4232842723827203 0.8494080911986127
 0.43110730118800356 0.8426519607946322
 0.4390406203964796 0.8357204454587716
 0.44708573825584336 0.8286030526666243
 0.45524418229633773 0.8212918772764017
 0.4635174995382506 0.8137972014248239
 0.4719072567005171 0.8061170374897502
 0.48041504041031236 0.798233385898049
 0.4890424574136587 0.790140155757137
 0.4977911347869595 0.7818534327248
 0.5066627201494661 0.7734094160204734
 0.5156588818765914 0.7648193937332308
 0.5247813093140701 0.7561017530643076
 0.5340317129928677 0.7472722900757639
 0.5434118248448576 0.7383372468210135
 0.552923398419139 0.7292996632776692
 0.5625682090990205 0.7201521747612611
 0.5723480543195486 0.7109011881695558
 0.5822647537855742 0.7015494437391507
 0.5923201496902698 0.6920975972422133
 0.6025161069340439 0.6825311374833708
 0.6128545133437995 0.6728286729623248
 0.6233372798924521 0.662977381084125
 0.63396634091866 0.6529867576304462
 0.644743654346671 0.642858157668118
 0.6556712019062372 0.6325781717745532
 0.6667509893525089 0.6221721506726952
 0.6779850466858208 0.6116910095514173
 0.689375428371315 0.6011497099958664
 0.7009242135582748 0.590533065170098
 0.7126335062991299 0.5798212682761036
 0.7245054357680071 0.5689920921629417
 0.736542156478735 0.5580219709177388
 0.7487458485022269 0.546910267353684
 0.7611187176831242 0.5356797348513085
 0.7736629958556067 0.5243535402007727
 0.7863809410582322 0.5129366621108139
 0.7992748377477613 0.5014420306693235
 0.8123469970117717 0.48986211184082373
 0.8255997567800053 0.4781748774195685
 0.8390354820343087 0.46637875276141777
 0.8526565650170193 0.45445970599230856
 0.8664654254377081 0.4424534332190211
 0.8804645106781143 0.43041713277675164
 0.8946562959951501 0.4183626899887641
 0.909043284721819 0.40630029128610873
 0.9236280084659444 0.39428169337677693
 0.9384130273064852 0.38233412935933137
 0.9534009299873701 0.37043517949566424
 0.9685943341086164 0.3585559017111113
 0.9839958863146286 0.3467041411907555
 0.9996082624794772 0.3349363186076867
 1.0154341678889856 0.3232943869949374
 1.0314763374194804 0.3118045888899881
 1.0477375357129723 0.3004961339079208
 1.0642205573486316 0.2893728406384404
 1.0809282270103457 0.2784568994826918
 1.0978633996501401 0.2678273830630999
 1.1150289606473205 0.25755111823238447
 1.132427825963062 0.2476404911962344
 1.150062942290277 0.23809876454708934
 1.1679372871985498 0.22892025539163308
 1.1860538692738662 0.22011210864520367
 1.2044157282529842 0.2116951638459491
 1.2230259351521318 0.20372572026891525
 1.2418875923898753 0.1962166347169747
 1.2610038339038432 0.18915442618798475
 1.2803778252610927 0.18254174561288258
 1.3000127637618735 0.17638279630330703
 1.3199118785364832 0.1706783483948419
 1.3400784306350024 0.16542568888487658
 1.3605157131095795 0.16063269050007858
 1.3812270510890408 0.1562886820127937
 1.4022158018455044 0.15238287677108067
 1.4234853548527113 0.14892331831443775
 1.4450391318357978 0.1459111356163783
 1.4668805868121784 0.14333175103006623
 1.489013206123251 0.141158299058928
 1.5114405084566007 0.13935816717930669
 1.5341660448583632 0.1378938236309454
 1.5571933987354742 0.13672253723198466
 1.5805261858473985 0.13580581217417007
 1.6041680542870511 0.1351125991090462
 1.6281226844505503 0.13462048352046357
 1.6523937889954357 0.13429672881566349
 1.6769851127870177 0.13407594084893545
 1.701900432832471 0.1338730749140716
 1.7271435582023151 0.13360399668842363
 1.7527183299388989 0.1331857184708145
 1.7786286209515139 0.13254411764385
 1.8048783358977276 0.13165062952705395
 1.8314714110505805 0.13056040015510953
 1.8584118141511907 0.12940581327139136
 1.8857035442464176 0.12832463425382054
 1.913350631511144 0.12738432350589363
 1.9413571370547338 0.12657605847395972
 1.9697271527113105 0.1258027248038861
 1.9984648008133552 0.12489778421091942
 2.0275742339482385 0.12377458390228809
 2.057059634697231 0.12250954043381122
 2.086925215356549 0.12126771983615994
 2.1171752176399834 0.12023741404383619
 2.147813912362673 0.11956495943464561
 2.1788455991055513 0.119341446087079
 2.21027460586001 0.1196402851228605
 2.24210528865232 0.12042846510081273
 2.274342031147331 0.12150202127216841
 2.306989244230981 0.12262854472954121
 2.3400513655711475 0.1237384910910529
 2.3735328591563514 0.12485878229127906
 2.407438214811847 0.12597992820336318
 2.441771947692582 0.12702862120513803
 2.4765385977525964 0.12793446704544859
 2.5117427291903205 0.12879123549333585
 2.547388929869318 0.12975208170503924
 2.583481810713971 0.13075856290672058
 2.6200260050796236 0.13163145943164442
 2.657026168096677 0.13239895729996426
 2.694486975988195 0.13318344471988727
 2.732413125360467 0.13402548851586832
 2.770809332466093 0.13497805380910677
 2.809680332439081 0.13619510885305242
 2.849030878501485 0.13787808401912324
 2.8888657411411076 0.1398940547076845
 2.9291897072597664 0.14173688381320287
 2.970007579291696 0.1433072758965908
 3.0113241742915724 0.14498497513903855
 3.053144322991741 0.1470929772693618
 3.0954728688281548 0.14945749732382368
 3.1383146669346114 0.15166110696421128
 3.1816745831048054 0.15348317371164122
 3.225557492721814 0.15492673454215342
 3.269968279654536 0.15596330703546113
 3.3149118351207316 0.15633372525981198
 3.3603930565161866 0.1558763932890086
 3.40641684620969 0.1546074707786043
 3.4529881103033664 0.15270249484291135
 3.500111757358068 0.15063731467090963
 3.547792697083388 0.14896245714128914
 3.5960358389920746 0.14769034759602406
 3.6448460910183833 0.14666774416528078
 3.6942283581001827 0.14584903240794894
 3.744187540724453 0.14474335613739805
 3.7947285334359484 0.14249830074368894
 3.8458562233087146 0.13907937914676827
 3.897575488380329 0.1355072395811691
 3.9498911960485525 0.13272391879806597
 4.002808201430284 0.13084191006774332
 4.0563313456826275 0.13022810237190732
 4.110465454285902 0.13063614694371908
 4.165215335288587 0.13074852679549787
 4.220585777513989 0.13012206106753632
 4.276581548728689 0.12938143444858696
 4.333207393772681 0.12888858226950026
 4.39046803265124 0.12814535608358202
 4.448368158588518 0.12714022002347453
 4.506912436043042 0.1259440666509354
 4.566105498685046 0.12465994586025406
 4.625951947335991 0.12302548833759654
 4.686456347870277 0.12106319396211832
 4.747623229079456 0.11927079817507813
 4.809457080499178 0.11782431814545437
 4.871962350199192 0.11678978059262875
 4.935143442536688 0.11497203070435534
 4.999004715873416 0.11182328744259472
 5.0635504802570015 0.10837367128755404
 5.128784995066879 0.10546967423170626
 5.194712466625455 0.10339221111398435
 5.261337045774957 0.10191450126177833
 5.328662825420675 0.09994449053842781
 5.3966938380412355 0.0972122401844634
 5.465434053166554 0.094611894190006
 5.534887374824397 0.09196108417522353
 5.605057638956142 0.08851971313795973
 5.675948610802873 0.08465273009166274
 5.747563982262517 0.08036181340335588
 5.8199073692191465 0.0745598779402449
 5.892982308845424 0.0673905384513743
 5.966792256879346 0.05986113329062004
 6.041340584876349 0.05264932451825689
 6.116630577438138 0.045514330969405506
 6.1926654294193755 0.0388081492499522
 6.269448243113642 0.03319384947144117
 6.346982025420077 0.02879574768703069
 6.425269684992129 0.02492423465102716
 6.504314029369929 0.020804781320857037
 6.584117762097891 0.016379482133358072
 6.664683479829247 0.01249432374001032
 6.746013669419038 0.009741606738015234
 6.828110705007615 0.007900603060341588
 6.910976845096154 0.00660154619905894
 6.994614229616391 0.005624696158843056
 7.079024876996322 0.004855373175093742
 7.164210681223966 0.004229382888335709
 7.250173408911274 0.0037076883931024727
 7.33691469636033 0.0032649917575279497
 7.424436046633954 0.0028841370394550895
 7.5127388266331545 0.0025530435916668467
 7.601824264183506 0.002262936481820727
 7.691693445133034 0.002007247672983355
 7.782347310463928 0.001780925369997019
 7.873786653420578 0.0015799976324951419
 7.966012116656479 0.0014012548610320215
 8.059024189402628 0.0012420464462655227
 8.152823204659986 0.0011001500219292918
 8.247409336418706 0.0009736553936287063
 8.342782596906927 0.0008609139997899014
 8.438942833871797 0.0007604747244846968
 8.535889727895638 0.0006710575166349664
 8.63362278975002 0.0005915159789250708
 8.732141357790741 0.0005208274296483531
 8.831444595396482 0.000458071952110594
 8.93153148845432 0.00040242157928067765
 9.032400842894772 0.0003531285265931441
 9.134051282279719 0.0003095195315211489
 9.23648124544593 0.0002709850529909282
 9.339688984207463 0.0002369779485883594
 9.443672561119836 0.0002070028782482873
 9.548429847309148 0.0001806149302202462
 9.65395852036916 0.00015741394249010277
 9.760256062329484 0.00013704019285228577
 9.867319757697803 0.00011917131251406487
 9.975146691579448 0.00010351880983661302
 10.083733747877114 0.00008982434467053625
 10.193077607573953 0.00007785736879062153
 10.303174747102995 0.00006741296545385293
 10.414021436805918 0.000058307853998446134
 10.525613739484134 0.000050379780617534805
 10.637947509045095 0.00004348461839423146
 10.751018389246846 0.00003749468408085035
 10.8648218125435 0.0000322971065193096
 10.979352999034628 0.000027792077779846695
 11.094606955521146 0.00002389177066038809
 11.21057847467063 0.000020518735766443986
 11.327262134294378 0.000017604797253569592
 11.44465229673912 0.000015090210856646204
 11.562743108395622 0.000012922569164337884
 11.681528499326733 0.00001105595889342767
 11.801002183017118 0.000009450247212049301
 11.92115765624702 0.00000807036887697303
 12.041988199092094 0.000006885776574505347
 12.163486875051419 0.000005869853328598888
 12.285646531305598 0.000004999435913958218
 12.408459799106858 0.000004254422858053021
 12.531919094302692 0.000003617343204757513
 12.656016617994894 0.0000030730946476191718
 12.780744357335216 0.000002608574096814806
 12.906094086459184 0.0000022124639310753577
 13.032057367559135 0.0000018750060956288788
 13.158625552097694 0.000001587769656183706
 13.285789782162537 0.0000013434952118171986
 13.413540991963231 0.0000011359390680983785
 13.541869909470899 9.59730882088296E-7
 13.670767058201017 8.102637124560849E-7
 13.80022275913991 6.835814920859267E-7
 13.930227132814906 5.762999894075075E-7
 14.060770101508338 4.855196457495804E-7
 14.191841391615107 4.0876359927356247E-7
 14.323430536143665 3.4391388807542784E-7
 14.455526877359715 2.891660831004056E-7
 14.588119569572186 2.429793252379907E-7
 14.721197582060556 2.0404468620412859E-7
 14.854749702142545 1.712457613451383E-7
 14.988764538380964 1.4363479078268307E-7
 15.123230523928553 1.2040708916387529E-7
 15.258135920009002 1.0087965786653926E-7
 15.393468819532778 8.447367551718198E-8
 15.529217150845625 7.06987387349176E-8
 15.665368681607912 5.913999247890364E-8
 15.80191102280242 4.9446711471478215E-8
 15.938831632868409 4.1322381900798486E-8
 16.076117821959144 3.4517002679165004E-8
 16.213756756320453 2.8819399948674717E-8
 16.351735462787182 2.4051680089934553E-8
 16.490040833394627 2.006411441045529E-8
 16.62865963010176 1.673055616107766E-8
 16.76757848962277 1.3944958526484987E-8
 16.906783928363534 1.1618166616752386E-8
 17.04626234745922 9.675271107546611E-9
 17.186000037909384 8.053434260415282E-9
 17.325983185806415 6.6998338493366305E-9
 17.46619787765344 5.570238998887249E-9
 17.606630105767273 4.627528208792307E-9
 17.747265773762344 3.840562645055992E-9
 17.8880907021108 3.1832527480206108E-9
 18.029090633774608 2.6337025733249784E-9
 18.170251239904598 2.1735088611344627E-9
 18.311558125602033 1.7872170725789177E-9
 18.452996835737547 1.4617862110056556E-9
 18.59455286082273 1.1861818235780752E-9
 18.73621164292913 9.510167412051056E-10
 18.877958581649796 7.482375012961158E-10
 19.01977904009798 5.708487259382374E-10
 19.161658350937934 4.126927766381051E-10
 19.30358182244247 2.682190676619594E-10
 19.445534744572008 1.3228778874785852E-10
 19.5875023950697 5.843379300352183E-17
