 0. -0.
 0.0024219531131980266 1.23829E-10
 0.012677292445724334 2.31696E-9
 0.02755595468281035 1.12545E-8
 0.04613273211567371 3.42036E-8
 0.06798152800541048 8.09936E-8
 0.09285637974559653 1.63851E-7
 0.12060040224673721 2.97077E-7
 0.15110908236972828 4.96543E-7
 0.1843108744204243 7.79002E-7
 0.22015443976811322 0.00000116123
 0.25860602537821176 0.00000165903
 0.2996434373955225 0.00000228614
 0.34325154073070796 0.00000305313
 0.38941989843513963 0.00000396637
 0.4381486031924878 0.00000502719
 0.48942606962011787 0.00000623125
 0.5432650920928588 0.00000756826
 0.5996550879872449 0.00000902211
 0.6586019156458631 0.0000105714
 0.7201113651054685 0.0000121903
 0.7841729590256047 0.0000138502
 0.8507892583179053 0.0000155207
 0.9199573241409306 0.0000171719
 0.9916624847003338 0.0000187757
 1.0659033124253 0.0000203075
 1.1426561818595857 0.0000217472
 1.2219047981644646 0.0000230799
 1.3036243112583645 0.000024296
 1.3877889528841771 0.0000253913
 1.4743565440898216 0.0000263663
 1.5632895777152553 0.0000272251
 1.6545314782471052 0.0000279748
 1.7480354474377617 0.000028624
 1.8437311291879592 0.0000291818
 1.9415542321543235 0.0000296562
 2.041426014826371 0.0000300535
 2.1432674366442694 0.0000303776
 2.2469881665568874 0.0000306296
 2.352492282742665 0.0000308082
 2.4596844266870326 0.0000309101
 2.5684712986074056 0.0000309304
 2.6787460439680677 0.0000308635
 2.79040888453198 0.0000307033
 2.903357958238404 0.0000304441
 3.0174929550374383 0.0000300809
 3.1327260397917627 0.0000296095
 3.248964204671939 0.0000290267
 3.366133709060768 0.0000283306
 3.484148987019003 0.0000275201
 3.60296748047379 0.000026546822001020934
 3.722529986172444 0.0000255596
 3.8428028069655844 0.000024416
 3.963749671835945 0.0000231716
 4.0853793603036 0.0000218361
 4.2076757414718635 0.0000204218
 4.330671869143227 0.0000189437
 4.454387278495822 0.0000174189
 4.578863732918093 0.0000158656
 4.704157264962934 0.000014303
 4.830329372812972 0.0000127495
 4.957454739353636 0.000011223
 5.085602678884217 0.00000973931
 5.214862715662573 0.00000831246
 5.345311891216703 0.00000695435
 5.477039840835456 0.00000567521
 5.6101309220765625 0.00000448456
 5.744670265398982 0.00000339241
 5.880747879440423 0.00000241008
 6.018430325283 0.00000154989
 6.157795709383651 8.23238E-7
 6.298916310363939 2.37889E-7
 6.441854607722768 -2.04271E-7
 6.586678861793858 -5.07572E-7
 6.733429463182288 -6.80724E-7
 6.882174898130095 -6.770167916258863E-7
 7.0329437258942855 -6.73257E-7
 7.185791190406705 -5.03915E-7
 7.340785168686141 -2.26395E-7
 7.497951689904907 1.58342E-7
 7.657303565820198 6.45908E-7
 7.818918490493208 0.00000122689
 7.982807283716594 0.00000188824
 8.148969491769755 0.00000261561
 8.317555944752959 0.00000339413
 8.48849945430632 0.00000420833
 8.661947618197551 0.00000504345
 8.837762497665917 0.00000588907
 9.016163901479427 0.00000674224
 9.197090744547793 0.00000760612
 9.380611554663187 0.00000848227
 9.566808918719774 0.0000093644
 9.755675200869828 0.0000102431
 9.947217016463085 0.0000111151
 10.141497635111898 0.0000119837
 10.338528852599433 0.0000128509
 10.538439829412733 0.0000137101
 10.74116031858913 0.0000145461
 10.946757552673015 0.0000153334
 11.155303972897212 0.0000160333
 11.366800580884055 0.00001650658992950655
 11.581319873036177 0.0000169866
 11.798856993125867 0.0000171803
 12.019496210575815 0.0000171853
 12.243310441637389 0.0000170288
 12.470301171707264 0.0000167488
 12.70053503355821 0.0000163836
 12.933948247565189 0.0000159661
 13.170763437268146 0.0000155244
 13.410982609900127 0.000015079
 13.654607822756589 0.0000146341
 13.901648147272823 0.0000141724
 14.152320571925383 0.000013667
 14.406491952654806 0.0000131005
 14.664308319467253 0.0000124639
 14.925844304864217 0.0000117474
 15.19108031077008 0.0000109363
 15.460074449547644 0.0000100266
 15.732875927864361 0.00000904081
 16.009484871429454 0.00000800757
 16.28996475133275 0.0000069484
 16.5743235513093 0.00000588801
 16.862759039837574 0.00000482984
 17.155127414639786 0.00000375263
 17.45162496384878 0.0000026443
 17.75218731947095 0.00000147946
 18.05697426752683 2.51086E-7
 18.36598535816217 -9.62766E-7
 18.679363182950222 -0.00000209811
 18.99700721218977 -0.00000315596
 19.319068221427198 -0.00000415003
 19.645626048625235 -0.00000507684
 19.97668960442322 -0.00000590153
 20.312421673864197 -0.0000065883
 20.65270978232279 -0.00000713875
 20.99776688548693 -0.0000075351
 21.34747700927504 -0.000007618677933279089
 21.70195763927058 -0.000007598762769297597
 22.06134141438694 -0.00000757857
 22.4257651945927 -0.00000739387
 22.79505614695572 -0.00000714587
 23.169577847358706 -0.00000675499
 23.549187344946834 -0.00000612886
 23.933860134655 -0.00000538946
 24.323949509841867 -0.00000479862
 24.7193573341845 -0.00000439614
 25.12025730452948 -0.00000406189
 25.52661493412065 -0.00000382037
 25.93855380954878 -0.00000377011
 26.356013716050054 -0.0000023269767491490907
 26.77905985686525 -8.64061E-7
 27.20796484621414 -0.00000438535
 27.642590296732482 -0.00000491867
 28.082986920744013 -0.00000563872
 28.529504150088627 -0.00000619851
 28.98214433227413 -0.0000064614
 29.44108035985623 -0.000006432409145266089
 29.906154573884226 -0.00000640303
 30.377607279786584 -0.00000611449
 30.85537428671863 -0.00000598521
 31.33949034926827 -0.00000622751
 31.83008363060271 -0.00000696094
 32.32722827453465 -0.00000817534
 32.83094972831586 -0.00000944013
 33.341573301162704 -0.000009442618306955436
 33.85921305417004 -0.000009010459349094066
 34.38424635059309 -0.0000085724
 34.916758437911156 -0.00000803822
 35.456964615163514 -0.00000788937
 36.00497588510161 -0.00000765077
 36.56066762629093 -0.00000646099
 37.12397450479208 -0.00000373417
 37.69482122721043 -7.90601E-7
 38.27342464328953 0.00000106774
 38.85964931950324 0.00000183999
 39.453462534419494 0.00000152777
 40.05520888557943 3.61913E-7
 40.66487441656714 -7.67816E-7
 41.28246076165477 -9.781068730935246E-7
 41.907735021711076 -6.341516717301899E-7
 42.540531331169014 -2.85634E-7
 43.181252067666 0.00000155733
 43.83016360144638 0.00000410083
 44.4882097928522 0.00000693243
 45.155907581244456 0.00000985938
 45.833514372338406 0.000012897
 46.52053707137359 0.0000161349
 47.21650650778054 0.0000192568
 47.92102908712608 0.0000212652
 48.63453526406121 0.000021942
 49.35738063831177 0.0000214949
 50.090479820955366 0.000021419298205712622
 50.83375624371258 0.0000213427
 51.58593653469947 0.0000212399
 52.34681231061961 0.0000198244
 53.11743934799145 0.0000177895
 53.898195718533664 0.0000159686
 54.68873478545947 0.0000144224
 55.4889982139892 0.0000120852
 56.299499304571476 0.00000894684
 57.12123125761105 0.00000122381
 57.95504973123213 0.00000104504
 58.800984958905204 -0.00000520988
 59.659177883261904 -0.0000107606
 60.529393008629896 -0.0000134767
 61.41027925337365 -0.000016308
 62.300460205839364 -0.0000204304
 63.19998998660822 -0.0000257992
 64.10965061133362 -0.0000318309
 65.03099677974723 -0.0000370907
 65.96521678524141 -0.00003816717955417157
 66.91143796173671 -0.00003741563266104572
 67.87028236877707 -0.0000366545
 68.84246570535304 -0.0000334578
 69.8277629058669 -0.0000317638
 70.82681229003018 -0.0000285491
 71.84034999304279 -0.0000247053
 72.86786696645336 -0.0000210099
 73.90732662704028 -0.0000174131
 74.95939706814346 -0.0000163476
 76.0235392278167 -0.000015641
 77.10429132497147 -0.0000142077
 78.20184780169572 -0.0000141005
 79.30939664684459 -0.000013561400581020011
 80.42154011167777 -0.000013016
 81.5475094695208 -0.0000099411
 82.68687261894001 -0.00000519283
 83.83879363951465 -0.00000308196
 85.00866555049267 -9.09562E-7
 86.19384273484792 8.10835E-7
 87.39476099311638 -0.00000286758
 88.60878408879984 -0.0000126798
 89.83048861147249 -0.000024302
 91.06432231569 -0.000025356976771428564
 92.31684257530256 -0.0000264253
 93.58403228022192 -0.0000269466
 94.86658214694155 -0.00002623991146637266
 96.17020857729705 -0.0000255246
 97.50079584549891 -0.0000227846
 98.84908860019453 -0.0000251178
 100.20323807508376 -0.000024115793639947437
 101.56707124551548 -0.0000231016
 102.94103619019336 -0.0000161163
 104.33012770248487 -0.0000118823
 105.73745187257178 -0.00000627252
 107.16729808598387 -0.0000020317
 108.60834617375862 -0.00000457336
 110.06917411774081 -0.0000048898123734560434
 111.55396575146645 -0.0000016835296130885247
 113.0639137574667 0.00000155982
 114.59907813603698 1.2209E-7
 116.16170460238975 0.0000031723523577047494
 117.72775205537668 0.00000625668
 119.30393756344738 0.0000114558
 120.88993705309946 0.000011481251162790697
 122.49491319737142 0.000011507
 124.1220804475859 0.00000909108
 125.76635043413924 0.00000649355
 127.42798220833991 0.0000059053
 129.10221168237055 -0.00000333727
 130.77892245331014 -0.00000670594
 132.47968287478056 -0.00000831403
 134.20579102163057 -0.00000879772
 135.95575540203575 -0.0000094379
 137.7272193304781 -0.0000136794
 139.51037475871598 -0.0000262949
 141.32305147810825 -0.0000333794
 143.16687232800655 -0.0000336051
 145.06414129404845 -0.00003291661579754602
 146.95207490374005 -0.0000322207
 148.9228992965583 -0.0000269418
 150.9016557285658 -0.0000307252
 152.8400659329613 -0.00002666977375964721
 154.77688186034973 -0.0000225724
 156.72686776072118 -0.0000141589
 158.70855184303647 -0.0000084801
 160.7191451886455 -0.00000551327
 162.75491062909953 -0.00000385522
 164.81418162641762 -0.00000279779
 166.89523740139703 -0.00000206839
 168.99744210451811 -0.00000154595
 171.12224219871135 -0.00000116391
 173.26867823273165 -8.80809E-7
 175.43604128782997 -6.69067E-7
 177.62568000602812 -5.09622E-7
 179.83679247074534 -3.88949E-7
 182.07018532770235 -2.9727E-7
 184.32505451102688 -2.2742E-7
 186.60292440202957 -1.74087E-7
 188.9014634060053 -1.33301E-7
 191.2230058375841 -1.02076E-7
 193.56664637175945 -7.81538E-8
 195.9325776643636 -5.98182E-8
 198.32132058286544 -4.57626E-8
 200.73164162600696 -3.49887E-8
 203.1654877829512 -2.67322E-8
 205.62081209040736 -2.04077E-8
 208.09976110298646 -1.55657E-8
 210.60100943816514 -1.18611E-8
 213.12506338130095 -9.02901E-9
 215.67131174460437 -3.43443E-9
 218.2411856531867 -3.69428338278109E-9
 220.83325438966983 -3.3477105021389124E-9
 223.44883734916775 -2.99798E-9
 226.08672596444325 -2.26893E-9
 228.74824094582885 -1.715E-9
 231.43195155948385 -1.29463E-9
 234.1391718738235 -9.76017E-10
 236.86941942276724 -7.34836E-10
 239.6224588613572 -5.52506E-10
 242.3985286528459 -4.1485E-10
 245.19810343097504 -3.11061E-10
 248.01999624540048 -2.32915E-10
 250.86539161846585 -1.74158E-10
 253.73310823406445 -1.3004E-10
 256.6243249345349 -9.69606E-11
 259.538581622356 -7.21935E-11
 262.4756203844814 -5.36762E-11
 265.4348542160136 -3.98516E-11
 268.41784849369185 -2.95452E-11
 271.4229054683907 -2.18729E-11
 274.4508735317706 -1.61697E-11
 277.5018916095335 -1.19364E-11
 280.57568390150993 -8.79879E-12
 283.6710986300615 -6.4766E-12
 286.7892848594982 -4.76045E-12
 289.9305280169772 -3.49402E-12
 293.0938416251696 -2.56083E-12
 296.27860208733176 -1.87419E-12
 299.4863254264655 -1.3697E-12
 302.7147484892769 -9.99584E-13
 305.9661669197288 -7.28441E-13
 309.2382530195668 -5.30094E-13
 312.5333674138446 -3.85209E-13
 315.8499806355248 -2.79529E-13
 319.18649715762825 -2.02557E-13
 322.54537668471033 -1.46574E-13
 325.9241263712624 -1.05916E-13
 329.32527304760794 -7.64299E-14
 332.74720439057285 -5.50761E-14
 336.18823990860346 -3.96337E-14
 339.6517242187298 -2.8482E-14
 343.1345629290036 -2.04402E-14
 346.63645442727915 -1.46492E-14
 350.15941632816333 -1.04847E-14
 353.70173341560667 -7.49407E-15
 357.2623354448762 -5.34939E-15
 360.8440614513395 -3.81347E-15
 364.44442786137574 -2.71499E-15
 368.0634349537464 -1.93044E-15
 371.6999403602654 -1.37084E-15
 375.35621139734855 -9.72229E-16
 379.0304082872504 -6.8866E-16
 382.72253129799054 -4.87194E-16
 386.43186511747496 -3.44245E-16
 390.15912558667475 -2.42945E-16
 393.90288179907037 -1.7125E-16
 397.66384959205084 -1.2057E-16
 401.441313628471 -8.47904E-17
 405.2352741548722 -5.95604E-17
 409.04430021464435 -4.17909E-17
 412.86982324316364 -2.92904E-17
 416.7104122695071 -2.05068E-17
 420.56745413931696 -1.4342E-17
 424.4381951598692 -1.00201E-17
 428.3225716822966 -6.99337E-18
 432.22345994657724 -4.87607E-18
 436.1358432510374 -3.39649E-18
 440.0640622770623 -2.36362E-18
 444.0023065404454 -1.64334E-18
 447.9564263666063 -1.1415E-18
 451.9227913105374 -7.92229E-19
 455.9006860699312 -5.49355E-19
 459.888528234497 -3.80627E-19
 463.8924977643695 -2.63508E-19
 467.90426835011607 -1.8229E-19
 471.9268544111409 -1.26019E-19
 475.9602562681413 -8.7047E-20
 480.00544151398697 -6.0099E-20
 484.0576332478864 -4.14386E-20
 488.12164940878773 -2.8565E-20
 492.1936602403371 -1.96943E-20
 496.2743818456643 -1.35459E-20
 500.36559890495494 -9.35108E-21
 504.4623320447385 -6.40822E-21
 508.5681706108327 -4.41646E-21
 512.6806149253694 -2.98564E-21
 516.7989495499232 -2.10065E-21
 520.9264929278394 -1.43183E-21
 525.0566297290392 -9.74564E-22
 529.1972286761437 -6.8115E-22
 533.3404217820797 -4.24765E-22
 537.4900848318108 -2.8279E-22
 541.6462798322426 -2.26293E-22
 545.8056272958795 -1.81026E-22
 549.9715896806683 -9.21198E-23
 554.1400303367652 -5.561270410911621E-23
 558.313020816415 -1.9093E-23
 562.4913391300137 2.01468E-23
 566.6764435490411 4.35991E-23
 570.8656084535954 -3.88257E-23
