 0. 0.
 0.19680417088568017 0.19680417088568017
 0.5932496812164626 0.5931750376307404
 0.9954083496726038 0.9947538064410235
 1.403368601880053 1.4007364796152209
 1.8172059231292548 1.8099128876029207
 2.237006582323574 2.2208085709518954
 2.662856848366376 2.6318544822450596
 3.0948429901610264 3.0415594700363875
 3.53305666841735 3.4486215588095734
 3.977578760232252 3.852011408947025
 4.428506318122019 4.250977880727797
 4.8859256109900135 4.644992394348262
 5.3499336913525255 5.033804569901436
 5.820616828112916 5.417275307438998
 6.298115208239157 5.79548806692994
 6.782407264505404 6.168526308343257
 7.273762587234675 6.536612591596265
 7.772127258362366 6.899997296595947
 8.277663032082287 7.258930803249286
 8.790531662588249 7.61371913144259
 9.310733149880251 7.9645570211035155
 9.838429248152101 8.311750492118371
 10.373727793533009 8.655494284414809
 10.916682704087574 8.995983137920483
 11.467509652074213 9.333467432542374
 12.026208637492923 9.668114088218472
 12.592941414537515 10.000090024886763
 13.167815819337195 10.329534342495569
 13.750993606085773 10.656586140993216
 14.342528692847855 10.981412340317693
 14.942582833817246 11.304068580448325
 15.55120994705855 11.624638321354107
 16.168625704830184 11.943205023004035
 16.794884025196744 12.25976868539811
 17.430146662352048 12.574412768505322
 18.074521452425294 12.887137272325674
 18.7281701496103 13.197970016848828
 19.39120059003627 13.506938822064452
 20.063720609832405 13.814043687972545
 20.745891963192523 14.119228974593774
 21.43787640431043 14.422466861938481
 22.139781769315327 14.72370171002733
 22.85176981240103 15.022933518860325
 23.573948369696748 15.320162288437466
 24.30647919539628 15.615332378779422
 25.049524043693452 15.908471609875859
 25.803190750717455 16.19949652175778
 26.56769498872671 16.488434934414855
 27.34309067578582 16.775259027857416
 28.129647402217792 17.059913162106135
 28.92747300415185 17.342313877192016
 29.736729235781784 17.622433353125395
 30.55752393323682 17.90013248995795
 31.390126686839956 18.175327827720686
 32.2345914146558 18.447963726434274
 33.091187707007386 18.717928906140056
 33.96002340002389 18.985056446900042
 34.84126024789915 19.249207248765913
 35.735113922891564 19.510270031779008
 36.641746179194946 19.768105695991
 37.5613726890677 20.022630781432902
 38.494101288639044 20.273706188156382
 39.440201568232 20.521248456192453
 40.39978136397575 20.76514630558246
 41.37305634812873 21.0052328163884
 42.36024219294933 21.24139670865163
 43.36150065263139 21.473526702413487
 44.3771013174979 21.70151151771531
 45.40715202367809 21.92523987459844
 46.45186844343034 22.144656133083547
 47.511520167077705 22.35964901321198
 48.58626894881396 22.570246334973394
 49.676384378962155 22.776336818409135
 50.781974293651466 22.97780918356054
 51.90336220126953 23.174579970458623
 53.04065593794554 23.36653789914472
 54.19412509400252 23.553738609598163
 55.3641470958927 23.736154281829286
 56.55088369780988 23.91378491583809
 57.75433489975406 24.086658331614238
 58.97503988237128 24.254746709168064
 60.21299864566153 24.41805004849957
 61.46821118962482 24.576373609681106
 62.741755875553196 24.729661752733332
 64.03309352280066 24.877858837676936
 65.34330249265923 25.021020504491233
 66.67130442383689 25.15903547321757
 68.01871685827172 25.29190374385595
 69.38500061531765 25.419569676427034
 70.77069487562078 25.541921990972174
 72.17633881982708 25.658905047512036
 73.60193244793659 25.770463206067287
 75.0474757599493 25.87673556658626
 76.51350793651123 25.97780558903794
 78.00002897762239 26.073756733391324
 79.50811724457483 26.16470027960507
 81.03723355672255 26.250719687648175
 82.58791709471157 26.331981877458624
 84.1607070391879 26.40862594898474
 85.75560339015156 26.48093010212317
 87.37314532824857 26.54922817674989
 89.01333285347894 26.613798372761547
 90.67670514648871 26.674863250075457
 92.36380138792391 26.732617548619274
 94.07462157778453 26.787339468289645
 95.8097048967166 26.839251569003885
 97.56851216407408 26.88854859068965
 99.3526609217951 26.935425273274586
 101.16215116987962 26.980076356686354
 102.9969829083277 27.02264094087327
 104.85715613713926 27.063146845825003
 106.74428839825244 27.101677531510546
 108.65730133037519 27.138288637909227
 110.59727329479954 27.173035805000378
 112.56474347217154 27.206030312742655
 114.5597118624912 27.237299981125723
 116.58271764640455 27.26695609010824
 118.6343000045576 27.295137739638534
 120.71445893695035 27.322011849654587
 122.82373362422888 27.347689700115062
 124.96212406639313 27.372282570978612
 127.13124780538125 27.395846102224574
 129.33002647990114 27.418435933832274
 131.5600776318909 27.440052065801705
 133.82086208070447 27.46063885815355
 136.11345818763397 27.48014067090847
 138.4378659526794 27.498529684076804
 140.79516373713278 27.515805897658552
 143.1848123603481 27.532024951633044
 145.60789018361746 27.54718684600028
 148.0649363875868 27.561402860718918
 150.55595097225623 27.57475645575795
 153.08201229891773 27.587303271096708
 155.64258118692533 27.599098946714523
 158.23927517821707 27.610199122590718
 160.87155509214696 27.620603798725295
 163.54049929000703 27.63031297511826
 166.24664695244334 27.639326651769608
 168.99053726010192 27.64764482867934
 171.77163103233673 27.655295325837116
 174.5920849917319 27.66230596323261
 177.45082077699539 27.668676740865816
 180.34945593006523 27.674491118705728
 183.28799045094146 27.67974909675235
 186.26750270091617 27.684506314985
 189.28745349934331 27.688707133424362
 192.349460388161 27.69246283202909
 195.45352336736914 27.695717770819858
 198.60018161761388 27.69852758977599
 201.78997431954122 27.70094792887681
 205.02397983444317 27.703006608111995
 208.3021981623198 27.704731447471204
 211.6251684838171 27.706150266944103
 214.99396916022718 27.707318706510016
 218.40860019155 27.708208946179287
 221.87067911972363 27.7089044459209
 225.37912758345607 27.709460845714194
 228.9361023053314 27.709961605528157
 232.54160328534965 27.710490185331786
 236.19616970415686 27.711018765135417
 239.90034074239904 27.711658624897705
 243.65519476136825 27.71235412463932
 247.4607317610645 27.713160904339595
 251.3185692834259 27.713995504029533
 255.22816814780637 27.714802283729806
 259.19114589614406 27.71546996348176
 263.20750252843897 27.716026363275052
 267.27831640598316 27.71647148310969
 271.40466589006866 27.716777502996
 275.58601180004945 27.717027882902983
 279.82397167786365 27.717194802840968
 284.1190847041573 27.717333902789292
 288.47242924022237 27.717473002737613
 292.88400528605894 27.71769556265493
 297.3543520223131 27.71805722252057
 301.88508699092284 27.718641442303532
 306.47674937253424 27.71947604199347
 311.1298783477933 27.720505381611062
 315.8450130973461 27.721590361207983
 320.6226928018387 27.722619700825575
 325.4650741838551 27.723565580474173
 330.3710788821034 27.72445582014344
 335.3428636191676 27.72534605981271
 340.3804283950477 27.72629193946131
 345.4853907516819 27.727182179130576
 350.65721150842415 27.727933318851523
 355.8980473878585 27.728489718644816
 361.20789838998496 27.72879573853113
 366.58838205674175 27.72879573853113
 372.0389592074826 27.728406258675825
 377.56178656479193 27.727627298965213
 383.1574033093155 27.72665359932695
 388.82634862169954 27.72562425970936
 394.56970086323594 27.7245671001021
 400.3879992145709 27.723370840546522
 406.2823220369965 27.721840741114967
 412.2537476918046 27.720088081766093
 418.3028153596415 27.71833542241722
 424.43060340179903 27.716777502996
 430.63819017956934 27.715414323502433
 436.9261148735985 27.71416242396752
 443.29545584517854 27.71302180439127
 449.7472914556015 27.71202028476334
 456.2821608855134 27.711241325052733
 462.9011424962065 27.71074056523877
 469.6053146489725 27.71026762541447
 476.39575570510385 27.709599945662518
 483.27300484524636 27.70896008590023
 490.23867961133817 27.70896008590023
 497.2927800033792 27.70973904561084
 504.4369235633078 27.710907485176758
 511.6721886524157 27.71240976461865
 518.9991144513491 27.71463536379182
 526.4187793214002 27.71769556265493
 533.9322616238609 27.72081140149737
 541.5422572619613 27.723231740598198
 549.2471486937634 27.724594920091764
 557.0437008353911 27.725234779854052
 564.9426972997649 27.725568619730026
 572.9441380868848 27.725985919575
 581.0426313902905 27.7268483392546
 589.238177209982 27.728489718644816
 597.5415591588801 27.730798777786983
 605.9419936240639 27.733024376960156
 614.4502642184543 27.73413717654674
 623.066370942051 27.734053716577748
 631.784921988394 27.733998076598418
 640.6113091639434 27.73491613625735
 649.5455324686993 27.736362775719915
 658.5875919026616 27.737559035275492
 667.7428792722907 27.738171075048115
 677.0060027711263 27.738393634965433
 686.3823542056286 27.738393634965433
 695.8773253822583 27.738504914924093
 705.480132688094 27.738894394779397
 715.2015597360572 27.739506434552016
 725.0416065261475 27.74017411430397
 735.0002730583648 27.74059141414894
 745.0721675262489 27.740730514097265
 755.2680735427205 27.741509473807874
 765.5879911077794 27.7425109934358
 776.0265284149655 27.743345593125742
 786.5836854642786 27.74398545288803
 797.2702458686397 27.743790712960372
 808.0862096280484 27.7429839332601
 819.0207931295843 27.742344073497815
 830.0901717926282 27.741231273911225
 841.2835620042596 27.738866574789732
 852.6063555709386 27.735416896071314
 864.063944299126 27.731355177580276
 875.6509363823609 27.727627298965213
 887.3673318206436 27.72420544023646
 899.2239142268949 27.721061781404355
 911.2098999881937 27.71822414245856
 923.3360727174611 27.71558124344042
 935.5970406082364 27.714245883936513
 947.9981954669803 27.713717304132885
 960.5395372936924 27.714357163895173
 973.221066088373 27.716165463223376
 986.0373900445618 27.717417362758287
 999.0046845816396 27.719559501962465
 1012.1121660866856 27.724233260226125
 1025.3598345597004 27.729852898138382
 1038.7584736136039 27.73455447639171
 1052.3026914419363 27.73922823465537
 1065.9924880446974 27.74365161301205
 1079.8332552283475 27.746461431968182
 1093.8196011864263 27.749354710893307
 1107.9569177253945 27.753666809291325
 1122.2505966517117 27.757450327885717
 1136.6898543524578 27.761845886252733
 1151.2854744405531 27.76763244410298
 1166.0320651095378 27.77294606212893
 1180.9350181658715 27.777035600609633
 1195.999725416015 27.779956699524423
 1211.2154032470478 27.78262741853223
 1226.5874434654297 27.785353777519365
 1242.1212378776215 27.78546505747802
 1257.8113946771625 27.78201537875961
 1273.657913864053 27.77767546037192
 1289.6715790512135 27.77436488160183
 1305.8469984321837 27.772194922407984
 1322.1787802005033 27.771109942811062
 1338.6777079690928 27.77085956290408
 1355.338389931492 27.770970842862738
 1372.1662178941617 27.771304682738716
 1389.1558000506404 27.77186108253201
 1406.3179200138497 27.77252876228396
 1423.6364023644087 27.773279902004905
 1441.1274225216978 27.774058861715517
 1458.785588679257 27.77486564141579
 1476.6109008370859 27.775672421116067
 1494.6087508016456 27.776507020806008
 1512.7683549600147 27.77736944048561
 1531.1058887315746 27.778231860165214
 1549.605176696944 27.77909427984482
 1568.2823942755044 27.779984519514088
 1587.1267578543345 27.780874759183355
 1606.1436592398952 27.781764998852626
 1625.3277066257258 27.782655238521894
