 0. 0.
 0.0007854641103472568 0.12225725141441943
 0.002367715739831344 0.3664456775491318
 0.003972769125213251 0.6121109532658926
 0.005600977181552174 0.8571425030548258
 0.007252641177801085 1.0978901959922067
 0.00892810542133481 1.3299414795487088
 0.010627714219528173 1.5490406761128466
 0.012351811879756001 1.751755608261275
 0.014100764228604047 1.935808955832567
 0.015874894054236206 2.1000847154859494
 0.017674588702449163 2.244454608308611
 0.019500192480617736 2.3695286400461324
 0.02135209273453861 2.4764515526497743
 0.023230633771586604 2.5666435984279596
 0.025136375091245822 2.6416986809473446
 0.027069230616672543 2.703247400209983
 0.029030276308413098 2.7528554599208053
 0.031019296974358235 2.7920210933415186
 0.03303693819083574 2.8221119587039323
 0.03508384553417341 2.8443416007885345
 0.03716001900437125 2.8598217529055363
 0.03926610417775706 2.8695078093350226
 0.04140253143854937 2.8742320364211142
 0.043569515978857436 2.8747292872374532
 0.045767918567118336 2.8716180818057886
 0.047997739203332064 2.8654330437631943
 0.05025962346382641 2.8566546014910847
 0.05255400173281992 2.8456893106963257
 0.054881519586640386 2.8328802017894654
 0.05724239221739708 2.8185321843578346
 0.05963726520141779 2.802872564472952
 0.062066353730811784 2.7861153872868796
 0.06453051857401612 2.768437412943291
 0.06702997492314007 2.7499611407584394
 0.06956536835451145 2.7308199161895677
 0.07213712925234875 2.711116815554383
 0.07474590319297982 2.6909238102375355
 0.07739212056062314 2.670340239536247
 0.08007621173949728 2.6494340710755244
 0.08279882230593003 2.628258033261928
 0.08556059783624917 2.606892581259536
 0.08836196871467324 2.585385672248131
 0.09120358051753005 2.5637691441987056
 0.09408586362903812 2.54210267540454
 0.09700946362552525 2.520429986322037
 0.09997502608331925 2.4987872336239976
 0.10298298138663864 2.4772026781486107
 0.10603419030392047 2.4556870934362505
 0.10912886802727405 2.4342702691084415
 0.11226809051724564 2.4129924447528066
 0.11545228815805385 2.3918668154353515
 0.11868210652602641 2.3709357265276547
 0.12195797600538191 2.3501850685546763
 0.12528097255666665 2.3296196629873385
 0.12865131137198987 2.3092346343929533
 0.13207006841189795 2.2890447133619807
 0.13553767406060938 2.269045109213065
 0.139054773894452 2.24927115922351
 0.14262222868186283 2.2297492171975626
 0.14624068399916973 2.210496223720837
 0.1499110006148097 2.191508914511311
 0.15363360891300126 2.172804696537053
 0.15740958485429082 2.154412005032176
 0.16123935882289686 2.136370745960826
 0.16512379158725643 2.118687755296626
 0.1690637439158066 2.1014012284283132
 0.17305986138487522 2.084555857241904
 0.1771132199550086 2.0681371901924224
 0.1812242500104252 2.0520869229483982
 0.18539381231956215 2.0363547175852723
 0.18962298284296578 2.020901973413024
 0.19391240715696387 2.005703477092407
 0.19826316122210277 1.990766191454948
 0.20267567542260098 1.9761132616604922
 0.20715124091111412 1.9617579986111506
 0.2116902880718607 1.9476965003379414
 0.21629389286538706 1.9339046726142257
 0.22096356163645808 1.9203800556251311
 0.22569993996140156 1.9071342824201112
 0.23050302784021745 1.8941588294573082
 0.23537497719399844 1.8814568777861518
 0.24031578802274456 1.8690679919973783
 0.24532546032645577 1.8569959944143615
 0.2504082979473174 1.845173331105992
 0.2555621489642368 1.8334971734004726
 0.26079131721939924 1.8218781878716914
 0.26609149887061945 1.8102309986562586
 0.27146914968117547 1.798508383508243
 0.2769221177299745 1.7867304445470307
 0.28245255493810933 1.7749178108097927
 0.28806261322667254 1.7630543427697556
 0.2937522925956641 1.7510768169603284
 0.29952159304508413 1.738995923211044
 0.3053726664960252 1.726858104241261
 0.3113055129484873 1.714646273039212
 0.3173244362446558 1.7022975299965974
 0.323427284463438 1.6897994751082248
 0.3296162095259266 1.6772191127469005
 0.3358933633532142 1.6645409466546566
 0.34225874594530087 1.6517228911113215
 0.3487145092232792 1.6387561257353125
 0.3552606531871493 1.6255784744363568
 0.3618993297580037 1.612121437313695
 0.3686326908569352 1.5983807966447234
 0.37546073648394357 1.5843391495497785
 0.3823856185601217 1.5699624076193557
 0.38940518516437683 1.555320051325401
 0.396525892059987 1.5405164390762993
 0.4037477392469521 1.525579594494254
 0.4110707267252723 1.510541612867882
 0.41849485449494733 1.4954282691919585
 0.42602657831925544 1.4802173296072754
 0.4336615943560112 1.4648329603186805
 0.44140420644739986 1.4492477215681334
 0.44925656651451423 1.433494629527909
 0.4572186745573542 1.4175760906502526
 0.46529268249701256 1.401507512184839
 0.47348074225458175 1.3852902241007785
 0.48178285383006186 1.36889076582129
 0.4902011691445457 1.3522840547052017
 0.4987356881980331 1.3354436712872533
 0.5073928667538021 1.3183761491656907
 0.5161684009696673 1.30105162394401
 0.5250687466089069 1.2834844361125946
 0.5340917517504279 1.2657110872981876
 0.5432417202364159 1.2476300284383317
 0.5525186520668708 1.229212915305452
 0.5619268510839779 1.2105212543313344
 0.5714641653666447 1.191561165768887
 0.5811348987570563 1.1723583311024903
 0.5909412031763054 1.1530009791859803
 0.600883078624392 1.1334151384675617
 0.6109648289435016 1.113523555314589
 0.6211843022125414 1.0933614196207877
 0.6315479541947893 1.0729917164684677
 0.6420536329691527 1.0525101787391142
 0.652705642377817 1.0318815647094586
 0.6635061343418749 1.010959985812101
 0.6744572607824187 0.989690185380973
 0.6855568697783563 0.96818044726878
 0.6968135690140579 0.9464911208201933
 0.7082230546473384 0.9246193829436375
 0.7197917824414756 0.9025318622632912
 0.7315197523964695 0.880258709412451
 0.7434112683545057 0.8578436508910184
 0.7554641783944913 0.8352671137376566
 0.7676849382797044 0.8124932988064163
 0.7800735480101448 0.7895913403336855
 0.7926321595069054 0.7665734304744908
 0.8053629246910787 0.743398280559513
 0.81827014740485 0.7199530244556671
 0.8313538276482195 0.6962038572146144
 0.8446161173422797 0.6720959469320316
 0.858061320329216 0.6477342560812955
 0.8716894366090284 0.6232321008822488
 0.8855069219449948 0.5984319732525313
 0.8995094724949299 0.5733735568697106
 0.9137056959432042 0.5482561077668288
 0.928095592289818 0.5232792776646745
 0.9426813134558638 0.49847012223498255
 0.9574650113624342 0.47367731257722895
 0.9724509898517146 0.44896369642703365
 0.987639248923705 0.42441795634138213
 1.0030362443416836 0.4002229459617942
 1.0186398241845571 0.37680773607650087
 1.0344564442156041 0.3544165885934165
 1.0504861044348244 0.3332403261138905
 1.0667331086844034 0.3132320034606578
 1.083201760806526 0.29427060021284124
 1.0998899088801002 0.2762078829533071
 1.1168040086684035 0.2588218587998684
 1.1339462120925288 0.2420765107342175
 1.1513208229946612 0.2260760915478996
 1.1689278413748008 0.2108985082160869
 1.1867694191540403 0.196833329647923
 1.2048520120956578 0.1843799377484671
 1.2231777721207457 0.1736291879765993
 1.2417488511503967 0.1642362825189262
 1.2605674011057035 0.15615058890616867
 1.2796355739077592 0.14930702749003816
 1.2989619772409335 0.1433898160927531
 1.318542307263042 0.1382793646896258
 1.3383851716584547 0.13414544567793932
 1.3584905704271721 0.13100967272072686
 1.3788649593324718 0.12875965440674902
 1.3995061864532614 0.1273668089593925
 1.4204228594739112 0.12671496492704926
 1.4416149783944214 0.1264909584922453
 1.4630889989780704 0.1263121857880924
 1.4848427693037647 0.12582339842948728
 1.5068848970558757 0.12479554939057236
 1.5292175341554952 0.12316505480723597
 1.551842832523717 0.12098894753494599
 1.574765096002725 0.11848820849350818
 1.5979864765136134 0.1159321700295204
 1.6215112778985665 0.11353211837706237
 1.6453438039997699 0.11161366231760705
 1.6694862067383165 0.11060863394884074
 1.6939427899563912 0.11065170049785172
 1.7187178574961794 0.1114055212612645
 1.743813561278774 0.11220908321103455
 1.76923420514636 0.11230609396391904
 1.7949840929411234 0.11132015857527211
 1.8210653765841556 0.10954925041565236
 1.8474823599176433 0.10753066594378996
 1.8742393467837708 0.10578039513661995
 1.9013406410247242 0.1048187949644874
 1.9287883945615953 0.10490187837643632
 1.9565890631576628 0.10574843261402612
 1.9847426468129266 0.10671611299382779
 2.0132556012906644 0.10750576623294165
 2.0421322304330616 0.10820163093076329
 2.0713746861612106 0.10876713250167942
 2.1009872723172975 0.10894158371059971
 2.1309742927435074 0.10832736689794403
 2.1613465070453026 0.10682809472098333
 2.192097459459406 0.10498122216529024
 2.223214238459262 0.10351173639909443
 2.2547398824667226 0.10281921592093589
 2.2866743914817893 0.10323695590518607
 2.3189962462935343 0.10511167391637553
 2.351705446901958 0.10810807244176253
 2.3848450317289136 0.11102833108787113
 2.418371962352548 0.11305911839348645
 2.452329277194714 0.11433700585005405
 2.486716976255412 0.11490113990225455
 2.5215135403237157 0.11455408073554524
 2.5567404886105507 0.113281446051823
 2.592397821115918 0.1112388095902335
 2.628485537839817 0.10924002444829507
 2.6650251579931745 0.10801443291555826
 2.701995162365064 0.10808771379761016
 2.739417070166412 0.10998433677588985
 2.777312400608145 0.11217895239359588
 2.8156381152684093 0.11260045311117403
 2.8544372525690593 0.11146558226623896
 2.8937098125100946 0.11108185614695365
 2.9334557950915148 0.11319088371312727
 2.9736536811023933 0.1169669139021625
 3.014346508964584 0.12102100928458184
 3.0555342786780857 0.12430846409348899
 3.0971954710319727 0.1264830662376174
 3.1393300860262445 0.12741720989449082
 3.181981162082755 0.12812870961535427
 3.2251486992015037 0.12883275810909278
 3.2687896589606376 0.12824127744076136
 3.3129685989929363 0.1256568570527882
 3.3576424808765464 0.12258750021031357
 3.402832823822395 0.12059620482205086
 3.4485611470414086 0.11903591048405202
 3.49480593132266 0.11750394379129363
 3.54156717666615 0.11658494806484095
 3.5888879214937317 0.11634338879865361
 3.636725127383551 0.11661141121156905
 3.685121832757462 0.11673353087376682
 3.7340565184045382 0.11594117187082818
 3.7835507035357057 0.11303443293043332
 3.8336043881509645 0.1091373780783797
 3.8842175722503147 0.10601563388993528
 3.9353687366228303 0.10250872234426575
 3.98712243890129 0.09908723704768371
 4.039435640663841 0.09727182645620702
 4.092308341910484 0.09542806541808084
 4.145783581063071 0.09301751709313684
 4.199839838910677 0.09382090198307207
 4.254477115453301 0.09746056958651925
 4.309716929901869 0.09894104700371546
 4.365537763045455 0.09774833947769068
 4.421961134094986 0.09502446556475477
 4.479008562261388 0.09244181530641617
 4.536637009122808 0.09205568533984203
 4.5948895131011 0.09161296720952514
 4.653744554985336 0.09002313112910627
 4.713223653986443 0.08852575837334131
 4.773348329315348 0.08543029449989614
 4.834075542550198 0.07902978739257101
 4.895426812901919 0.07072803981260428
 4.957423659581438 0.06400022293890548
 5.0200445633778275 0.05943542664768884
 5.083289524291089 0.05680161901245056
 5.147201580743075 0.05370427998013057
 5.211759213522859 0.0522589010003703
 5.276940903419513 0.051915274835528484
 5.342789688854893 0.05068258396842626
 5.409284050618069 0.04545313657441011
 5.476445507919972 0.03582932472613175
 5.54425254154967 0.026417759752036904
 5.612748189929021 0.020829781966755105
 5.681867895425244 0.01755826721772339
 5.751676215671115 0.01455970021984341
 5.822151631455713 0.011743306129916779
 5.893294142779034 0.009683397822805664
 5.965125268852007 0.008023975535169517
 6.037601971252777 0.006483945204752881
 6.110788807614126 0.0052164171691778454
 6.1846212203032715 0.0042416931073808156
 6.259163766952995 0.0034859333491678744
 6.334373409141443 0.0028864961332873435
 6.410271666079542 0.0024027408646498257
 6.486837018556365 0.002007787139831117
 6.5641125049937665 0.0016827466443662571
 6.642055086969892 0.0014137024583443945
 6.7207078029065945 0.001190033139123542
 6.800027614382022 0.001003443165707133
 6.8800575598180265 0.000847343163508308
 6.9607546007927565 0.0007164433721473767
 7.042161775728063 0.0006064415493728929
 7.124257565413022 0.000513838506967967
 7.207041969847631 0.00043575592184270934
 7.290514989031892 0.00036982296941268463
 7.374698142176729 0.0003140761430539422
 7.4595483908602915 0.0002668886983789604
 7.545108773504431 0.00022690351103142476
 7.631336251687296 0.00019299047343317733
 7.718273863830738 0.0001642029869601821
 7.8059000907238305 0.0001397483821703905
 7.894214932366574 0.00011896098223125675
 7.983196869548043 0.00010128075134201717
 8.072888940690088 0.00008623595927337681
 8.16324810737086 0.00007342843213853317
 8.25429588880128 0.0000625220207687164
 8.346032284981353 0.00005323179246824514
 8.438457295911077 0.000045316713994767394
 8.531527883168598 0.00003857236404751793
 8.62528708517577 0.00003282513254430585
 8.719734901932593 0.00002792752335619589
 8.814828295017216 0.000023754098795866074
 8.910610302851488 0.0000201980034153872
 9.007037887013558 0.000017168453156906617
 9.104132566714354 0.000014587908694437363
 9.201872822742946 0.000012390317221817924
 9.300280174310261 0.000010519366330430785
 9.399333102205377 0.000008926970576280938
 9.49903160642829 0.000007572111140467645
 9.599375686979 0.00000641979750338763
 9.700343824646582 0.000005440133534620234
 9.801957538641961 0.000004607600010612896
 9.904195309754211 0.000003900426595364632
 10.007057137983335 0.000003300022395388084
 10.110543023329326 0.000002790509252080151
 10.21465296579219 0.0000023583571695244583
 10.319343926950074 0.0000019920057521547553
 10.424658945224827 0.0000016816123702953518
 10.5305549821946 0.0000014187711391948859
 10.637032037859388 0.0000011963250921330901
 10.744111631430123 0.0000010081710943684167
 10.851772243695876 8.491191849159676E-7
 10.959992355445719 7.147471580423072E-7
 11.068771966679655 6.012894217215364E-7
 11.17813259660861 5.055511288476493E-7
 11.288031206810727 4.2481281626559973E-7
 11.398467797286012 3.5676519119734413E-7
 11.509442368034458 2.994484879480717E-7
 11.620933399845145 2.511990358764623E-7
 11.732962411928996 2.106072027248836E-7
 11.845486365864158 1.7647804533659118E-7
 11.95852678086156 1.4779962538227963E-7
 12.072062137710272 1.2371570893493286E-7
 12.186092436410297 1.035020919447438E-7
 12.30057463853978 8.654663626649418E-8
 12.415551782520575 7.233201961317381E-8
 12.530980829930826 6.042253565182668E-8
 12.646840261559612 5.044949540926716E-8
 12.763173115828783 4.210270280027348E-8
 12.87991483510556 3.5120837028989324E-8
 12.997086938600864 2.9283692555408398E-8
 13.114667907103778 2.4406183728791203E-8
 13.232657740614295 2.033255041075311E-8
 13.351013400710565 1.693205003226302E-8
 13.46977792581444 1.4094801938200315E-8
 13.588908277504068 1.1728633189823866E-8
 13.70838293656852 9.756247858010255E-9
 13.828223422218727 8.112832971603582E-9
 13.948408215243756 6.744100521253896E-9
 14.068894277221759 5.604652262483966E-9
 14.18970312736366 4.656433681806591E-9
 14.310834765669462 3.867674428842596E-9
 14.432246153717308 3.2118118710960203E-9
 14.5539372915072 2.6666588216993562E-9
 14.675908179039139 2.213685937620955E-9
 14.798115777891269 1.8374538579319952E-9
 14.920581607274519 1.5250738742006091E-9
 15.04328414797796 1.2658114634562409E-9
 15.166223400001593 1.0507259858216184E-9
 15.289356324923569 8.723725839980357E-10
 15.412682922743882 7.245675007676735E-10
 15.53618167425161 6.021649233100117E-10
 15.659874098657674 5.008960890433886E-10
 15.783717157540226 4.1722265846614084E-10
 15.907710850899264 3.482156422100378E-10
 16.031855178734787 2.9145847805521685E-10
 16.156107102624944 2.449665171376022E-10
 16.280466622569733 2.0711780912677872E-10
 16.40491221935823 1.7660707175530885E-10
 16.529465412201358 1.5240410889822956E-10
 16.654083162677267 1.3373145527084076E-10
 16.77874395157503 1.2005278650511092E-10
 16.903469298105573 1.1107103063981456E-10
 17.02821616384704 1.0674842338349765E-10
 17.152984548799434 1.0703347887879935E-10
