 0. 0.
 0.1770977556543278 0.17709775565432784
 0.5338463438720015 0.5338326774198715
 0.895736019685258 0.8955116279200821
 1.2628463544762862 1.2618155577768844
 1.6352452750347597 1.6322343589730073
 2.0130104119774486 2.006121894686574
 2.3962193959211224 2.382776379948369
 2.7849498574825513 2.7615300369903286
 3.179284279192053 3.141801651829137
 3.5792954397528494 3.5232078705609062
 3.9850706736088064 3.905386980227935
 4.396687611376693 4.2882462339179925
 4.814233587500378 4.671661969081436
 5.237786232596628 5.055665101355677
 5.667471696417697 5.4402865463781245
 6.103270571309389 5.825588135423601
 6.545425452949112 6.211755362316568
 6.993887822201386 6.5987882270570255
 7.448803236472652 6.986872223469435
 7.910317253169354 7.376069182828618
 8.378429872291493 7.7664718520468075
 8.853286651245512 8.15817297803623
 9.334984628302374 8.55123439207171
 9.823572322597558 8.945687009790657
 10.31924381067299 9.34159266246789
 10.82199909252867 9.738951350103413
 11.331983725571042 10.137701241422402
 11.849294748071067 10.537811420787447
 12.37407771743519 10.939250972561137
 12.906381152798891 11.341988981106065
 13.446350611568615 11.745932699509996
 13.99403461287984 12.15105121213552
 14.549627233274494 12.557189940795588
 15.113176991888054 12.964225222940556
 15.684829446126969 13.372064311658194
 16.264681634262196 13.78052171312404
 16.852879113700183 14.189504680425863
 17.44951892271189 14.598827719739198
 18.054698099568277 15.008367168514408
 18.668562201675794 15.417937532927025
 19.29125678644088 15.827384234790005
 19.92287889213449 16.236552695916288
 20.563574076163082 16.645257422481418
 21.213439376797613 17.05334383629834
 21.87262035144452 17.460564612267767
 22.541262557510255 17.866703340927838
 23.219463033265775 18.271450865904438
 23.907415855253006 18.6745907777357
 24.60516954260743 19.075783004410106
 25.31296669100645 19.47471838955356
 26.030904338721037 19.871056861154536
 26.75912804315762 20.264427431564123
 27.497734842587175 20.654459113133385
 28.2469673326871 21.040842749488224
 29.006874032592872 21.423238268617123
 29.77769753798191 21.801398345420804
 30.559534887125167 22.17510657043739
 31.352531637429088 22.544084702930192
 32.1568818654356 22.90805450216251
 32.972731128551146 23.266583149210604
 33.80027350331765 23.619237825150723
 34.639606028006064 23.96552387978431
 35.490971298293815 24.304915747275384
 36.354466352451844 24.63707335561243
 37.23028526702209 24.961563885871705
 38.11862211854647 25.27804726604169
 39.019622464431436 25.586183424110878
 39.93352890035439 25.885755950617387
 40.86043846458628 26.176424773549716
 41.80054523366905 26.45800439908339
 42.754091803280105 26.73018567084431
 43.72122373082587 26.99281401064543
 44.70218361198378 27.245580262112636
 45.697068485024765 27.488113437597008
 46.70616946476173 27.7202589589115
 47.72958358946563 27.941985910418694
 48.76755345481388 28.15320154520636
 49.82041869475484 28.35381311636227
 50.88832486669497 28.54369696133678
 51.97127197063425 28.72291491140471
 53.06974519792749 28.891621544753114
 54.1837445485747 29.050002355206455
 55.313270022575885 29.19808825840214
 56.45929200264065 29.336033832527225
 57.6213252974142 29.46417914959322
 58.800340289606154 29.58286428161164
 59.99536659650689 29.692583878781058
 61.20785979218084 29.793801675662618
 62.437334685273186 29.886919575542656
 63.68427646713876 29.972308566070108
 64.94917032913236 30.050339634893888
 66.23201627125397 30.121445600937747
 67.5328142935036 30.186028367488017
 68.8520495872361 30.24445892219362
 70.18972215245141 30.297200999615715
 71.54680237185917 30.34465650304064
 72.9228050541046 30.387443745216594
 74.31821539054249 30.42605737634215
 75.73351857252764 30.46089929970364
 77.16871460006007 30.49234050294999
 78.62428866449459 30.5206901424553
 80.10024076583117 30.5463192058685
 81.59705609542466 30.569444102651456
 83.11521984462986 30.59028124226605
 84.65473201344678 30.609139781086377
 86.2160777932302 30.626328875486546
 87.7987719926253 30.641941272378784
 89.40427018569659 30.655946056125682
 91.032572372444 30.668621467463932
 92.68367855286755 30.680307578405056
 94.35758872696722 30.691158967136097
 96.05575846880748 30.70133021184411
 97.77721739567872 30.710821312529095
 99.52293589029048 30.719755931740693
 101.29339914399768 30.7281340694789
 103.08860715680024 30.735893894468905
 104.90904512005301 30.743035406710703
 106.75519822511077 30.749620437479113
 108.62706647197355 30.755710818048957
 110.52513505199616 30.761306548420233
 112.44940396517859 30.766345797318124
 114.40132878558528 30.77085948038004
 116.37993913050659 30.774785766331156
 118.38669057400696 30.77827923335853
 120.42109792473158 30.781401712736976
 122.4841315653901 30.78421503574132
 124.5757914959825 30.786688286734147
 126.69704809921839 30.788914212627695
 128.84741618374298 30.79092372905937
 131.02786613226587 30.79271683602917
 133.2388831361419 30.79435536481192
 135.48046719537103 30.79587023104503
 137.75358869266293 30.797261434728497
 140.05776243666278 30.79852897586232
 142.39444400143498 30.799703770083916
 144.76314819562475 30.8008476486681
 147.16484540194168 30.80196061161487
 149.60002081174062 30.803104490199058
 152.06915961637637 30.80427928442065
 154.5717766244941 30.805515909917066
 157.10981260151308 30.80672161977607
 159.68229716472368 30.807927329635074
 162.29068588819032 30.809071208219258
 164.934978771913 30.810184171166032
 167.61614619860137 30.811235302837986
 170.3337029769006 30.812224603235116
 173.08910468087515 30.81312115672002
 175.882351310525 30.81392496329269
 178.7139280572049 30.814666938590538
 181.58432011226978 30.815285251338743
 184.49449785842918 30.81584173281213
 187.4444612956831 30.816243636098466
 190.4346956153864 30.81649096119775
 193.46617120024868 30.81658370810998
 196.53888805026995 30.816552792472567
 199.65430173951464 30.816429129922927
 202.81144188527307 30.816305467373287
 206.01224925296455 30.816212720461056
 209.25672384258908 30.816119973548826
 212.54535084550145 30.816027226636596
 215.87861545305648 30.815965395361772
 219.2574880479638 30.815903564086952
 222.6819686302234 30.815903564086952
 226.1535127738997 30.816027226636596
 229.6716352876379 30.816243636098466
 233.23779174550248 30.81661462374739
 236.85198214749337 30.817171105220776
 240.51517687632025 30.817913080518625
 244.22834631469266 30.81887146527835
 247.99100527125586 30.82010809077476
 251.8046093200743 30.821684788282692
 255.66964365250274 30.823539726527315
 259.5870786512508 30.82567290550863
 263.55691431631857 30.827744253215123
 267.5796358390607 30.829506444547516
 271.6566987935418 30.830712154406516
 275.7885883711166 30.83139229842955
 279.97578976313986 30.83167053916624
 284.2187881609664 30.831763286078473
 288.51806875595116 30.831917864265524
 292.87557231351326 30.832134273727398
 297.2903284509432 30.83235068318927
 301.76427793366 30.832474345738913
 306.29742076166394 30.8324434301015
 310.8912125090192 30.832165189364805
 315.5451679843712 30.83148504534178
 320.26122795313904 30.830186588570545
 325.0393924153227 30.82830073468851
 329.88111694498673 30.826198471344604
 334.7859163507762 30.824250786187754
 339.75573139811047 30.822364932305717
 344.7910472783442 30.820324500236637
 349.8923491828324 30.81816040561791
 355.0606074942845 30.816119973548826
 360.2963074040554 30.814326866579023
 365.6004192948548 30.812904747258145
 370.9739135493922 30.812008193773245
 376.4172753590225 30.8115753748495
 381.93147510645525 30.811266218475392
 387.51748317440007 30.81101889337611
 393.1757847542118 30.811142555925752
 398.90735022860014 30.81197727813583
 404.7131499802746 30.81364672255599
 410.59366920059 30.816119973548826
 416.549878272256 30.81918062165245
 422.5827475779822 30.822210354118667
 428.6932475004784 30.824776352023726
 434.8818632310991 30.826724037180583
 441.1500503439089 30.827806084489946
 447.4978088389078 30.828207987776278
 453.92659429016027 30.828207987776278
 460.4373770803758 30.827620590665482
 467.0306424009093 30.826414880806475
 473.70736063447043 30.824776352023726
 480.4685021637688 30.822890498141696
 487.3164929455783 30.821406547545998
 494.2498774058347 30.821035559897073
 501.26574439640905 30.821993944656796
 508.37379774439756 30.82357064216472
 515.5740374498002 30.825363749134524
 522.8616115990691 30.827744253215123
 530.236520192204 30.83142321406696
 537.7084670563012 30.836184222228155
 545.2677483642643 30.841068892938996
 552.9240679431899 30.845211588351983
 560.6774257930776 30.847653923707405
 568.5229700003797 30.848581392829715
 576.465552478644 30.84901421175346
 584.5051732278707 30.84892146484123
 592.6418322480596 30.848457730280074
 600.8803814527589 30.84821040518079
 609.2159689284206 30.847035610959196
 617.6534465885926 30.844129541042623
 626.1976663468232 30.840636074015247
 634.838924376016 30.83825556993465
 643.5869245032674 30.83816282302242
 652.4416667285775 30.838657473220987
 661.4031510519459 30.839059376507322
 670.4665255598248 30.8404814958282
 679.6414940793104 30.84310932500808
 688.9280566104026 30.84654096076063
 698.3213612395532 30.850158090337647
 707.8214079667624 30.851951197307447
 717.4379006191265 30.851209222009597
 727.1708391966453 30.84904512739087
 737.0105198722226 30.844778769428242
 746.9714983865027 30.839152123419552
 757.0440709123895 30.8363078847778
 767.2330893634311 30.83559682511736
 777.5434056531757 30.833772802510147
 787.9701678680748 30.83157779225401
 798.5133760081288 30.829691938371976
 809.1827339004338 30.82817707213887
 819.9685377178936 30.827558759390662
 830.8804912876043 30.82415803927552
 841.9137426960178 30.81905695910281
 853.0731438566825 30.817109273945952
 864.3586947695981 30.816243636098466
 875.7703954347645 30.815996310999182
 887.303393938634 30.818098574343086
 898.9722460218507 30.823756135989186
 910.7672478573184 30.8306503231317
 922.688399445037 30.834514777807996
 934.7454046121028 30.834607524720226
 946.9334114449679 30.833401814861222
 959.2524199436319 30.83179420171588
 971.7072820216433 30.832690755200783
 984.2931457654536 30.838317401209473
 997.0148630886113 30.84632455129876
 1009.8772859046642 30.856990446205334
 1022.8707103865164 30.868645641509048
 1036.0048403612636 30.878260404743674
 1049.2748239153584 30.885494663897703
 1062.6855129623484 30.891894200841648
 1076.2417594157816 30.896686124640254
 1089.9338594485625 30.897520846850338
 1103.7666649742384 30.892914416876188
 1117.7450279063578 30.886174807920728
 1131.8640963313726 30.881228305935068
 1146.1238702492826 30.87792033273216
 1160.5340534871843 30.875694406838612
 1175.0897941315295 30.874550528254428
 1189.78624026877 30.874148624968093
 1204.633095726002 30.874210456242913
 1219.6255085896773 30.874581443891838
 1234.7683307733446 30.875107009727817
 1250.0567103634548 30.875756238113432
 1265.500351187105 30.87646729777387
 1281.0846975036507 30.87720927307172
 1296.8243050537358 30.877982164006976
 1312.7143219238126 30.87875505494224
 1328.7547481138809 30.87958977715232
 1344.9504355374888 30.880393583724988
 1361.2916803675403 30.881228305935068
 1377.7930383446796 30.88209394378256
 1394.4399537282623 30.88292866599264
 1411.2469822589328 30.88379430384013
 1428.2044201095948 30.884659941687623
 1445.3171191937965 30.88552557953511
 1462.5802275979897 30.886391217382602
