 0.0010576173352522145 2.452315914607731
 0.0031880988302419866 2.449341394548417
 0.005349282596658345 2.4486993576886213
 0.007541643830095283 2.450406220996375
 0.009765588185328161 2.454289644998404
 0.012021579267814537 2.4601432330635475
 0.014310080683011962 2.4676778348040904
 0.016631556036377993 2.4766183984743817
 0.018986497908711285 2.4866839163972188
 0.02137534093012829 2.497624721728609
 0.02379860665676876 2.509222870562297
 0.026256758694090252 2.5212850430168645
 0.028750318598232516 2.533649469022295
 0.031279749974653104 2.546185434454305
 0.03384580618222055 2.5587717110250123
 0.036448371319570454 2.5713241751279745
 0.03908889415375767 2.583746505213031
 0.041767084931371254 2.595964858701459
 0.044483812912644104 2.6079135898226893
 0.04723994735780913 2.6195350001364868
 0.05003548826686634 2.630779093463631
 0.052871304900048655 2.6416168684257184
 0.055747976764178 2.6520061446725767
 0.05866579361266537 2.6619454612387283
 0.06162591445915464 2.671413086607032
 0.06462833930364581 2.680414019034864
 0.0676739374063718 2.6889529451144063
 0.07076328827415455 2.697021003093447
 0.07389726116722697 2.7046025876727366
 0.07707614583900006 2.7116754225856377
 0.08030081154970671 2.7182369058396505
 0.08357154805275789 2.7242644973912027
 0.0868895143617975 2.7297748249366314
 0.0902550002302365 2.734777548739386
 0.09366887491830782 2.7393080637025946
 0.09713171793283339 2.7434077874243545
 0.10064439853404614 2.747124178152399
 0.104207496228768 2.75049127094763
 0.10782159052382091 2.7535492814041036
 0.11148755067943782 2.7562992382677423
 0.11520624595585162 2.7587614930032927
 0.11897825585988424 2.760936815345168
 0.12280444965176861 2.7628194158398682
 0.1266854068383267 2.7644098925300593
 0.13062199667979135 2.7657022889262612
 0.13461508843639558 2.7667163971320363
 0.13866526161496126 2.7674718921672556
 0.1427736752291323 2.7679754409652615
 0.1469406190323197 2.768246544686393
 0.15116754179157824 2.7683239980160175
 0.15545502301372996 2.7682529992132987
 0.15980393195900766 2.7680722667708437
 0.16421484813423343 2.7678011459793415
 0.16868922030646202 2.767478348500866
 0.1732273382291044 2.76710385625033
 0.17783065066921552 2.76665827358419
 0.18249973713361725 2.7661028091990127
 0.18723546688254253 2.7653792464521905
 0.19203899892963525 2.764422819484855
 0.1969112025351283 2.7631556904698233
 0.2018532367126656 2.7614997891629045
 0.20686568096906907 2.759415564805341
 0.2119499840713936 2.756876121457822
 0.21710672552646107 2.753873711589646
 0.22233706434791545 2.7504003226376583
 0.22764215954940056 2.7464671791553
 0.23302288039114938 2.7420592704479967
 0.23848067564021672 2.7371416636258665
 0.24401612480342452 2.73163965562071
 0.2496303868944167 2.7255103731131447
 0.2553249106802481 2.7187232853268943
 0.2611005654211516 2.7112932226724142
 0.2669587998841822 2.703267761288478
 0.2729001935761617 2.6947277809129306
 0.27892648501755596 2.6857082909779884
 0.28503825371518693 2.6762445021232977
 0.2912369484361095 2.6663785917181047
 0.29752459745420046 2.6561060788135413
 0.3039020700296927 2.6454424893037936
 0.31036936616258626 2.634396639128964
 0.31692938338699084 2.6229841350047174
 0.3235821217029064 2.611213854873204
 0.330327581110333 2.5990809380317463
 0.33717155667749005 2.5865457418601188
 0.34411115087026783 2.5736509866652177
 0.3511521587568858 2.5604749808478178
 0.35828878526912455 2.547055450279926
 0.3655297230093132 2.533416736516727
 0.3728720744433419 2.5195623717661877
 0.3803187371053206 2.5054317264674175
 0.38787260852935895 2.490934023082139
 0.39553368871545685 2.475940135796194
 0.40330197766361436 2.460324798541872
 0.41118037290794124 2.4439883707468457
 0.4191688744484375 2.4268426663611575
 0.42727327735332243 2.4088036465698104
 0.43549068408848646 2.3898286531174695
 0.44382399218803925 2.3699555189397157
 0.4522760991860905 2.34931356547143
 0.4608470050826403 2.3280818961849397
 0.46953960741179823 2.3063604343943735
 0.4783539061735645 2.284236897566407
 0.48729279890204863 2.261786386525932
 0.49635918313136046 2.2390389663819685
 0.5055530588614999 2.2159129244951807
 0.5148773236265767 2.1923147792516446
 0.5243290798924811 2.168179671338708
 0.5339170202615424 2.1433810942713847
 0.5436411447337605 2.1177691902723628
 0.5535014533091355 2.091262814247744
 0.5634979459876671 2.0639227336757457
 0.5736393153716847 2.035864564135088
 0.5839197663929689 2.007245132563091
 0.594345094119739 1.9780491101488447
 0.604918196086105 1.9480671430119678
 0.6156390722920664 1.9172250819409975
 0.6265106202717334 1.8857166699073353
 0.6375357375592154 1.8537633659857151
 0.6487144241545126 1.8215889554905884
 0.6600495775917347 1.7895150296821274
 0.6715411978708815 1.7576477333224807
 0.6831979775942825 1.725790421371512
 0.6950141216937179 1.6937105299801944
 0.7069983227715171 1.661262878231265
 0.7191476832935702 1.6284145100933918
 0.7314679983280967 1.5951675532090224
 0.7439592678750968 1.561434756034733
 0.7566272870027897 1.5271160645135322
 0.7694691581770657 1.492343474279597
 0.7824906764661445 1.457345660911743
 0.7956947394041355 1.4222291210318756
 0.8090813469910387 1.3870118895461614
 0.8226562942950738 1.351704602400834
 0.836416683782131 1.3162606470723688
 0.8503712080545393 1.2806184484985237
 0.864516969578189 1.244748058454015
 0.8788597634212997 1.208638029971485
 0.8934024871179811 1.1723622390698631
 0.9081480382023427 1.1360479383598403
 0.9230935191402752 1.0996718150772309
 0.9382505200682169 1.063135091274267
 0.9536132459179488 1.026453691086029
 0.9691903892917999 0.9896855507185218
 0.9849819501897702 0.9528431313452073
 1.0009937236800792 0.9159740410096581
 1.0172228122286173 0.8791704491378558
 1.0336779084377135 0.8425066868916616
 1.0503590123073676 0.8061459178818255
 1.0672690213716896 0.7702493751982102
 1.0844108331647893 0.734892383502409
 1.1017902427548856 0.7000852287890613
 1.1194072501419792 0.6658524199050829
 1.1372647528601794 0.6321685525761205
 1.1553685459777059 0.5990277971725853
 1.1737186294945585 0.5664049825853261
 1.1923236960130663 0.5345350485100087
 1.21117795046501 0.5037135155387834
 1.2302929829868283 0.47393681791070474
 1.2496687935785216 0.4451159972185283
 1.269308279774199 0.41731979990947865
 1.289214339107971 0.3907363021861691
 1.3093927666480563 0.36564281690594824
 1.3298435623944553 0.3422350650432272
 1.3505754189494972 0.3205618339361332
 1.371585438779072 0.3005400104105175
 1.3928823144855091 0.28203097796576626
 1.4144660460688085 0.2648729723006882
 1.4363424285971895 0.24897071191943607
 1.4585172571388716 0.23428628369763332
 1.480987634159745 0.22080614115696154
 1.503762252262139 0.20850335069200152
 1.5268440089801631 0.19732014752822807
 1.550238699382037 0.18717170525615415
 1.5739463234677606 0.17796720163810387
 1.5979697787714435 0.1696320566850065
 1.622317757895415 0.16208522748885457
 1.646993158373785 0.15522025876162035
 1.6719988777406627 0.14893088398161927
 1.6973378135301582 0.14312809931889392
 1.7230128632763813 0.1377457761450312
 1.7490356171157706 0.13274515054366445
 1.775400279980107 0.12811234269973848
 1.8021184420058287 0.12384780087240572
 1.8291901031929365 0.11995386146039975
 1.856623956143759 0.11642090157698132
 1.884417103324187 0.11322827108422288
 1.912581134870659 0.11034705938652715
 1.9411160507831748 0.10773011563856871
 1.9700305436640642 0.10531419477526462
 1.999321715979217 0.10304305083421822
 2.029001157865072 0.10089759681768033
 2.0590717668557392 0.09889450613684125
 2.0895364404853285 0.0970317310625346
 2.120400973822058 0.09526668459593869
 2.1516682644000396 0.09354799437812378
 2.1833441072874913 0.09181503675913706
 2.215434297552633 0.0899931595295911
 2.2479417327295743 0.08808982736012688
 2.2808722078865347 0.08623380196133446
 2.314231518091733 0.08459839582917325
 2.34802256087928 0.08340468232381734
 2.3822511313173944 0.08286974967200655
 2.416923024474296 0.08311131466397005
 2.4520411378840943 0.08405107862733403
 2.487611266615009 0.08536854022069114
 2.523639205735259 0.08660472308875644
 2.5601307503130646 0.08732710935034918
 2.5970887978825345 0.08730316704284737
 2.6345220410459986 0.08650067847539891
 2.6724304798034564 0.0849852865372844
 2.7108228067572377 0.0829025162734039
 2.7497048169755614 0.0804255293779635
 2.789079407992537 0.07779196627854944
 2.828952374876385 0.07540069998338902
 2.869329512695324 0.07360609296595738
 2.9102253091199026 0.0726131093196199
 2.951631071547792 0.07259071370294924
 2.9935294147743337 0.07354076472389758
 3.0359782894817213 0.07500844133699253
 3.0789776956699564 0.07628205561190879
 3.122498657997941 0.07661464353448943
 3.166541176465675 0.07534902270233028
 3.2111632017553524 0.07273038891369023
 3.2563067831847796 0.07020451455468224
 3.302029871436151 0.06885693123502663
 3.3483324665094654 0.06850207133508847
 3.395185593063627 0.06884940558953555
 3.4426182264397327 0.0699584814055701
 3.4906303666377823 0.07182336650479937
 3.5392220136577754 0.07429326107945255
 3.5884221428408094 0.07715218584943205
 3.638201778845788 0.08023089944725059
 3.6885898970138067 0.08359940385632039
 3.7396154726859647 0.08797819711405047
 3.791220555180065 0.09386147447143893
 3.8434630951783046 0.09973916706785838
 3.896343092680683 0.10269148797752302
 3.949860547687199 0.10189726420035629
 4.003986484856756 0.0992557379754168
 4.058778854871549 0.09667734463559328
 4.114237657731577 0.09471536563080499
 4.170333918095743 0.09356040860701709
 4.227067635964047 0.09308308919419823
 4.2844967620186845 0.09271630883251378
 4.342621296259654 0.09183002018646975
 4.401383288004762 0.08961273633966935
 4.4608696632773 0.08623960339828911
 4.5210224713950735 0.08331572965022892
 4.58187068769918 0.08171529743886974
 4.643443287530716 0.08116306807347506
 4.705711295548584 0.08103572365700057
 4.768674711752785 0.08137127947654377
 4.832391486825514 0.0817023955700936
 4.896803670084574 0.08074016614624428
 4.961969212212162 0.07800436575501757
 5.027859137867179 0.074889718921497
 5.094502422390724 0.07216932341756058
 5.161899065782795 0.06923810619093507
 5.230049068043394 0.0663963282478035
 5.298923453831423 0.06360317711377628
 5.368609149170172 0.06022109254316791
 5.43904820337745 0.056618632744403645
 5.510240616453253 0.05429435842387133
 5.582244339079779 0.053712569100368576
 5.6550303959159285 0.05367679679987802
 5.728598786961702 0.05382674792424747
 5.802978487558198 0.05402773304021718
 5.878140522364317 0.05220360806536682
 5.954113866721158 0.04893161072249793
 6.030927495969817 0.045949378472242945
 6.108523459428102 0.04447879180746627
 6.186959707778203 0.04405554097725167
 6.266207265679028 0.04328250961391428
 6.346295108471669 0.041297323005143764
 6.427252211497227 0.038728779687989795
 6.509020624073507 0.03891641984388129
 6.591629321541605 0.04074655036034165
 6.675107279242619 0.040035173690218084
 6.7594255218354515 0.03738640764553631
 6.844584049320103 0.03424965321376879
 6.930640812378767 0.030648702514051336
 7.017566835670347 0.02614345931229305
 7.105333143853746 0.021041416805868657
 7.193997687611158 0.01673277443559464
 7.283531491601484 0.01360898646968686
 7.373963531165826 0.011299622093176979
 7.465264830963081 0.009237148015937979
 7.557493341675447 0.007298299131554041
 7.650562137279633 0.005904717059950276
 7.744558143798927 0.004920300991879921
 7.839452385892236 0.004099382095799687
 7.935244863559557 0.003423655626056975
 8.031964552141988 0.002882136976429437
 8.129553500957336 0.002446728420426324
 8.228098636028891 0.002091912057218438
 8.32751303133336 0.0017986596020461198
 8.427883612894037 0.00155328656587084
 8.529152430028727 0.0013458877667063278
 8.631348458078529 0.0011691450634126145
 8.734442721702342 0.0010175390194018118
 8.838493171582364 0.0008868194247247523
 8.9434418570364 0.0007736449416122831
 9.04934672874664 0.0006753484819287852
 9.156149836030895 0.0005897641030869286
 9.263909129571356 0.0005151080813587563
 9.372566658685832 0.00044989610275741757
 9.482180374056513 0.0003928778388180966
 9.592721300342307 0.0003429917807126037
 9.704189437543208 0.00029932950538975796
 9.816584785659222 0.0002611076997366487
 9.929936320031441 0.00022764954523911331
 10.044186089977675 0.0001983659687042685
 10.159392046180116 0.000172743168503458
 10.27549623795657 0.0001503327735412701
 10.392556615989232 0.0001307410101193666
 10.510544204937002 0.00011362240781142874
 10.629459004799882 0.00009867365563581618
 10.749272040236777 0.00008562809779573825
 10.87004126192988 0.00007425092050885472
 10.991708719196994 0.00006433610224682279
 11.114303387379218 0.00005570167261178384
 11.237825266476554 0.00004818819931746277
 11.362274356489 0.00004165518401117169
 11.487592706734361 0.00003597911217077897
 11.613838267894833 0.000031051579176401
 11.741011039970413 0.000026777329307382918
 11.869053072278911 0.0000230728216221746
 11.998022315502517 0.00001986477022491739
 12.127860818959041 0.000017088938382532567
 12.258597557989578 0.000014689116561172274
 12.39020355725303 0.00001261610909691776
 12.522707792090495 0.000010826929279344526
 12.656081287160877 0.000009284014132127536
 12.790324042464173 0.00000795460569118265
 12.925436058000384 0.000006810103727755813
 13.061388358428417 0.000005825638319655745
 13.198209919089363 0.000004979543416312185
 13.335871764642128 0.000004252979836366392
 13.474373895086712 0.000003629584913541981
 13.613716310423115 0.000003095158255492015
 13.753899010651336 0.000002637379241931766
 13.894864045089182 0.0000022455890233674516
 14.036669364418845 0.0000019105406060512513
 14.179257017958134 0.0000016242528174094709
 14.322627005707048 0.0000013798333953885914
 14.466808303006681 0.000001171326931367627
 14.61177193451594 9.935973345138555E-7
 14.757488924893723 8.422224539600881E-7
 14.903959274140037 7.133986502030725E-7
 15.051211957595974 6.038494605815959E-7
 15.19918902457934 5.107649510075005E-7
 15.347890475090136 4.317305736196141E-7
 15.497316309128362 3.646764233136598E-7
 15.64743755135292 3.0782961452644935E-7
 15.79828317710491 2.5967149854204765E-7
 15.949795235702132 2.1890441205540162E-7
 16.102002702485688 1.8441935272655838E-7
 16.25487660211448 1.5526859835085E-7
 16.40841693458851 1.306446256449813E-7
 16.562565749225577 1.0985858958038953E-7
 16.71738099670788 9.232465737493679E-8
 16.872804726353223 7.754373881157106E-8
 17.028807962820515 6.509179729809536E-8
 17.18544865679194 5.4608913126331104E-8
 17.342639882244217 4.578908417731253E-8
 17.50041061451843 3.837324178865523E-8
 17.658731878273496 3.214168421695369E-8
 17.817603673509407 2.6908460666380106E-8
 17.97696804954397 2.251612213437893E-8
 18.13688295705938 1.8831793709862807E-8
 18.29729044537344 1.5743010703872826E-8
 18.45816153914506 1.3154961737727316E-8
 18.61952521371533 1.0987615363217616E-8
 18.781352493743153 9.173560321430128E-9
 18.94358542854634 7.655958483033509E-9
 19.106252993465983 6.387005809409433E-9
 19.269355188502086 5.326481235212036E-9
 19.43283406297245 4.440586114043996E-9
 19.59668961687708 3.7009096894669043E-9
 19.76092185021597 3.083614210296482E-9
 19.92547281230693 2.5687031232999554E-9
 20.090371478491058 2.1394093634205922E-9
 20.255588873427254 1.7816758578086186E-9
 20.421124997115516 1.4837533080209384E-9
 20.58692189887366 1.2358017610736209E-9
 20.752979578701673 1.0295995837110257E-9
 20.91926906125847 8.58281841703252E-10
 21.085819321885136 7.161209593758708E-10
 21.252572409899482 5.983533068500152E-10
 21.41952832530151 5.010121711398033E-10
 21.58668706809122 4.2081262617674277E-10
 21.753990687586413 3.5503992837388523E-10
 21.92143918378709 3.014630734492951E-10
 22.08900358135216 2.582619042580926E-10
 22.256712855622716 2.2396852607640354E-10
 22.424509055916563 1.9742063470977615E-10
 22.592363206892603 1.7772236066768776E-10
 22.760304283891937 1.6421718442920534E-10
