 0. -0.
 0.0016988879517398905 1.29908E-10
 0.00889220474529743 2.1086E-9
 0.019327962405125184 9.66421E-9
 0.0323571007900642 2.83988E-8
 0.047680844178669385 6.59079E-8
 0.06512690753102525 1.31818E-7
 0.08458592822262664 2.37734E-7
 0.105985213681243 3.97074E-7
 0.12927523544813574 6.24809E-7
 0.15442267108168692 9.3709E-7
 0.18140592141638495 0.00000135079
 0.2102104955452869 0.00000188295
 0.24082955921246155 0.0000025502
 0.27326112283091164 0.00000336815
 0.3075072790598428 0.00000435072
 0.34356687165490024 0.0000055095
 0.38145446815985967 0.0000068532
 0.42116972971663136 0.00000838703
 0.462725060916908 0.0000101123
 0.5061339530381542 0.000012026
 0.5513993255342775 0.0000141206
 0.5985357447991924 0.0000163842
 0.6475528423239071 0.0000188005
 0.698456248578042 0.0000213494
 0.7512629911240181 0.0000240073
 0.8059745233009153 0.000026748
 0.862599626918624 0.0000295435
 0.921145226557403 0.0000323646
 0.9816186055976363 0.0000351823
 1.0440188073630072 0.0000379681
 1.1083496114934959 0.0000406951
 1.1746059280035048 0.0000433382
 1.242789132689372 0.0000458749
 1.3128893209410968 0.0000482847
 1.3848974612044496 0.0000505497
 1.4588008812197362 0.000052655
 1.534586935451942 0.0000545887
 1.6122302045260366 0.0000563426
 1.691707643653829 0.0000579122
 1.7729930012858304 0.0000592967
 1.8560531558458009 0.0000604982
 1.94085109258306 0.000061521
 2.0273469913470983 0.0000623703
 2.11549254456951 0.0000630515
 2.205237349822884 0.0000635696
 2.296531184773567 0.0000639284
 2.389313137777156 0.0000641302
 2.4835276487111893 0.0000641743
 2.5791056151078187 0.0000640569
 2.6759919152059637 0.00006368476575463672
 2.7741178756717138 0.0000633073
 2.873420172593522 0.0000626555
 2.9738290631343722 0.0000618065
 3.075296406156165 0.0000607548
 3.1777508622244452 0.0000594999
 3.281147237389088 0.0000580472
 3.3854320451204925 0.0000564063
 3.490559949464064 0.0000545901
 3.596494361653056 0.000052613
 3.7032030786571464 0.0000504914
 3.810666225543153 0.0000482434
 3.918858649040741 0.0000458889
 4.027782142969687 0.0000434492
 4.137431591406319 0.0000409455
 4.2478146463171305 0.0000383982
 4.358954392973626 0.000035826
 4.470871630978345 0.0000332481
 4.5836064376036765 0.0000306861
 4.697186324726728 0.0000281666
 4.81165918874563 0.0000257192
 4.927078605138193 0.0000233735
 5.043497026563355 0.0000211527
 5.160975926190797 0.0000190703
 5.279565270498849 0.0000171306
 5.3993402829800985 0.0000153318
 5.520353830263994 0.00001367
 5.642681023212868 0.0000121412
 5.7663936066441925 0.0000107421
 5.89155693871959 0.00000946987
 6.018203771638341 0.00000832189
 6.146426909818111 0.00000729494
 6.276260719585243 0.00000638434
 6.40773038108371 0.00000558351
 6.540979547974188 0.00000488392
 6.675966318471322 0.00000427579
 6.812829313206295 0.00000374905
 6.9514708847369056 0.00000329423
 7.0920724166073565 0.00000290321
 7.234591705752826 0.00000256996
 7.379096611717049 0.00000229073
 7.525656078962806 0.00000206313
 7.674276258865909 0.000001885
 7.824963863655986 0.00000175479
 7.977786407249127 0.00000167345
 8.132752019078755 0.0000016730429528267915
 8.289977737380193 0.0000017160268035179798
 8.449416516496502 0.00000175961
 8.611125777524407 0.00000190837
 8.77516737696354 0.00000212328
 8.941542836479952 0.0000024440080261832843
 9.110305369655205 0.00000276929
 9.281456326217722 0.00000319934
 9.455039087104916 0.00000368549
 9.631115335154576 0.00000420773
 9.809676147567384 0.00000474579
 9.990773133137207 0.00000528114
 10.174355297807326 0.00000579736
 10.360581335899596 0.00000628244
 10.549461682107315 0.00000673146
 10.740996758965514 0.00000714542
 10.93518151426517 0.0000075283
 11.13219036291997 0.00000788592
 11.331905613040401 0.00000822533
 11.534439879363308 0.00000854954
 11.73983778108127 0.00000884877
 11.948098852379523 0.00000909886
 12.159297130684273 0.00000927169
 12.373495520804868 0.00000934906
 12.590720070284796 0.00000933429
 12.811042002980257 0.00000925472
 13.034470722026823 0.00000914497
 13.261171590927972 0.00000902263
 13.491008117128974 0.00000888446
 13.724136992369429 0.00000872958
 13.960482038990516 0.00000857401
 14.200141521736755 0.00000841985
 14.443100236599808 0.00000822756
 14.689469190996114 0.00000795349
 14.939190588296476 0.0000075857
 15.19239817408924 0.00000714528
 15.449163195801196 0.00000669605
 15.70949379767688 0.00000629537
 15.973519173310368 0.00000594607
 16.241176419546967 0.00000564116
 16.512627176525275 0.00000538017
 16.78780751165917 0.000005166
 17.066813199166777 0.00000498555
 17.34967394127489 0.00000479074
 17.636461852796195 0.00000456348
 17.927128637181962 0.00000432927
 18.221898791160903 0.00000416299
 18.52064988881239 0.0000042309308746956355
 18.82354024427395 0.00000429982
 19.13054912872593 0.00000450696
 19.441718418647557 0.00000460162
 19.75697600277767 0.00000448657
 20.076484118504386 0.00000417165
 20.400327885801662 0.00000367608
 20.72861293260664 0.00000307083
 21.061384898975824 0.0000024381248732583475
 21.39874502265713 0.00000179665
 21.740681288809682 0.00000120748
 22.087303572463707 6.08406E-7
 22.438781499451284 -6.04656E-8
 22.79515292069245 -7.69912E-7
 23.156568820229968 -0.00000143498
 23.5228857163919 -0.00000192204
 23.894247819721496 -0.0000020170221002710027
 24.270593346431856 -0.000001981542462356989
 24.651925278602942 -0.00000194558
 25.038280992679443 -0.00000156895
 25.429778637943453 -0.0000010003
 25.826450274992972 -3.02176E-7
 26.228512151803937 4.09924E-7
 26.635945230307335 0.0000010088
 27.04902568723002 0.00000166526
 27.467785071968397 0.00000257984
 27.892257561222763 0.00000356982
 28.322529027078822 0.00000419468
 28.75864444330955 0.00000426169
 29.200909310106372 0.00000381387
 29.649391196115218 0.00000304999
 30.104108724642384 0.00000225104
 30.564992451842958 0.00000156573
 31.03208686500297 0.00000101869
 31.50545350316089 9.22544462320468E-7
 31.984954676115414 0.0000011513954665709584
 32.47047348639225 0.00000138331
 32.9622129348492 0.00000202537
 33.46068706047956 0.00000222456
 33.966334665365025 0.00000223982
 34.47907960502684 0.00000249162
 34.999062243924214 0.00000313237
 35.52594312458457 0.00000424143
 36.059296098956715 0.00000526186
 36.5989105927718 0.00000541004
 37.145053538864964 0.00000479335
 37.697845798439126 0.00000418953
 38.25758524782993 0.00000402411
 38.824353174731726 0.00000371376
 39.398659116393034 0.00000307249
 39.980841088393014 0.00000224632
 40.57090836249525 8.71283E-7
 41.16865516778562 -8.49263E-7
 41.77419786451602 -0.00000274151
 42.38811616492951 -0.00000483042
 43.01060790925525 -0.00000700033
 43.64175342334061 -0.00000853296
 44.28133497578226 -0.000006652265612378701
 44.92933978513793 -0.00000474708
 45.58550850098861 -0.00000985334
 46.250036523282844 -0.0000108665
 46.923594500043414 -0.0000123308
 47.6057801845884 -0.0000138915
 48.29638974439297 -0.0000167568
 48.9961091684588 -0.0000203013
 49.70461240093333 -0.000020041113097163596
 50.421718812556726 -0.0000197776
 51.14806432646381 -0.0000178379
 51.884091650596275 -0.0000176287
 52.63030584450681 -0.00001749540010124114
 53.38690692035389 -0.0000173604
 54.15423236712325 -0.0000175761
 54.93288326044114 -0.0000176868
 55.72270563665251 -0.000017488821551570466
 56.522650223262325 -0.0000172883
 57.33137011419691 -0.0000154553
 58.14812673004218 -0.0000120018
 58.974036834002796 -0.00000804042
 59.81043979681409 -0.00000557635
 60.65715789177945 -0.00000482891
 61.51478286937756 -0.0000058145
 62.385720673673575 -0.0000074743
 63.264183625453995 -0.000007577840427295917
 64.14958065333171 -0.000006196146197361097
 65.04475502223906 -0.00000479694
 65.95225149148328 -0.00000256489
 66.87280460858324 -0.0000017131
 67.80584682412568 0.00000133051
 68.74819638198808 0.00000334755
 69.69768332365352 -0.00000139005
 70.6568746928207 -0.00000749605
 71.63036096322924 -0.0000118909
 72.62077653688367 -0.0000130539
 73.6236860642607 -0.0000132607
 74.63731427847955 -0.000013882506394707825
 75.65988723685442 -0.000012112571299298828
 76.69429777458477 -0.0000103213
 77.74432466264031 -0.0000119832
 78.81026566194785 -0.0000160336
 79.89220302221376 -0.0000207171
 80.98657517080105 -0.0000266211
 82.08980570278725 -0.000027942302741116743
 83.20104062148658 -0.00002521874114811439
 84.31996989348198 -0.0000224622
 85.45328036990502 -0.0000169801
 86.6096456789953 -0.0000109806
 87.78228580884296 -0.00000715929
 88.97225299655223 -0.00000353302
 90.17533923789681 0.00000435421
 91.38947487367925 0.0000104808
 92.61798776768507 0.0000111921
 93.86067296646345 0.00000935277
 95.10619632408596 0.000008817803459302325
 96.36832635994035 0.00000827658
 97.6408144333834 0.00000525981
 98.92556316062156 -3.88241E-7
 100.22228136067818 -0.00000497722
 101.53386966804163 -0.00000785829
 102.86576134349221 -0.00000825144
 104.21859251037658 -0.0000106524
 105.58546776112365 -0.0000156438
 106.95677026865191 -0.0000195983
 108.34196619327 -0.000019293157714628778
 109.75429094824149 -0.0000189847
 111.19895469354908 -0.0000165925
 112.65285699319722 -0.0000155267
 114.13918336841094 -0.0000124477
 115.63657320017124 -0.00000891496
 117.15137469368482 -0.00000815377
 118.69097987505805 -0.0000131738
 120.24748774188079 -0.000015231706964351332
 121.79928001290895 -0.000014992521558368262
 123.34242275311901 -0.0000147508
 124.89724318765501 -0.00001069
 126.47007528836767 -0.00000706736
 128.06452621725202 -0.00000430763
 129.68052718172555 -0.00000267514
 131.31585915082172 -0.00000181048
 132.96910926009988 -0.00000130692
 134.64065669655 -9.70456E-7
 136.32949364336 -7.29265E-7
 138.03493433875215 -5.51429E-7
 139.7579751354272 -4.18546E-7
 141.49805850410513 -3.18477E-7
 143.25575282799423 -2.42735E-7
 145.03035566833222 -1.85205E-7
 146.82306661475164 -1.414E-7
 148.6321255861308 -1.0799E-7
 150.45929694391614 -8.24785E-8
 152.30394468644323 -6.29833E-8
 154.16599206047965 -4.80796E-8
 156.0461556695297 -3.66846E-8
 157.94323382059108 -2.79729E-8
 159.8589157030604 -2.13145E-8
 161.79151286025765 -1.62276E-8
 163.7427145052231 -1.23436E-8
 165.7113951143935 -9.37991E-9
 167.69811801483246 -7.12036E-9
 169.70232062003615 -1.54188E-9
 171.72512923354975 -2.314320877582143E-9
 173.76541830025124 -2.3257085622595485E-9
 175.8243141394439 -2.0458261967700195E-9
 177.9006022025427 -1.76357E-9
 179.99558573342313 -1.32897E-9
 182.10805120556063 -1.00012E-9
 184.239124969211 -7.51611E-10
 186.3882444183993 -5.64059E-10
 188.5553156310678 -4.22705E-10
 190.7405264941389 -3.16318E-10
 192.94434717554472 -2.3636E-10
 195.16565204239637 -1.76353E-10
 197.40556749165827 -1.31384E-10
 199.66296787466348 -9.77351E-11
 201.93887861896545 -7.25937E-11
 204.2329379118503 -5.38374E-11
 206.54504628300708 -3.9866E-11
 208.874641075727 -2.94748E-11
 211.22284873368133 -2.17584E-11
 213.58865036486367 -1.60371E-11
 215.97239696570335 -1.18019E-11
 218.37419453620623 -8.67155E-12
 220.79404345441264 -6.36155E-12
 223.23092959956205 -4.65961E-12
 225.68575743996453 -3.40766E-12
 228.15863775538605 -2.48819E-12
 230.64913671682945 -1.81398E-12
 233.15653817400084 -1.32039E-12
 235.6820353852578 -9.59611E-13
 238.22384767287227 -6.96327E-13
 240.78378178231097 -5.04496E-13
 243.36000627288104 -3.64948E-13
 245.95437899568725 -2.63594E-13
 248.56445396103254 -1.90096E-13
 251.19270390042297 -1.36883E-13
 253.836067581358 -9.84164E-14
 256.49763330389925 -7.06528E-14
 259.1755826627613 -5.06454E-14
 261.8686070690196 -3.62497E-14
 264.5793116432489 -2.59075E-14
 267.30640123947296 -1.84889E-14
 270.04875006655675 -1.31754E-14
 272.80612121208827 -9.37542E-15
 275.58010234182717 -6.66189E-15
 278.3693440148116 -4.72704E-15
 281.17440984599244 -3.34945E-15
 283.9947371420315 -2.37004E-15
 286.8297631870624 -1.67473E-15
 289.6794884193501 -1.18181E-15
 292.5444764594392 -2.37974E-16
 295.4236013866298 -3.2477853540384757E-16
 298.3168636222725 -3.070454601105687E-16
 301.22426358770883 -2.89226E-16
 304.14523849946653 -2.02778E-16
 307.080351972418 -1.41993E-16
 310.03002731312966 -9.93082E-17
 312.99174426543624 -6.93717E-17
 315.966474618881 -4.84027E-17
 318.9558125718029 -3.37332E-17
 321.95545936424645 -2.3483E-17
 324.96974454335714 -1.63294E-17
 327.9959483566809 -1.13427E-17
 331.0318540837552 -7.87058E-18
 334.08188155746285 -5.45565E-18
 337.1427026291274 -3.7779E-18
 340.21488106998635 -2.61354E-18
 343.29785408404194 -1.80631E-18
 346.3916221504494 -1.24726E-18
 349.495059113589 -8.60455E-19
 352.61105347512864 -5.93089E-19
 355.73497175441224 -4.08446E-19
 358.8697895122972 -2.81063E-19
 362.014309223367 -1.9326E-19
 365.16614421244753 -1.32777E-19
 368.32780028322856 -9.11612E-20
 371.4998884515314 -6.25455E-20
 374.67871431730083 -4.28769E-20
 377.8649911439359 -2.93848E-20
 381.06062221975264 -2.01133E-20
 384.263736934587 -1.3757E-20
 387.47320891498026 -9.41471E-21
 390.68960209131427 -6.4336E-21
 393.9123534778136 -4.40194E-21
 397.1434461817616 -2.99859E-21
 400.379803067662 -2.04886E-21
 403.6214245825928 -1.39346E-21
 406.8677476198919 -9.54079E-22
 410.12138307410714 -6.44553E-22
 413.37918953134 -4.58092E-22
 416.6411673932421 -2.89635E-22
 419.90941238119217 -2.40051E-22
 423.1807345934553 -1.4049E-22
 426.45726198416196 -8.24789E-23
 429.73633588522983 -6.34976556218132E-23
 433.02068028256474 -4.45E-23
 436.30704041238016 -3.2259E-23
 439.5992373250838 3.40807E-24
 442.89351507350347 -6.37156E-24
 446.19097081499837 -8.34685962742561E-24
 449.496134575132 -1.03225E-23
