 0. 0.
 0.0035070147991312353 0.02085312304313293
 0.010571602228971895 0.06273822214777827
 0.017737997105297255 0.10516428631621548
 0.025007775156799604 0.14818135444895394
 0.032382281517728456 0.19182819132811937
 0.03986305348436897 0.23612966629577978
 0.047451628353006314 0.2810958083161353
 0.05514954341992564 0.3267196031755053
 0.06295843206242993 0.37297236008336054
 0.07087973549578651 0.4198077856907661
 0.07891518317831621 0.46715469644157276
 0.08706631240630416 0.5149162344778532
 0.0953348526380712 0.5629791046833598
 0.10372234116990248 0.6112041650982312
 0.11223127610826136 0.6594389644513641
 0.12086127312907657 0.7075168779827
 0.1296171362832392 0.7552626151835823
 0.1384979047605711 0.8025002751118293
 0.14750646099160689 0.8490562576612884
 0.15664568740688123 0.8947677828952222
 0.16591558400639417 0.9394858897161414
 0.17531903322068035 0.9830721775941152
 0.18485795667009622 1.0254130148472786
 0.19453331516482 1.0664062420682512
 0.20434895194556463 1.1059522398732264
 0.21430486701233006 1.1439484295895208
 0.22440394279565098 1.1802995968939485
 0.23464810091588387 1.2148902575478697
 0.24504022380356336 1.247600066282905
 0.25558127226886773 1.2783164621409693
 0.2662741287423316 1.3069186253765928
 0.2771197540341332 1.3332962723098993
 0.28812199138498545 1.3573403338877656
 0.29928180160506657 1.3789410373495092
 0.31060206712491123 1.397998621789214
 0.3220847095648759 1.4144208186822238
 0.3337326113554952 1.42812988132508
 0.34554769411712566 1.4390542287560486
 0.35753187947012366 1.4471328481552164
 0.3696880498450239 1.4523137168994968
 0.3820190876723611 1.4545645709137567
 0.39452691457249156 1.4538658835704952
 0.4072144129759501 1.450231511013797
 0.4200835045030932 1.4436726513056333
 0.43313707158445536 1.4342102540415018
 0.44637799665057143 1.421897234281115
 0.4598082013217978 1.4068455278216443
 0.4734315288388473 1.3892151723789956
 0.4872489400118983 1.3691624561642035
 0.5012652388918417 1.346836072890951
 0.5154823470990342 1.3223858140666678
 0.5299031470640103 1.2959956179152723
 0.5445295604071265 1.2678897848604704
 0.559366391179274 1.2383405524440343
 0.5744146001906308 1.207637289249213
 0.5896789914920884 1.1760434113601432
 0.6051614867040028 1.1437761386844894
 0.6208649682569091 1.1110251519372738
 0.6367932793915199 1.0780063908043405
 0.65294930253837 1.0449627272438686
 0.6693368809381723 1.0120821367530388
 0.6859579362112832 0.9794212883428788
 0.7028172724085939 0.946965920747082
 0.7199168111504608 0.9146708756677052
 0.7372603956775968 0.8825041288663893
 0.7548518692307147 0.8504132926526767
 0.7726941142403494 0.818320602128576
 0.7907919347573918 0.7861957501875657
 0.8091472524021985 0.7541722650696212
 0.8277639104154824 0.7224576379384967
 0.8466467128481344 0.6911463527371727
 0.8657985421306894 0.660306403594731
 0.8852242023140388 0.630130041939675
 0.9049256150185384 0.6008951401148639
 0.9249085451052579 0.5728544519613757
 0.9451749141945537 0.5461967468763428
 0.9657295263373169 0.5210578203878238
 0.9865791072047952 0.4975261814296808
 1.0077265392275232 0.4756783317517842
 1.0291718224055009 0.45560655653447024
 1.0509245648405106 0.43740518249444676
 1.072984766532552 0.42111914301089354
 1.0953524274816255 0.4067125573951993
 1.1180467638912954 0.3940937302032411
 1.1410581676597795 0.3831455576294284
 1.1644058549906422 0.3737582548924429
 1.188070609680319 0.3658436909756585
 1.2120812560341572 0.3593017425805684
 1.2364281859503736 0.35398708356098596
 1.2611210075307513 0.34971777894624095
 1.286169328877072 0.34629732012774
 1.3115731499893357 0.34349742162006697
 1.337332470867543 0.34111388206173165
 1.3634568996134755 0.33902115885889894
 1.3899464362271332 0.3371597256672492
 1.4168202969120811 0.3355034101962601
 1.4440688735665366 0.334050019436646
 1.471701774292282 0.33280747572920943
 1.4997286071910996 0.3317966275797943
 1.5281493722629893 0.33104473423600406
 1.5569736776097334 0.3305800596512872
 1.586201523231332 0.33041839578509996
 1.6158425172295672 0.33054958808504314
 1.6459062677062215 0.3309349128222732
 1.6763927746612945 0.3315087574887343
 1.707311646196569 0.33219632627677775
 1.738653274210262 0.3329193104013506
 1.770446483007721 0.33360397200599046
 1.8026912725889452 0.3341824070650305
 1.8353876429539357 0.3346041248606693
 1.8685355941026913 0.3348409442203677
 1.9021639503405594 0.33487625651062103
 1.9362534954639758 0.33469311532098234
 1.970823445676504 0.334308192253089
 2.005883409079927 0.3337982070864408
 2.041433385674245 0.3332493325670364
 2.07748298356124 0.3327245622465556
 2.1140418108426937 0.33224641957266493
 2.1511098675186067 0.33177946801795183
 2.1886967616907613 0.3312047700942054
 2.226802493359157 0.33034681438881663
 2.265455886829141 0.3290636720011028
 2.3046377258971487 0.32734365368032126
 2.3443768348685268 0.3253333248836357
 2.3846636056414923 0.3232441151033448
 2.4255172544196113 0.32122994411059397
 2.4669377812028825 0.319366291128625
 2.5089444021948712 0.31774678593204997
 2.551527509293795 0.3165080400111959
 2.594706318703217 0.31575164138868317
 2.6384904385249217 0.31548938857335385
 2.6828798687589077 0.3156753469075581
 2.72789382560874 0.3162741099364357
 2.773522700972636 0.3173150861066615
 2.8197953191559426 0.31884476887440766
 2.8667020720568774 0.3208793717061701
 2.9142621758790055 0.3233375866126843
 2.9624852387241085 0.32597212130516673
 3.0113808686939687 0.3284602234674337
 3.0609394576868048 0.3305469382508787
 3.111199438109744 0.33213303973545316
 3.162141593759223 0.33327167284926534
 3.2137947489405887 0.3340867262132456
 3.2661589036538405 0.33464207956877706
 3.319253274102543 0.3349089497558786
 3.3730682521849147 0.3348500996161604
 3.427632662206302 0.3343920227587604
 3.4829465041667036 0.33337941083151496
 3.539019386167903 0.331691016198609
 3.595860916311683 0.3294281352662075
 3.653490310801607 0.3269715093679231
 3.7119075696376744 0.32484834764975595
 3.7711223009216694 0.3234824817685708
 3.8311537208571553 0.3230476013333605
 3.8920018294441325 0.32345404952088375
 3.9536954509879476 0.3246501069658051
 4.016215369285035 0.32647957568997804
 4.079600016742526 0.3283708775589992
 4.143849393360418 0.32976430752796254
 4.208973107240496 0.3302526744980381
 4.27498076648454 0.32966335899711513
 4.341891587296115 0.32814673905328356
 4.409705569675222 0.32581220357221563
 4.478451537927207 0.3229377726167974
 4.548119883950288 0.3200033132903399
 4.618739432049811 0.3173440683714971
 4.690310182225777 0.31478202327848176
 4.76285135068175 0.3123938803197623
 4.836382153621294 0.31057873726159885
 4.910892982942628 0.3090478189820685
 4.986412662951098 0.30746797516456276
 5.062950801748486 0.3064821531150034
 5.140526615538357 0.3067178399789123
 5.21914010432071 0.308175075400204
 5.298800876197329 0.3104630870109827
 5.379537755473559 0.3137675387552378
 5.461360350251184 0.31815587641928955
 5.5442782686319845 0.3231275765297682
 5.628301118717744 0.3279504921988009
 5.713438508610244 0.33265479362829437
 5.7997288707166135 0.3372376528456733
 5.887152988833289 0.3398340211704734
 5.975749295367398 0.33909865826758273
 6.065517790318942 0.33566392972324327
 6.156487297993266 0.3310182745767548
 6.24864821028859 0.32659223625415507
 6.342038959612041 0.3223106266777421
 6.43665954596362 0.3182921230726877
 6.532538793648674 0.3157072541153656
 6.629667094565419 0.31444236840412476
 6.7280828811209865 0.3140688815561936
 6.827795761417156 0.31426125484555006
 6.928815343555713 0.31505042534311306
 7.031160843740218 0.31710108746007803
 7.1348418700724565 0.32093805446537194
 7.239877638755993 0.3270143676918819
 7.34628736599439 0.33483178857423657
 7.454080659889431 0.34225974554335475
 7.5632767366446805 0.3487672492736306
 7.673894812463702 0.3542319623467058
 7.7859444954482795 0.35909203242559784
 7.8994450018019755 0.3639954988490399
 8.014415547728357 0.3683062039462951
 8.130865741329202 0.3692194814597613
 8.24881479880808 0.36535614913100073
 8.368281936368552 0.3579865919115988
 8.489286370214185 0.3491588096655791
 8.611837708446759 0.3419025560812275
 8.73596477537162 0.3390108242658114
 8.861667570988772 0.3408685729160208
 8.98897491960356 0.34773352720658207
 9.117906037419546 0.35675498933770083
 9.248470532538514 0.36319933170505103
 9.38068762116403 0.3667380236505111
 9.514576519499657 0.36707701241839097
 9.650185268054306 0.3676087370969565
 9.787485042522631 0.36903558268397524
 9.926418194293937 0.3688100332848356
 10.067176885403871 0.3645917835475807
 10.209761115852432 0.3571046812495636
 10.3540748046218 0.3511774108187914
 10.50011795171197 0.34855622686782023
 10.64808271915859 0.347296227030349
 10.797776944926014 0.34849591128226465
 10.949392791049888 0.3586978849553887
 11.102930257530211 0.36803380171506206
 11.258293263349163 0.36638198695217516
 11.415577889524565 0.35811991410599003
 11.574784136056415 0.35349433926426604
 11.735912002944715 0.3534522136826066
 11.899057571207287 0.3560201333703806
 12.064124759826308 0.36173130688800326
 12.231209649819602 0.36407610242059374
 12.40040832220499 0.3600347661907603
 12.571528614946827 0.35842551164707204
 12.744762690080758 0.36203990442144657
 12.920110547606788 0.3741798450067947
 13.097572187524909 0.387628606090501
 13.277051528817303 0.3993154969537008
 13.458740733519615 0.4095946369128839
 13.642639801631843 0.4201508626614326
 13.828652652136164 0.42795038228847954
 14.01677928503258 0.4211357821172658
 14.207211862356738 0.40507034878409065
 14.399950384108635 0.3922725772004761
 14.594802688252626 0.38456828163258866
 14.792057017842177 0.38276016077689956
 14.991521210841647 0.3699186469442283
 15.193291348268856 0.3578042637734381
 15.397463511141629 0.35543164755332673
 15.603941618442137 0.35040336336761174
 15.812725670170389 0.35373584497139005
 16.024007828362024 0.35838763170478216
 16.2375959309814 0.3483915909429432
 16.453682140064156 0.3373622988903908
 16.67217037459248 0.32787837201785064
 16.893156715584183 0.31581127696318756
 17.116641163039272 0.30940896630214315
 17.342623716957746 0.3109381064610715
 17.571008296321786 0.3035429900471169
 17.80208314418485 0.3042289833220594
 18.0356560985113 0.3067763765067965
 18.271727159301136 0.31119152897231783
 18.51048848859 0.32836020776613806
 18.75184400536007 0.3309494695623089
 18.99579370961135 0.3063921157584217
 19.242433682361657 0.2850453403818443
 19.49166784259317 0.2691894511851986
 19.743592271323713 0.2567618717639215
 19.99830304957111 0.24319460615871707
 20.255608015299714 0.2328412024410766
 20.515699330545168 0.22396225552881782
 20.778480914289652 0.20555314922748696
 21.04404884755099 0.18136921009652862
 21.312499211347 0.14878629138023855
 21.58363984364204 0.11507960814708723
 21.857566825453933 0.08695550732294245
 22.1343762378005 0.06535899888039932
 22.413971999663918 0.04988026716259915
 22.696354111044187 0.0396876555193667
 22.981714733976954 0.03241343839923003
 23.269957787444397 0.026858371903963788
 23.56098719042869 0.02246692115012415
 23.854995104965482 0.0189128925977585
 24.151885450036946 0.015993061174773195
 24.45175430666091 0.013570176431859007
 24.754505593819545 0.011545157700694733
 25.060331473548498 0.009843499041760226
 25.36894370279431 0.008407498212488753
 25.680630524610436 0.007191499492207111
 25.995295857979063 0.0061589167402199205
 26.31293970290018 0.005280028147868743
 26.63365814039162 0.00453049199038038
 26.957259008417733 0.003890180493179335
 27.284030550031993 0.003342400644855881
 27.61368452218092 0.0028731847327055924
 27.946509167917995 0.0024708459471542463
 28.282312325207563 0.002125526942306046
 28.621190075067453 0.0018289131706055353
 28.963046336479838 0.0015739588103398684
 29.308073271480367 0.0013546855353826254
 29.656078718033392 0.0011660093309650166
 30.007254838174557 0.0010035998809279781
 30.36140946986822 0.0008637492878894123
 30.718734775150025 0.0007433015804973008
 31.07903859198433 0.0006395452499712326
 31.442513082406773 0.0005501585815750436
 31.80906216539954 0.00047314800925172043
 32.17868584096262 0.000406801922172996
 32.55138410909602 0.0003496463909730657
 32.92725305081756 0.0003004162288304007
 33.30610050409161 0.0002580187681234668
 33.68811863095379 0.00022151354006427748
 34.07311526936847 0.00019009000981858203
 34.46128258137129 0.0001630490594178354
 34.85252448594443 0.00013978670427943545
 35.24684098308789 0.0001197827670447711
 35.64413599178385 0.00010258741740317761
 36.04460167406795 0.00008781296975061957
 36.44804586790455 0.00007512421598031238
 36.85456465431146 0.00006423201295823062
 37.264158033288695 0.00005488666815282129
 37.67682600483625 0.00004687288885690896
 38.092376406918476 0.000040004635997248015
 38.51100140157103 0.00003412140099490674
 38.93270098879389 0.000029085058270142496
 39.357283006551434 0.00002477614586083934
 39.78493961687929 0.00002109192999948856
 40.21547865774183 0.000017943780498547697
 40.64899621015687 0.000015255421064245284
 41.08539619310657 0.000012961206440549663
 41.524774687608776 0.000011004660128349492
 41.96703561264565 0.0000093371530926797
 42.412178968217205 0.000007916974065204159
 42.86020475432343 0.000006708260051942802
 43.311016889946515 0.000005680230598399185
 43.764711456104266 0.000004806479983150122
 44.22119237177887 0.000004064368025096585
 44.680459636970326 0.000003434515196191852
 45.142513251678636 0.0000029002984352030816
 45.6073532159038 0.0000024475272419070515
 46.07478736761016 0.000002064051102039094
 46.54500786883339 0.0000017394948904160318
 47.01782255753781 0.0000014649959273747736
 47.49323143372345 0.0000012329994078468658
 47.97133057840811 0.00000103706206919969
 48.452023910573985 8.716909364160156E-7
 48.93521534920323 7.3221810036654E-7
 49.42090489429587 6.146673974034638E-7
 49.90918862686973 5.156624545608655E-7
 50.39987438488913 4.3233250518592594E-7
 50.8929621683541 3.622454900577992E-7
 51.38845197726464 3.0333371323517195E-7
 51.8862477306029 2.5385051618834506E-7
 52.386445509386746 2.1231313776520639E-7
 52.888853151580484 1.7746860352756598E-7
 53.39356673820198 1.4825729117652667E-7
 53.900490188233384 1.2378417942263705E-7
 54.409623501674716 1.0329322195114112E-7
 54.92077451649031 8.614747871689423E-8
 55.434135394715824 7.180931988204296E-8
 55.9495139743156 5.982619466693605E-8
 56.466814174271846 4.981727474454417E-8
 56.98622815662018 4.146212301723987E-8
 57.50746767830714 3.449148142970561E-8
 58.030628820350536 2.867902877835556E-8
 58.55561550173257 2.383507916405912E-8
 59.08242772245323 1.980039101960501E-8
 59.61087332047687 1.6441507512047706E-8
 60.14114445783915 1.3646673518835586E-8
 60.6730489725044 1.132227077057048E-8
 61.20649078345481 9.390102879805846E-9
 61.74156597170821 7.784744667523868E-9
 62.278178456246756 6.45149602018328E-9
 62.81613607503483 5.344734759167665E-9
 63.35553490909024 4.426403930705666E-9
 63.89637495841298 3.664728211166002E-9
 64.43846406096742 3.0332505039405025E-9
 64.98180221675354 2.5099246534646148E-9
 65.52638942577136 2.0764117310124545E-9
 66.07203352598523 1.7174386585422814E-9
 66.61883059841297 1.4203132150062206E-9
 67.16668456203675 1.1744857817045427E-9
 67.71559541685657 9.711994471790893E-10
 68.26537100083681 8.031821488027982E-10
 68.81601131397746 6.644071541795178E-10
 69.36742027526067 5.498783035874804E-10
 69.91969396570428 4.554613855718248E-10
 70.47264022327266 3.7774088584916965E-10
 71.0262590479658 3.138945286268407E-10
 71.58055043978369 2.616066393820989E-10
 72.13532223669068 2.1897206007804058E-10
 72.6905744386868 1.844409933252733E-10
 73.24621096475421 1.5675823893946013E-10
 73.80232789591072 1.349227192549323E-10
 74.3587330701207 1.1815271309095064E-10
 74.91533040636634 1.0586077089435094E-10
 75.47221598566544 9.763893844428304E-11
 76.02919764598236 9.32373361990013E-11
 76.5862753873171 9.273474956719503E-11
