 0. 0.
 0.005457864685287432 0.
 0.028564597448096172 0.
 0.06208047306111664 0.
 0.10391255854104783 0.
 0.15309962543025674 0.
 0.20904555769010227 0.
 0.2714330840698079 0.
 0.339901404899666 0.
 0.4144043546386613 0.
 0.49456727491555436 0.
 0.5805459563251637 0.
 0.671841280518026 0.
 0.7687732593562518 0.
 0.8707594469329333 0.
 0.9781320601584874 0.
 1.0903411765228839 0.
 1.2075130662029392 0.
 1.3294749897280969 0.
 1.455635421728025 0.
 1.5867669451820883 0.
 1.7209576081721942 0.
 1.8596988726719716 0.
 2.0016622329792253 0.
 2.1466760935280695 0.
 2.2955486246756993 0.
 2.445659879630963 0.
 2.5987664105789583 0.
 2.7544178629438076 0.
 2.9104283033182368 0.
 3.068662408206647 0.
 3.2285558797622134 0.
 3.3879541079894193 0.
 3.5487970761106133 0.
 3.710753393402834 0.
 3.8722854706986714 0.
 4.0343138740282924 0.
 4.197148795190866 0.
 4.360645060191123 0.
 4.523903456217841 0.
 4.687995876570104 0.
 4.853062457349558 0.
 5.019156210795684 0.
 5.186266080784234 0.
 5.354478065904046 0.
 5.524273359300314 0.
 5.695789937533394 0.
 5.869155335751459 0.
 6.044512675838149 0.
 6.221971786306764 0.
 6.401639539219455 0.
 6.583696322435339 0.
 6.768219398681537 0.
 6.955237855255058 0.
 7.144894133070813 0.
 7.337203178123904 0.
 7.532229669255517 0.
 7.7300330552224565 0.
 7.930637410927711 0.
 8.134098173952708 0.
 8.34046762323883 0.
 8.54979485053732 0.
 8.762104401723796 0.
 8.977457641487316 0.
 9.195879115703496 0.
 9.417417916123584 0.
 9.64212313449882 0.
 9.867751346666697 0.0183223088064796
 10.098734597237616 0.01818315154201823
 10.332994732210006 0.018166314981305373
 10.570585627798511 0.018277445116864664
 10.811568490725225 0.01843320373673551
 11.055968923127159 0.018248369790203178
 11.303853036256985 0.018202554765746483
 11.555250613838314 0.018302868627622284
 11.810246922310744 0.01836499387421624
 12.068873147379636 0.018154531114848438
 12.331166974821441 0.01811107396042543
 12.597220041861014 0.01824308088015837
 12.867120509246817 0.018148443459426487
 13.140838633994226 0.018024788486969825
 13.418478092945087 0.018097071586309205
 13.700073070668155 0.01825110955531197
 13.985751593409283 0.018069864415650717
 14.275604649984409 0.018093064969761204
 14.569509635226911 0.018328693352227813
 14.867831019200496 0.018184498893288208
 15.170232088827941 0.01816992019795354
 15.477066961928697 0.018379091381240803
 15.788150426617575 0.018335866491660545
 16.103650410816044 0.01833273029311237
 16.423689290787326 0.018571591208079073
 16.74815781212145 0.018587092295461384
 17.07711757247347 0.01863673791198449
 17.41073187513491 0.01894143605960224
 17.749062393535358 0.018910711250505623
 18.092321407669115 0.018975826727708072
 18.440368876698273 0.019307563284889164
 18.793383978845565 0.019081063911637632
 19.15143521676547 0.01911821121339546
 19.51451294857584 0.01917234988205671
 19.88273943958531 0.018936604764318233
 20.256124379135414 0.019012995555671916
 20.634893799801215 0.018857120670982618
 21.019113182696024 0.01882500996015673
 21.408827893624792 0.01894220156159257
 21.80435100569258 0.01872912170925268
 22.205297449044185 0.018884438037707132
 22.612148947217378 0.018681702277897484
 23.024820079164382 0.01871224198218909
 23.443312708198054 0.018726345078525067
 23.86762873194391 0.01870457163369426
 24.298089689212556 0.01890698283703669
 24.734165097426068 0.018797154039907213
 25.17652508560462 0.01911159334016921
 25.62491527082046 0.018902407254103908
 26.079713706262854 0.019198463480185075
 26.541050410515794 0.019046154467503407
 27.00892061138898 0.0193356148079134
 27.48332489294139 0.01918048487395457
 27.964526351022805 0.019384168798274534
 28.452390685941364 0.019150665784771037
 28.947286899559913 0.019284397838667405
 29.448970177151008 0.01903953780951628
 29.95780955912495 0.019286523792534517
 30.473683008560712 0.019035782095832048
 30.996681990227493 0.019219521325985204
 31.526799343711566 0.01897113597020484
 32.06427327278154 0.01898320310168966
 32.60913627247681 0.01884064754725803
 33.16130311943265 0.018715314584585533
 33.72138557764363 0.018786670806718257
 34.28922111941282 0.01854270746142537
 34.865229816167094 0.01867996252672901
 35.44912091983532 0.018519125249319958
 36.04162327996761 0.018443345683470773
 36.64208360851343 0.01853520973714622
 37.25111116872803 0.018217573932881405
 37.86883861786974 0.018182079089037094
 38.49482232580653 0.018159019797334877
 39.129116762340736 0.01800755397048694
 39.77220426062558 0.018114027713349672
 40.423628156686824 0.018184938823103035
 41.08353246102487 0.018011662888251047
 41.75188721526189 0.018087233066447723
 42.42911908990267 0.01835883983262559
 43.11529920051445 0.01830475348099504
 43.8116596280893 0.018402853039678386
 44.51800874064328 0.018599543005138594
 45.23471600216916 0.018612549529819927
 45.961247900590536 0.018457274988469993
 46.697150474291384 0.018387468558776654
 47.44262706318272 0.018328993425717626
 48.19801801909205 0.018277773387368607
 48.96404576306812 0.017815442739376422
 49.74072102565727 0.017495456553059712
 50.52766606386274 0.017333320512815772
 51.32512343593118 0.017311441303369285
 52.13384376217793 0.01738260624877639
 52.95357382393936 0.017464936301057613
 53.78416685564769 0.017416888355845886
 54.62600506268478 0.017510625345772204
 55.47877852986976 0.017716828158561564
 56.34302329433322 0.017986050150046843
 57.219392203177804 0.018330002727768482
 58.108355277474665 0.01870390333593499
 59.009140454295945 0.018956529218187596
 59.92263179352546 0.019087404223728274
 60.84849341637366 0.019090992640509816
 61.788205616645506 0.018925670397637172
 62.74076139131422 0.018734486915845866
 63.705906820062225 0.018580096878111265
 64.68407368408867 0.018499621617752076
 65.67386641704861 0.01851321149881889
 66.67654297609539 0.01860376306019833
 67.69221002388934 0.018818262406502893
 68.72121928010715 0.018995130955063194
 69.76297894393075 0.019067432968283907
 70.81890808165022 0.01917336694480132
 71.89269906381735 0.01932966631889956
 72.983005114337 0.019517607435338993
 74.08675287843884 0.019576669788296478
 75.20427583883394 0.0193355889488787
 76.33679516436209 0.019276202945601086
 77.48159973934611 0.019099607325806466
 78.6390146662787 0.018784408428268375
 79.81302616646619 0.018800079787064734
 81.00532479368381 0.018713257332704
 82.21590504574401 0.018765420325694813
 83.4461264382166 0.01875515929017933
 84.69149292987004 0.018674822622986274
 85.9474284075378 0.018418821895007292
 87.21727919223892 0.018549447431123117
 88.50680374080855 0.01869630979632077
 89.81683164249633 0.018512860394871454
 91.14536551485118 0.018521312048556386
 92.48993856674957 0.018366137318445597
 93.8544905393098 0.018348160670759343
 95.23829670625189 0.018610212250267325
 96.63683893037697 0.018626083861080407
 98.05609809135342 0.018968368406375915
 99.49580866587812 0.018730296313726594
 100.9497504143976 0.01902787429010398
 102.41899893927848 0.018853938580572497
 103.90663733080346 0.019108218127287534
 105.4113087474984 0.01907566512601854
 106.93316678764265 0.01886486151552669
 108.47561462323824 0.018526197667087546
 110.03442059623971 0.018413011703683892
 111.60422904164042 0.018646366938360942
 113.19766461311353 0.01844434872799796
 114.81910528848299 0.018250479445757035
 116.46278149825697 0.01812396203924517
 118.12575273820254 0.0181836190017279
 119.81137494219573 0.01784340214196833
 121.52628337428798 0.01754753543948551
 123.26452905160173 0.01770991247860926
 125.01598471280155 0.018055525470060403
 126.79128148152883 0.018469596638800753
 128.5998816010673 0.018271699428350937
 130.44018536953226 0.017763670791815525
 132.3017911432676 0.017554116326377697
 134.17325720143745 0.017705281697843727
 136.06466956750202 0.018160038546214598
 137.98509401425784 0.018619210509578543
 139.92189814490303 0.018747933219424483
 141.87827727631597 0.01879872336090938
 143.85710718619663 0.019075324374699373
 145.86395569765537 0.01983678401354413
 147.88493024041455 0.02036744952123363
 149.92334182477245 0.020243912665292744
 152.01280483072514 0.019812117504194246
 154.14237028722545 0.019395566503714195
 156.2764197708836 0.0192019269866334
 158.42795358794842 0.018979093761294294
 160.58850078984398 0.018594569099605402
 162.78462179756295 0.01878885307835473
 165.00744613045552 0.01936796323829638
 167.2432491530572 0.01934109614266989
 169.51882284880483 0.019160558446976436
 171.8414332897105 0.019188772759090145
 174.18893673493224 0.018650040214433856
 176.5703949577913 0.01889510518626451
 178.96791208259143 0.018810050504982703
 181.389392266947 0.01909193547024502
 183.85163747070095 0.018229618756298773
 186.32981215407426 0.018241655626614596
 188.83905628198514 0.0182028294503904
 191.37933404565015 0.018497297099846776
 193.99878659879454 0.01885969246833044
 196.64819847317108 0.019093506749678017
 199.29200460347016 0.01887916841388942
 201.9492812496927 0.019084810714282707
 204.65756061260822 0.0193657945873646
 207.4012582874089 0.019973657652017567
 210.17276136166845 0.020021563375520905
 212.93968325153216 0.02044419232936337
 215.7424095079917 0.020076951959896703
 218.58165714269506 0.01965843330481857
 221.45296838875674 0.0193015284368881
 224.3680421528818 0.018828515607981423
 227.2953702252722 0.0184582501879241
 230.2709243180755 0.017916919378062737
 233.27995015882814 0.018123134386744476
 236.33975180674693 0.01793044896258875
 239.42111117939592 0.018111819345388802
 242.55269996856572 0.018839904458356472
 245.72989265143784 0.01917000260824187
 248.91478172657625 0.018425362954362662
 252.1494679961251 0.0179
 255.4489275909206 0.
 258.73562033661335 0.
 262.057904601957 0.
 265.4145530931704 0.
 268.80679310403474 0.
 272.23585192833104 0.
 275.6992749784972 0.
 279.1982895483142 0.
 282.7341229315632 0.
 286.305547834463 0.
 289.9125642570138 0.
 293.5576267867776 0.
 297.23950812997333 0.
 300.95698099282 0.
 304.71249996287963 0.
 308.5048377463712 0.
 312.3352216370759 0.
 316.20242434121246 0.
 320.1089004463431 0.
 324.05096807112477 0.
 328.0323090969004 0.
 332.0516962298891 0.
 336.1091294700908 0.
 340.2058361112866 0.
 344.3393615659143 0.
 348.51338771531726 0.
 352.72423267815213 0.
 356.9755783357622 0.
 361.2649701005852 0.
 365.5936352664023 0.
 369.96034653943246 0.
 374.3675585072378 0.
 378.8128165822561 0.
 383.29857535204957 0.
 387.8223802290561 0.
 392.3866858008377 0.
 396.9890374798324 0.
 401.6318898536022 0.
 406.3140156283662 0.
 411.0354148041242 0.
 415.79608738087626 0.
 420.59726065240346 0.
 425.4364800311438 0.
 430.3162001046592 0.
 435.2339662853877 0.
 440.19223316089125 0.
 445.1897734373889 0.
 450.22658711488066 0.
 455.30144689958547 0.
 460.41680737906546 0.
 465.5702139657584 0.
 470.7628939534455 0.
 475.9948473421266 0.
 481.2660741318019 0.
 486.57411973490906 0.
 491.92143873901034 0.
 497.3080311441057 0.
 502.73144236263306 0.
 508.19412698215444 0.
 513.6936304151078 0.
 519.2311799552742 0.
 524.8055483088726 0.
 530.417962769684 0.
 536.0671960439273 0.
 541.7532481316026 0.
 547.4761190327098 0.
 553.234581453468 0.
 559.0298626876581 0.
 564.8607354414991 0.
 570.727199714991 0.
 576.6292555081337 0.
 582.5669028209273 0.
 588.5376870658098 0.
 594.5440628303431 0.
 600.5835755269652 0.
 606.6562251556761 0.
 612.7632390102567 0.
 618.9033897969263 0.
 625.0754502219033 0.
 631.2794202851882 0.
 637.5165272805618 0.
 643.7843166204619 0.
 650.0827883048888 0.
 656.4119423338423 0.
 662.7705514135413 0.
 669.1598428377671 0.
 675.5773620189572 0.
 682.0243362508929 0.
 688.4995382397932 0.
 695.002967985658 0.
 701.532170900925 0.
 708.0896015731566 0.
 714.6728054147906 0.
 721.280555132046 0.
 727.9153053124847 0.
 734.5733740747637 0.
 741.2559887126639 0.
 747.9619219324044 0.
 754.6911737339851 0.
 761.441289529844 0.
 768.2147239075431 0.
 775.0090222795203 0.
 781.8229573519945 0.
 788.657756418747 0.
 795.5121921859964 0.
 802.3838100661807 0.
 809.273837353081 0.
 816.1822740466972 0.
 823.1066655594674 0.
 830.0470118913913 0.
 837.0033130424692 0.
 843.9731144251388 0.
 850.9576433331811 0.
 857.9556724728151 0.
 864.9672018440408 0.
 871.9897768592962 0.
 879.0233975185811 0.
 886.0668365281147 0.
 893.1213211816777 0.
 900.1843968917082 0.
 907.2560636582061 0.
 914.3363214811716 0.
 921.4227157730422 0.
 928.5152465338183 0.
 935.6126864697186 0.
 942.7162628745242 0.
 949.8235211606731 0.
 956.9332340343841 0.
 964.0466287894383 0.
 971.1612508382735 0.
 978.2771001808898 0.
