 0. 0.
 0.0010576173352522145 0.06432271474755824
 0.0031880988302419866 0.1780298126851664
 0.005349282596658345 0.27909611733805273
 0.007541643830095283 0.3684038814282212
 0.009765588185328161 0.4468393435104122
 0.012021579267814537 0.5154121077894446
 0.014310080683011962 0.5752705971554308
 0.016631556036377993 0.6276210877525539
 0.018986497908711285 0.6736271048916208
 0.02137534093012829 0.7143277883806641
 0.02379860665676876 0.7506014165368023
 0.026256758694090252 0.7831642134329738
 0.028750318598232516 0.812593808095862
 0.031279749974653104 0.8393434669248035
 0.03384580618222055 0.8637695156425492
 0.036448371319570454 0.886161959567935
 0.03908889415375767 0.9067440084871512
 0.041767084931371254 0.9257042440354989
 0.044483812912644104 0.9432006947050515
 0.04723994735780913 0.9593757681205681
 0.05003548826686634 0.9743382267725966
 0.052871304900048655 0.9881885277209956
 0.055747976764178 1.0009937404296054
 0.05866579361266537 1.0128171156046302
 0.06162591445915464 1.0237131119517515
 0.06462833930364581 1.0337457526575906
 0.0676739374063718 1.042985806706947
 0.07076328827415455 1.0515110220415416
 0.07389726116722697 1.0594063717860591
 0.07707614583900006 1.066741882856212
 0.08030081154970671 1.0735791466619367
 0.08357154805275789 1.0799663744463002
 0.0868895143617975 1.085947289197598
 0.0902550002302365 1.091558691125342
 0.09366887491830782 1.0968144270801048
 0.09713171793283339 1.1017385779622293
 0.10064439853404614 1.1063382729731746
 0.104207496228768 1.1106390732402118
 0.10782159052382091 1.1146632091682782
 0.11148755067943782 1.1184403917984485
 0.11520624595585162 1.1219811073080064
 0.11897825585988424 1.125287587829362
 0.12280444965176861 1.1283645414594097
 0.1266854068383267 1.1312164834251692
 0.13062199667979135 1.1338556560860789
 0.13461508843639558 1.1362861724654263
 0.13866526161496126 1.1385146195367655
 0.1427736752291323 1.1405395610895654
 0.1469406190323197 1.142367312252656
 0.15116754179157824 1.1439909799594081
 0.15545502301372996 1.14541665110068
 0.15980393195900766 1.1466607042943355
 0.16421484813423343 1.1477575848604937
 0.16868922030646202 1.1487441420722244
 0.1732273382291044 1.149638859472579
 0.17783065066921552 1.150441951337519
 0.18249973713361725 1.151127644244631
 0.18723546688254253 1.1516805761804632
 0.19203899892963525 1.152113909993763
 0.1969112025351283 1.1524744647886271
 0.2018532367126656 1.1528245359605627
 0.20686568096906907 1.15320301183992
 0.2119499840713936 1.1535891365950162
 0.21710672552646107 1.1539207379095107
 0.22233706434791545 1.1541408892666463
 0.22764215954940056 1.1541952731331826
 0.23302288039114938 1.1540631935831058
 0.23848067564021672 1.15374199591655
 0.24401612480342452 1.1532496646490054
 0.2496303868944167 1.1525911669932163
 0.2553249106802481 1.1517376713964018
 0.2611005654211516 1.150631596689082
 0.2669587998841822 1.1492280001844064
 0.2729001935761617 1.147484114215054
 0.27892648501755596 1.1453644600254478
 0.28503825371518693 1.142856485514442
 0.2912369484361095 1.139970737579411
 0.29752459745420046 1.136728004274702
 0.3039020700296927 1.1331489607397676
 0.31036936616258626 1.1292462904990852
 0.31692938338699084 1.1250245959945635
 0.3235821217029064 1.120480271216756
 0.330327581110333 1.1155906188967428
 0.33717155667749005 1.1103403092206445
 0.34411115087026783 1.104683615053798
 0.3511521587568858 1.0985734483810479
 0.35828878526912455 1.0919529276220266
 0.3655297230093132 1.0847768896956358
 0.3728720744433419 1.0770675323821077
 0.3803187371053206 1.0688944112500787
 0.38787260852935895 1.0602721730460707
 0.39553368871545685 1.051266535498399
 0.40330197766361436 1.042025331254557
 0.41118037290794124 1.0326869630779718
 0.4191688744484375 1.0233422400110384
 0.42727327735332243 1.0140263583421159
 0.43549068408848646 1.0047133462477267
 0.44382399218803925 0.9953702533514256
 0.4522760991860905 0.9859537838903942
 0.4608470050826403 0.9764220211296787
 0.46953960741179823 0.9667097191324346
 0.4783539061735645 0.9567395283166207
 0.48729279890204863 0.9464906674744878
 0.49635918313136046 0.9360880990991397
 0.5055530588614999 0.9256202901823346
 0.5148773236265767 0.9150164065944884
 0.5243290798924811 0.9042386069671914
 0.5339170202615424 0.8933307855004459
 0.5436411447337605 0.882369421677165
 0.5535014533091355 0.8713353434308697
 0.5634979459876671 0.8600728557517956
 0.5736393153716847 0.8483051244259239
 0.5839197663929689 0.8358391839942316
 0.594345094119739 0.8226759936741935
 0.604918196086105 0.809017996081741
 0.6156390722920664 0.7950013673931924
 0.6265106202717334 0.7806489071072428
 0.6375357375592154 0.765983100290543
 0.6487144241545126 0.7509927534241735
 0.6600495775917347 0.7356064259665956
 0.6715411978708815 0.719852705439068
 0.6831979775942825 0.7038232884897812
 0.6950141216937179 0.6876245250040727
 0.7069983227715171 0.6714226909166355
 0.7191476832935702 0.6552408231074451
 0.7314679983280967 0.6389649067176817
 0.7439592678750968 0.6226590945964842
 0.7566272870027897 0.6064377965526967
 0.7694691581770657 0.590295321205836
 0.7824906764661445 0.5741643990350985
 0.7956947394041355 0.5579871115465592
 0.8090813469910387 0.5417377880132558
 0.8226562942950738 0.525528058917969
 0.836416683782131 0.5093922173173369
 0.8503712080545393 0.493290253576145
 0.864516969578189 0.47725816441936614
 0.8788597634212997 0.46127407702422846
 0.8934024871179811 0.4452827516464796
 0.9081480382023427 0.429254135208628
 0.9230935191402752 0.4132829812969223
 0.9382505200682169 0.3974604529839045
 0.9536132459179488 0.3819607837211395
 0.9691903892917999 0.36705949445283514
 0.9849819501897702 0.35280614598733756
 1.0009937236800792 0.3391282048106914
 1.0172228122286173 0.32605133499043915
 1.0336779084377135 0.3135630416164047
 1.0503590123073676 0.30154517002662645
 1.0672690213716896 0.2898685917193199
 1.0844108331647893 0.2785515473960328
 1.1017902427548856 0.267707764420412
 1.1194072501419792 0.257430736598883
 1.1372647528601794 0.2478633557025399
 1.1553685459777059 0.23911645431163928
 1.1737186294945585 0.23129205731184138
 1.1923236960130663 0.22436718197710873
 1.21117795046501 0.2182935281174217
 1.2302929829868283 0.21292837102518855
 1.2496687935785216 0.20798312593603163
 1.269308279774199 0.2033688094029422
 1.289214339107971 0.19917372069529338
 1.3093927666480563 0.19532404188303226
 1.3298435623944553 0.19165397972291245
 1.3505754189494972 0.1879718908147771
 1.371585438779072 0.18419999352027364
 1.3928823144855091 0.18041898602302178
 1.4144660460688085 0.17689089149335102
 1.4363424285971895 0.17397284196176
 1.4585172571388716 0.171849070184536
 1.480987634159745 0.17039250121183247
 1.503762252262139 0.16914935349444668
 1.5268440089801631 0.16759926050497445
 1.550238699382037 0.16563330660332384
 1.5739463234677606 0.16350010999221856
 1.5979697787714435 0.16137038735697637
 1.622317757895415 0.15924615503306933
 1.646993158373785 0.15715578645110043
 1.6719988777406627 0.15518253132186605
 1.6973378135301582 0.1533632670209636
 1.7230128632763813 0.1516946672902469
 1.7490356171157706 0.1501809580128895
 1.775400279980107 0.14881180205247813
 1.8021184420058287 0.1476881956876676
 1.8291901031929365 0.14712226037185633
 1.856623956143759 0.14716613671796225
 1.884417103324187 0.1473559137443869
 1.912581134870659 0.14731087651931743
 1.9411160507831748 0.14712226037185633
 1.9700305436640642 0.14714379391730326
 1.999321715979217 0.1475772481219493
 2.029001157865072 0.14820317215291515
 2.0590717668557392 0.14863856427647765
 2.0895364404853285 0.1489425012086775
 2.120400973822058 0.14946335502189873
 2.1516682644000396 0.1501407498263173
 2.1833441072874913 0.1504966759205757
 2.215434297552633 0.15071498447156553
 2.2479417327295743 0.15169131761079652
 2.2808722078865347 0.15339814908210847
 2.314231518091733 0.15547021540675388
 2.34802256087928 0.15733237447845622
 2.3822511313173944 0.15884906206175256
 2.416923024474296 0.16012103455954144
 2.4520411378840943 0.16090053229143558
 2.487611266615009 0.1611347963583999
 2.523639205735259 0.16119877918045555
 2.5601307503130646 0.16166111153711324
 2.5970887978825345 0.16242898647063375
 2.6345220410459986 0.16294763645938784
 2.6724304798034564 0.16334830657464192
 2.7108228067572377 0.16408934423094435
 2.7497048169755614 0.16539348695062842
 2.789079407992537 0.1664882677201791
 2.828952374876385 0.16612396251507064
 2.869329512695324 0.16430614679690617
 2.9102253091199026 0.1616956823394045
 2.951631071547792 0.15914476788101514
 2.9935294147743337 0.15729874489926832
 3.0359782894817213 0.1558651777027812
 3.0789776956699564 0.15438945883129554
 3.122498657997941 0.1530497518904928
 3.166541176465675 0.15227992276828403
 3.2111632017553524 0.15191951780576352
 3.2563067831847796 0.15019250094868025
 3.302029871436151 0.1466073606963339
 3.3483324665094654 0.14314734311156974
 3.395185593063627 0.14038537951976932
 3.4426182264397327 0.1393231938141314
 3.4906303666377823 0.1402692950654997
 3.5392220136577754 0.14118217305263125
 3.5884221428408094 0.14072222631739648
 3.638201778845788 0.1393785326334412
 3.6885898970138067 0.13860199419733799
 3.7396154726859647 0.13868564133090847
 3.791220555180065 0.13856662301028827
 3.8434630951783046 0.14156189235661215
 3.896343092680683 0.1500100984147219
 3.949860547687199 0.15907676475933488
 4.003986484856756 0.16354397869375983
 4.058778854871549 0.16330127377178244
 4.114237657731577 0.16126032708615912
 4.170333918095743 0.15892280500432784
 4.227067635964047 0.15765462594105772
 4.2844967620186845 0.15839946790008363
 4.342621296259654 0.16170363073006683
 4.401383288004762 0.1636893923931879
 4.4608696632773 0.16269099838501186
 4.5210224713950735 0.16087043565240025
 4.58187068769918 0.1607289803448337
 4.643443287530716 0.1635505579841065
 4.705711295548584 0.16797655905677852
 4.768674711752785 0.16902915120068282
 4.832391486825514 0.16359148984527128
 4.896803670084574 0.15494177567979128
 4.961969212212162 0.14614914903911413
 5.027859137867179 0.1403151013204681
 5.094502422390724 0.1347422365795803
 5.161899065782795 0.12964009205491958
 5.230049068043394 0.12636183670477555
 5.298923453831423 0.12144281299816244
 5.368609149170172 0.12073388533471047
 5.43904820337745 0.12303001010602195
 5.510240616453253 0.12539494813159613
 5.582244339079779 0.12385037422850981
 5.6550303959159285 0.1183129281819261
 5.728598786961702 0.1104296630128766
 5.802978487558198 0.10232283232244169
 5.878140522364317 0.09689950150798737
 5.954113866721158 0.09418148443280296
 6.030927495969817 0.09771625346541069
 6.108523459428102 0.10357562024905556
 6.186959707778203 0.10419421439785741
 6.266207265679028 0.10246440801246359
 6.346295108471669 0.10313778868430132
 6.427252211497227 0.10657523352670942
 6.509020624073507 0.10685056537112642
 6.591629321541605 0.10178069945087091
 6.675107279242619 0.09495898459345345
 6.7594255218354515 0.08272086581185367
 6.844584049320103 0.06597662859740663
 6.930640812378767 0.05020492681466914
 7.017566835670347 0.037652340661804694
 7.105333143853746 0.031849625162029924
 7.193997687611158 0.02753494447813266
 7.283531491601484 0.023492852671472032
 7.373963531165826 0.0203913933941509
 7.465264830963081 0.018166974835951127
 7.557493341675447 0.016122473598155183
 7.650562137279633 0.01374582090955889
 7.744558143798927 0.011298178678718579
 7.839452385892236 0.009352958922135685
 7.935244863559557 0.007930024593365517
 8.031964552141988 0.006848818828007475
 8.129553500957336 0.005985932857798008
 8.228098636028891 0.00527237793939202
 8.32751303133336 0.004667513219105458
 8.427883612894037 0.004145668778101472
 8.529152430028727 0.003689762333184202
 8.631348458078529 0.00328787248253006
 8.734442721702342 0.0029313642292100807
 8.838493171582364 0.0026137258725566566
 8.9434418570364 0.0023299330007135834
 9.04934672874664 0.0020759085454833182
 9.156149836030895 0.0018483094291596156
 9.263909129571356 0.0016443107419634847
 9.372566658685832 0.0014614730839935196
 9.482180374056513 0.0012976683709087138
 9.592721300342307 0.0011510081968373537
 9.704189437543208 0.0010198078334178362
 9.816584785659222 0.000902551228979562
 9.929936320031441 0.0007978648534810191
 10.044186089977675 0.0007045096525336293
 10.159392046180116 0.0006213563670953192
 10.27549623795657 0.0005473813338719279
 10.392556615989232 0.00048165318083988725
 10.510544204937002 0.0004233265666287676
 10.629459004799882 0.0003716334092278576
 10.749272040236777 0.00032587802998644756
 10.87004126192988 0.0002854295614529849
 10.991708719196994 0.00024971711116934656
 11.114303387379218 0.0002182272469291086
 11.237825266476554 0.00019049499760543647
 11.362274356489 0.0001661021903611907
 11.487592706734361 0.0001446734914965169
 11.613838267894833 0.00012587172225283976
 11.741011039970413 0.00010939493019158578
 11.869053072278911 0.00009497314787575087
 11.998022315502517 0.00008236454906476045
 12.127860818959041 0.00007135495039461932
 12.258597557989578 0.00006175236642277588
 12.39020355725303 0.000053386749615853033
 12.522707792090495 0.00004610718633150667
 12.656081287160877 0.000039779796396597527
 12.790324042464173 0.0000342863135236363
 12.925436058000384 0.000029522031283435745
 13.061388358428417 0.00002539471697796586
 13.198209919089363 0.00002182323145900955
 13.335871764642128 0.000018735933675484667
 13.474373895086712 0.00001607005255451817
 13.613716310423115 0.000013770500491563734
 13.753899010651336 0.00001178902785220491
 13.894864045089182 0.00001008336236687108
 14.036669364418845 0.000008616630448976487
 14.179257017958134 0.000007356637156646461
 14.322627005707048 0.0000062753154897753626
 14.466808303006681 0.000005348240151397408
 14.61177193451594 0.000004554180553606294
 14.757488924893723 0.000003874715169530626
 14.903959274140037 0.000003293848835590659
 15.051211957595974 0.000002797732024791647
 15.19918902457934 0.000002374409577563692
 15.347890475090136 0.0000020135160437966495
 15.497316309128362 0.0000017061233115370877
 15.64743755135292 0.0000014445329463682806
 15.79828317710491 0.0000012221147635051904
 15.949795235702132 0.0000010331644205682007
 16.102002702485688 8.727817375840704E-7
 16.25487660211448 7.367611101070422E-7
 16.40841693458851 6.214958523653999E-7
 16.562565749225577 5.238983286948758E-7
 16.71738099670788 4.413249278576515E-7
 16.872804726353223 3.715175754351547E-7
 17.028807962820515 3.125471656499107E-7
 17.18544865679194 2.627685794460752E-7
 17.342639882244217 2.207801419539952E-7
 17.50041061451843 1.8538801357495086E-7
 17.658731878273496 1.5557687911449585E-7
 17.817603673509407 1.3048395518462932E-7
 17.97696804954397 1.0937662249123432E-7
 18.13688295705938 9.163351475247398E-8
 18.29729044537344 7.672794583171892E-8
 18.45816153914506 6.421402682993546E-8
 18.61952521371533 5.371444295638968E-8
 18.781352493743153 4.491012275541561E-8
 18.94358542854634 3.753172335550683E-8
 19.106252993465983 3.135172835246828E-8
 19.269355188502086 2.6178394595826852E-8
 19.43283406297245 2.185008692257429E-8
 19.59668961687708 1.8230732345740314E-8
 19.76092185021597 1.520579640211371E-8
 19.92547281230693 1.2678995780788572E-8
 20.090371478491058 1.0569404616658617E-8
 20.255588873427254 8.809116256643979E-9
 20.421124997115516 7.341181746071885E-9
 20.58692189887366 6.117811326994866E-9
 20.752979578701673 5.099012788890471E-9
 20.91926906125847 4.251323582178027E-9
 21.085819321885136 3.546777201116048E-9
 21.252572409899482 2.962037886018972E-9
 21.41952832530151 2.477656593976505E-9
 21.58668706809122 2.0774744913777456E-9
 21.753990687586413 1.748087318364794E-9
 21.92143918378709 1.4784455498853443E-9
 22.08900358135216 1.2594839869200355E-9
 22.256712855622716 1.0838258712713542E-9
 22.424509055916563 9.455681001431627E-10
 22.592363206892603 8.400624944582381E-10
 22.760304283891937 7.637873517339095E-10
 22.928274336232366 7.14234472505793E-10
 23.09627336391389 6.898586223158774E-10
