 0. 0.
 0.2239320941656198 0.22393209416561977
 0.6750245326612387 0.6749116732156368
 1.1326176436657451 1.1316579769158728
 1.5968120415894311 1.5929666091997212
 2.067693616782546 2.057013616624859
 2.5453605296453756 2.5215300597885033
 3.0299109405782043 2.9840465111078847
 3.521443009981318 3.442137552600718
 4.02006103328002 3.893676053576895
 4.525857035849576 4.336852730460921
 5.038941448140309 4.770347295238244
 5.559412430552502 5.193206206565024
 6.087380413536478 5.604916019102268
 6.622943557492521 6.005232235069506
 7.166261373071095 6.394154854466736
 7.717309320172129 6.771879475518337
 8.276394150046512 7.138772844895016
 8.843454512444067 7.4952750586016235
 9.418674458115332 7.84182621264301
 10.002238037810836 8.178988651914262
 10.594145251530582 8.507251371976322
 11.194580150025107 8.827152267946234
 11.803665433794764 9.139131435828842
 12.421462453089731 9.443628971628998
 13.048216608910725 9.741060521573509
 13.683927901257741 10.031817282111122
 14.328780380881316 10.316217100356461
 14.982896748281808 10.594553373646086
 15.646461054209748 10.867119499316566
 16.319534648915322 11.134208874704466
 17.002301583149055 11.396041547812214
 17.694823207161132 11.652886466198327
 18.39734492195226 11.904963677865231
 19.109928077772622 12.152468781037303
 19.832756725372754 12.395597373938923
 20.565953565253007 12.634496155238372
 21.30970264816392 12.869360723160028
 22.06412667460585 13.10028887681608
 22.82934834507915 13.327427314874813
 23.605551710334357 13.55092273600451
 24.392920821122008 13.77087293931736
 25.191578377942452 13.987400173703596
 26.00170843154623 14.200626688053458
 26.8234336824337 14.410625831701083
 27.65693818135539 14.617519853536715
 28.50240597906184 14.821382102894487
 29.359959776053405 15.02233482866464
 30.2298449733308 15.220451380181318
 31.112122921144202 15.415829556556703
 32.007100370744496 15.60854270712494
 32.914900022632054 15.798639731442126
 33.835705927557385 15.986169529064352
 34.76964078602088 16.171156549769666
 35.7170113492734 16.353674142892213
 36.677878967565135 16.533746758210032
 37.65255039214698 16.711472194835324
 38.64114832351928 16.88692380210222
 39.64385681243258 17.06012602978877
 40.660921259887594 17.23112777745107
 41.692525716634854 17.399904595311078
 42.73891558367507 17.566432033590736
 43.8002135615086 17.730661192733955
 44.87672640138634 17.892592072740733
 45.96857680380864 18.05220022383303
 47.07601016977621 18.209485646010833
 48.199271900289766 18.36439943971806
 49.33854604609986 18.51691715517666
 50.49413935845736 18.667063242164676
 51.66617453786263 18.814862150460158
 52.85489698531638 18.960313880063108
 54.06061345206951 19.103491780307667
 55.28350798887254 19.244420300971882
 56.523887346976394 19.383099442055748
 57.78187422688139 19.51962700267146
 59.05783673008861 19.654100781931206
 60.35189755709842 19.786520779834984
 61.6643634591617 19.916886996382793
 62.9956638880297 20.045126082240497
 64.34598289445297 20.17123803740809
 65.7153204784315 20.295100612995338
 67.10429014246705 20.416713809002243
 68.51289188655964 20.53610207520685
 69.94112571070929 20.653192062275018
 71.39021861991952 20.767959320428698
 72.85955711168859 20.880403849667893
 74.35036819102004 20.9905256499926
 75.8614248529103 21.098202472512586
 77.39456760486476 21.203385417671754
 78.94918294438159 21.306025585914007
 80.52588437396258 21.406025178127166
 82.12528539610955 21.503433093867315
 83.74738601082245 21.598224883356412
 85.3921862181013 21.69044944615055
 87.0602995204479 21.780106782249728
 88.75172591786223 21.867221341431996
 90.46769241534786 21.951939822365635
 92.20758551040299 22.03431112460674
 93.97201870552944 22.11445749704555
 95.76160550322896 22.192354489904012
 97.57634590350158 22.268026552960176
 99.41685340884904 22.34159593510428
 101.28312801927137 22.413135985670465
 103.17578323727035 22.482866752661156
 105.09543256534778 22.55093493474463
 107.04207600350362 22.617389431476994
 109.01632705423968 22.682279142414334
 111.01757221505416 22.745677416890793
 113.04765199345243 22.807682054018557
 115.10656638943446 22.86831750357568
 117.19431540300029 22.927608215340204
 119.31089903414987 22.985505289756038
 121.45815779038858 23.041886477932938
 123.63486466671287 23.096825129205055
 125.84224666812625 23.15039459290653
 128.08091729713055 23.20259486903736
 130.35087655372578 23.2533526082634
 132.6527379404137 23.302692260362704
 134.98711495969607 23.350638275113315
 137.3540076115729 23.39721510229328
 139.754029398546 23.44252054101479
 142.18718032061537 23.48662794061199
 144.65530088528635 23.529610650419013
 147.15716408755534 23.571517569991958
 149.6946104349277 23.612397598886922
 152.2670264249017 23.652299636659993
 154.87563906248084 23.691248133089225
 157.52044834766517 23.729291987730708
 160.2026812854582 23.76630895169421
 162.92172437335822 23.802152326311443
 165.67880461636872 23.83674876224827
 168.47453551699152 23.87004935994859
 171.30891707522665 23.90205411941241
 174.18317629607762 23.932763040639728
 177.09669967704266 23.962200573408587
 180.05132772562712 23.990342267940946
 183.04644693932926 24.017163674458754
 186.08328432315258 24.042811491630292
 189.1624533795989 24.067285719455565
 192.28456761117 24.090610807712622
 195.4490135153641 24.112811206179504
 198.6582451021883 24.13381356552207
 201.91103536663906 24.15364233551837
 205.20922481622173 24.172321965946452
 208.5528134509363 24.18987690658436
 211.94302827578633 24.206307157432096
 215.37925578827006 24.221661618045754
 218.86333649589284 24.235940288425333
 222.39527039865465 24.24919206812693
 225.97567099905723 24.26136805759445
 229.60515179960248 24.27246825682789
 233.28493980529385 24.282492665827252
 237.01503501613138 24.29141683481449
 240.79605093461686 24.29926521356765
 244.62921456575387 24.306086701642826
 248.5145259095424 24.31195464837416
 252.45382547348777 24.316893503539703
 256.44588625258643 24.32102551602968
 260.4931622568455 24.324472934734338
 264.595653486265 24.327358008543914
 268.75397344334675 24.32975408679254
 272.96873563059245 24.331758968592414
 277.2411670530057 24.33337265394353
 281.57126771058654 24.334644042401987
 285.96087811084027 24.33557313396778
 290.4093847512651 24.336233277975058
 294.9186281393664 24.336746723314047
 299.4886082751442 24.337211269096944
 304.12055216360204 24.337798063770077
 308.8156868097434 24.33850710733345
 313.5733987110666 24.339387299343148
 318.395528375077 24.340365290465037
 323.2826893042763 24.341343281586926
 328.23610850366816 24.34227237315272
 333.2557859732525 24.343152565162423
 338.3423352155311 24.344032757172123
 343.4975967380094 24.345010748294012
 348.7221840431891 24.346062088750042
 354.01671063357196 24.347260127874357
 359.3817900116598 24.348555966110858
 364.8180356799545 24.349900703903455
 370.327901648463 24.351147642583864
 375.91016091218194 24.35222343281794
 381.5672674811183 24.353030275493502
 387.29922135527204 24.3534948212764
 393.10786304214867 24.353690419500776
 398.9925790392464 24.35373931905687
 404.9558233565722 24.353690419500776
 410.99759599412613 24.35354372083249
 417.1197374594136 24.35329922305202
 423.3216342499328 24.353005825715453
 429.6057403756909 24.352614629266697
 435.9726693391895 24.352101183927708
 442.4230346429307 24.35136769058629
 448.9580632919177 24.35036524968635
 455.57836878865254 24.3490938612279
 462.28517813813875 24.347529075432874
 469.07971834537983 24.345744241635426
 475.9626029128776 24.343934958059933
 482.93505884563564 24.342101224706393
 489.9983131486574 24.340365290465037
 497.15297932444486 24.338971653116346
 504.4002843780014 24.337969212216407
 511.7414553143307 24.33752911621156
 519.1771056359345 24.337773613992034
 526.7084623478164 24.33858045666759
 534.3367524549798 24.339705146457764
 542.0632029624286 24.34097653491622
 549.8884273726642 24.342419071821006
 557.8142661931922 24.343934958059933
 565.8407194240125 24.34540194474277
 573.9696275726305 24.34662443364513
 582.2022176440497 24.347504625654828
 590.539103140772 24.348213669218197
 598.9815110678009 24.348776014113284
 607.5306684301399 24.34906941144985
 616.1896427402979 24.34921611011813
 624.9565934907697 24.349631756344937
 633.8278396665446 24.350634197244872
 642.815651317658 24.352101183927708
 651.9200284441101 24.353788218612966
 661.1348360208832 24.355548602632364
 670.4600740479771 24.357333436429812
 679.9080125754275 24.35894712178093
 689.4663815531986 24.36009626134915
 699.1474510313263 24.36087865424666
 708.9512210098105 24.36144099914175
 718.8715564636334 24.361636597366125
 728.9145924178127 24.361563248031985
 739.0803288723487 24.36151434847589
 749.3687658272411 24.36144099914175
 759.7860383075076 24.361294300473464
 770.326011288131 24.361220951139323
 780.9948197941284 24.36151434847589
 791.7985988505181 24.362370090707543
 802.7250784072642 24.36371482850014
 813.7865285144024 24.36530406407321
 824.982949171933 24.366942199202374
 836.3143403798556 24.368164688104734
 847.7745671131526 24.368947081002243
 859.3758994218595 24.369949521902182
 871.1183373059763 24.371245360138683
 882.9957457404853 24.37234560015081
 895.0081247253864 24.37305464371418
 907.1677443107154 24.372834595711755
 919.4746044964722 24.371367609028923
 931.9164352326211 24.369827273011946
 944.5116415942157 24.368531434775445
 957.2479535312201 24.366575452531663
 970.1315060686524 24.363519230275763
 983.1684342315305 24.359753964456488
 996.352602994836 24.35586644974698
 1009.6840123585696 24.35285912704717
 1023.1749323727666 24.351172092361914
 1036.8130929873914 24.350976494137534
 1050.6107642524796 24.351147642583864
 1064.5618111430135 24.35056084791073
 1078.6723686840107 24.34977845501322
 1092.9424368754715 24.34897161233766
 1107.3720157173955 24.34794472165968
 1121.9549701847654 24.347724673657254
 1136.7097053526343 24.34914276078399
 1151.6239511709666 24.3521500834838
 1166.6977076397625 24.35637989508597
 1181.9432448090572 24.361881095146597
 1197.3544276538335 24.36838473610716
 1212.931256174091 24.37447273084092
 1228.6798653948474 24.379167088225987
 1244.5941202910851 24.38188101358923
 1260.6801558878221 24.383714746942772
 1276.944107210076 24.3861108251914
 1293.3737042078112 24.38943599500582
 1309.981216931063 24.393959203944558
 1326.7605103548142 24.398922508888145
 1343.7177195040822 24.402687774707417
 1360.858979403885 24.40498605384386
 1378.172020004187 24.40601294452184
 1395.6629763300057 24.406232992524266
 1413.3379834063594 24.406306341858407
 1431.1909062082298 24.406404140970594
 1449.2217447356172 24.40559729829504
 1467.4427690385571 24.403592416495165
 1485.847844092032 24.40134303691482
 1504.4308348710235 24.3997782511198
 1523.2040114255678 24.399069207556426
 1542.1612387306466 24.39904475777838
 1561.3086518112784 24.399338155114947
 1580.6401156424445 24.399704901785654
 1600.167900274181 24.4001938973466
 1619.873600631435 24.400805141797782
 1639.7756217892588 24.401538635139197
 1659.8678287226355 24.402296578258664
 1680.1502214315644 24.40310342093422
 1700.628934941064 24.403934713387827
 1721.2916992010983 24.40476600584143
 1742.156919286721 24.40559729829504
 1763.206190122878 24.406453040526692
 1784.4579167846236 24.407308782758342
 1805.8998292219214 24.408188974768045
 1827.53806245979 24.4090447169997
 1849.366481473211 24.409924909009398
