 0. 0.
 0.0035070147991312353 0.006203129517859492
 0.010571602228971895 0.01759580784102182
 0.017737997105297255 0.028192158511571183
 0.025007775156799604 0.038087907244367315
 0.032382281517728456 0.047364387468871595
 0.03986305348436897 0.05608888603436035
 0.047451628353006314 0.06431677588927051
 0.05514954341992564 0.07209357018688899
 0.06295843206242993 0.0794570926414563
 0.07087973549578651 0.08643904461535866
 0.07891518317831621 0.09306629727945806
 0.08706631240630416 0.09936270923453831
 0.0953348526380712 0.10534902463328065
 0.10372234116990248 0.11104652686881292
 0.11223127610826136 0.11647579230417962
 0.12086127312907657 0.12165797548386936
 0.1296171362832392 0.1266171905031966
 0.1384979047605711 0.13138135601225173
 0.14750646099160689 0.13598192667554768
 0.15664568740688123 0.14045369110043052
 0.16591558400639417 0.14483579900828403
 0.17531903322068035 0.14916698463178915
 0.18485795667009622 0.15348323589808893
 0.19453331516482 0.15781408691119922
 0.20434895194556463 0.16217754208926405
 0.21430486701233006 0.16658024113480385
 0.22440394279565098 0.1710127510382102
 0.23464810091588387 0.1754515969371928
 0.24504022380356336 0.17985808485337754
 0.25558127226886773 0.1841815190196814
 0.2662741287423316 0.1883685717957696
 0.2771197540341332 0.1923730610805817
 0.28812199138498545 0.1961684394550725
 0.29928180160506657 0.19975062155238557
 0.31060206712491123 0.20313692343125858
 0.3220847095648759 0.2063594865993618
 0.3337326113554952 0.20946204427692044
 0.34554769411712566 0.21249767374240422
 0.35753187947012366 0.21553037442917963
 0.3696880498450239 0.21863740058764453
 0.3820190876723611 0.22190860291560408
 0.39452691457249156 0.22544098069208499
 0.4072144129759501 0.2293229346513998
 0.4200835045030932 0.2336064083498265
 0.43313707158445536 0.23827654855909516
 0.44637799665057143 0.2432353012235644
 0.4598082013217978 0.2483149903249279
 0.4734315288388473 0.2533199729170353
 0.4872489400118983 0.25807698077922514
 0.5012652388918417 0.26247354553034996
 0.5154823470990342 0.26646489308587723
 0.5299031470640103 0.2700535843278874
 0.5445295604071265 0.27325420192198757
 0.559366391179274 0.276065490009465
 0.5744146001906308 0.27846967382975935
 0.5896789914920884 0.2804664482203263
 0.6051614867040028 0.28213013533899256
 0.6208649682569091 0.28364606936647974
 0.6367932793915199 0.28527939452562195
 0.65294930253837 0.28727701031361536
 0.6693368809381723 0.2897562509938195
 0.6859579362112832 0.29265145888106564
 0.7028172724085939 0.2957505851211423
 0.7199168111504608 0.2987878178285404
 0.7372603956775968 0.3015322940790975
 0.7548518692307147 0.3038415009663035
 0.7726941142403494 0.3056278767125304
 0.7907919347573918 0.30685060189420843
 0.8091472524021985 0.30751070338155423
 0.8277639104154824 0.3076929437743939
 0.8466467128481344 0.3075306411844981
 0.8657985421306894 0.30714874992698826
 0.8852242023140388 0.3066421542499509
 0.9049256150185384 0.30607463015578235
 0.9249085451052579 0.30549314984827497
 0.9451749141945537 0.30492635973679005
 0.9657295263373169 0.3043872912623895
 0.9865791072047952 0.3038746507448641
 1.0077265392275232 0.30338712862286155
 1.0291718224055009 0.3029161716378067
 1.0509245648405106 0.3024662009821868
 1.072984766532552 0.30204166036979285
 1.0953524274816255 0.30166007923440585
 1.1180467638912954 0.30133470134324625
 1.1410581676597795 0.3010875280709888
 1.1644058549906422 0.30093185020077196
 1.188070609680319 0.30088527668644127
 1.2120812560341572 0.30095367905455295
 1.2364281859503736 0.30114279617312184
 1.2611210075307513 0.30145530642920254
 1.286169328877072 0.30188212237570555
 1.3115731499893357 0.30240972654901155
 1.337332470867543 0.30302024965589025
 1.3634568996134755 0.30368435063179683
 1.3899464362271332 0.3043714641735763
 1.4168202969120811 0.30504410911366664
 1.4440688735665366 0.305665131105772
 1.471701774292282 0.30619622884983644
 1.4997286071910996 0.30659216286497765
 1.5281493722629893 0.3068020719423078
 1.5569736776097334 0.3067678108833379
 1.586201523231332 0.3064407106336674
 1.6158425172295672 0.3057983500534578
 1.6459062677062215 0.30484448276412746
 1.6763927746612945 0.30361512101800997
 1.707311646196569 0.3021677807642059
 1.738653274210262 0.3005925717852133
 1.770446483007721 0.29900906456649773
 1.8026912725889452 0.2975687562156536
 1.8353876429539357 0.29642742714067855
 1.8685355941026913 0.29571948657435915
 1.9021639503405594 0.29553267838231007
 1.9362534954639758 0.29588663983545715
 1.970823445676504 0.2967257167377825
 2.005883409079927 0.2979261786237484
 2.041433385674245 0.29931356049087526
 2.07748298356124 0.3006989104941058
 2.1140418108426937 0.30191548729059486
 2.1511098675186067 0.3028424280671182
 2.1886967616907613 0.30340445051283205
 2.226802493359157 0.30358915584277313
 2.265455886829141 0.30347517130228224
 2.3046377258971487 0.3032210769962079
 2.3443768348685268 0.3030072418586583
 2.3846636056414923 0.30295375949112147
 2.4255172544196113 0.30309828471615896
 2.4669377812028825 0.3034073373983481
 2.5089444021948712 0.30380546449568324
 2.551527509293795 0.30422610423336854
 2.594706318703217 0.30465478844927324
 2.6384904385249217 0.3051445909246992
 2.6828798687589077 0.30584847118833675
 2.72789382560874 0.3069790264987237
 2.773522700972636 0.3086607105569686
 2.8197953191559426 0.3108352706655134
 2.8667020720568774 0.31334992396740724
 2.9142621758790055 0.31604832103481395
 2.9624852387241085 0.3187664669440193
 3.0113808686939687 0.3213389936496256
 3.0609394576868048 0.32361107263013045
 3.111199438109744 0.3254248505405376
 3.162141593759223 0.32660832744812046
 3.2137947489405887 0.32707462770834794
 3.2661589036538405 0.327011689211196
 3.319253274102543 0.32680940052356033
 3.3730682521849147 0.32678795862344306
 3.427632662206302 0.3272111759931029
 3.4829465041667036 0.3282201345830938
 3.539019386167903 0.32963944560657116
 3.595860916311683 0.3310248896898472
 3.653490310801607 0.33202489732140844
 3.7119075696376744 0.33266927511083916
 3.7711223009216694 0.3332756150965593
 3.8311537208571553 0.3341063888989481
 3.8920018294441325 0.33497563408209724
 3.9536954509879476 0.3357474217241547
 4.016215369285035 0.33641200813227845
 4.079600016742526 0.3364731882712005
 4.143849393360418 0.33561434652020233
 4.208973107240496 0.33433439154406924
 4.27498076648454 0.33339123361164524
 4.341891587296115 0.3333754698116312
 4.409705569675222 0.33450594616197676
 4.478451537927207 0.33605772560325453
 4.548119883950288 0.3370492979894073
 4.618739432049811 0.33710646506809183
 4.690310182225777 0.33658250379983873
 4.76285135068175 0.3363000326801188
 4.836382153621294 0.33679972809319664
 4.910892982942628 0.33798095226968033
 4.986412662951098 0.33960068373352953
 5.062950801748486 0.3413590149221862
 5.140526615538357 0.3430879120221494
 5.21914010432071 0.34479924941366363
 5.298800876197329 0.3464705354928686
 5.379537755473559 0.3485524574495052
 5.461360350251184 0.35136193132628774
 5.5442782686319845 0.3541392251529656
 5.628301118717744 0.3558047964838796
 5.713438508610244 0.3562611561606002
 5.7997288707166135 0.3561947681992647
 5.887152988833289 0.3555794761402301
 5.975749295367398 0.3545470873644083
 6.065517790318942 0.3541998162025199
 6.156487297993266 0.35446184588896823
 6.24864821028859 0.3537061300906243
 6.342038959612041 0.3528730975201026
 6.43665954596362 0.3545050868800621
 6.532538793648674 0.35698692854865416
 6.629667094565419 0.3577136770050562
 6.7280828811209865 0.35621689889445324
 6.827795761417156 0.35350796705416426
 6.928815343555713 0.35134074132950543
 7.031160843740218 0.3495561958522221
 7.1348418700724565 0.3482859819185569
 7.239877638755993 0.34747650673831293
 7.34628736599439 0.3476730688961333
 7.454080659889431 0.350222089305669
 7.5632767366446805 0.35350920591810453
 7.673894812463702 0.3534175182569116
 7.7859444954482795 0.3492691704089967
 7.8994450018019755 0.34491227482565945
 8.014415547728357 0.3433737272212345
 8.130865741329202 0.3430891885119653
 8.24881479880808 0.34160909998767397
 8.368281936368552 0.34107664753084993
 8.489286370214185 0.34220215955743016
 8.611837708446759 0.34134875110947666
 8.73596477537162 0.33837075733494043
 8.861667570988772 0.33538329658749017
 8.98897491960356 0.3332756150965593
 9.117906037419546 0.3332033331519202
 9.248470532538514 0.33135415527238904
 9.38068762116403 0.32730485263808845
 9.514576519499657 0.3250774548388455
 9.650185268054306 0.3250249092290512
 9.787485042522631 0.32671826272964744
 9.926418194293937 0.3288879470035233
 10.067176885403871 0.3325942278695908
 10.209761115852432 0.3372415487319157
 10.3540748046218 0.34028348531051317
 10.50011795171197 0.3425909967035215
 10.64808271915859 0.3470136425840216
 10.797776944926014 0.35244341704378246
 10.949392791049888 0.357900945965263
 11.102930257530211 0.3608840334850921
 11.258293263349163 0.3570691142146169
 11.415577889524565 0.3476768478485412
 11.574784136056415 0.3390767019001783
 11.735912002944715 0.33253760207636324
 11.899057571207287 0.3297483703408219
 12.064124759826308 0.33106325473920667
 12.231209649819602 0.33900694871218007
 12.40040832220499 0.34893547327366026
 12.571528614946827 0.3554131646566588
 12.744762690080758 0.35890416471129655
 12.920110547606788 0.3597013160830998
 13.097572187524909 0.3625572737817361
 13.277051528817303 0.3623446131927938
 13.458740733519615 0.36100415445595896
 13.642639801631843 0.3590334867998685
 13.828652652136164 0.35489278468460184
 14.01677928503258 0.3636620676039747
 14.207211862356738 0.373660987473329
 14.399950384108635 0.38033365895655946
 14.594802688252626 0.37971365391285195
 14.792057017842177 0.37449221780547737
 14.991521210841647 0.3733162459950106
 15.193291348268856 0.3700606884373654
 15.397463511141629 0.36281447471571643
 15.603941618442137 0.3469745167860722
 15.812725670170389 0.32796518140242237
 16.024007828362024 0.3156323364370393
 16.2375959309814 0.31095782450796594
 16.453682140064156 0.29879954361977684
 16.67217037459248 0.28546386091799747
 16.893156715584183 0.27911687382190875
 17.116641163039272 0.28352344939959284
 17.342623716957746 0.29428837725940543
 17.571008296321786 0.2990222462888984
 17.80208314418485 0.2949192773208256
 18.0356560985113 0.2898003816663305
 18.271727159301136 0.29382728080315934
 18.51048848859 0.2898115643996082
 18.75184400536007 0.2847178950860043
 18.99579370961135 0.28758966417605464
 19.242433682361657 0.2813986773771412
 19.49166784259317 0.28209070430474587
 19.743592271323713 0.29230586567529304
 19.99830304957111 0.28906878851220774
 20.255608015299714 0.25773923232574114
 20.515699330545168 0.20727596676627572
 20.778480914289652 0.16587310116971996
 21.04404884755099 0.13038555686421457
 21.312499211347 0.10336739291217789
 21.58363984364204 0.08289033305946242
 21.857566825453933 0.06458687644947586
 22.1343762378005 0.05246102705320457
 22.413971999663918 0.044340552848623184
 22.696354111044187 0.03755444119776078
 22.981714733976954 0.03206704831757891
 23.269957787444397 0.02786471750012326
 23.56098719042869 0.02452228724935842
 23.854995104965482 0.021742638750355738
 24.151885450036946 0.01936557249723143
 24.45175430666091 0.017297189656407853
 24.754505593819545 0.015476731581452366
 25.060331473548498 0.01386179157119069
 25.36894370279431 0.012421400835558377
 25.680630524610436 0.01113179253641956
 25.995295857979063 0.00997427971364494
 26.31293970290018 0.008933585095184111
 26.63365814039162 0.007997039907813409
 26.957259008417733 0.0071538205345670815
 27.284030550031993 0.00639456222121789
 27.61368452218092 0.00571104890556445
 27.946509167917995 0.00509601089246209
 28.282312325207563 0.004542915997230342
 28.621190075067453 0.004045900254779133
 28.963046336479838 0.0035996542427771247
 29.308073271480367 0.0031993624600979396
 29.656078718033392 0.002840649555928597
 30.007254838174557 0.0025195274926543645
 30.36140946986822 0.0022323618990438593
 30.718734775150025 0.001975845473624754
 31.07903859198433 0.001746956395214634
 31.442513082406773 0.0015429487948202948
 31.80906216539954 0.0013613256925722225
 32.17868584096262 0.0011998149914255064
 32.55138410909602 0.001056350622139553
 32.92725305081756 0.0009290611602893896
 33.30610050409161 0.0008162538018108589
 33.68811863095379 0.0007163938985177581
 34.07311526936847 0.0006280952313661588
 34.46128258137129 0.0005501084286770906
 34.85252448594443 0.00048130631888289104
 35.24684098308789 0.00042067588477096756
 35.64413599178385 0.0003673060106743594
 36.04460167406795 0.00032037945079077323
 36.44804586790455 0.000279165353335277
 36.85456465431146 0.00024300688855396864
 37.264158033288695 0.00021131904000939
 37.67682600483625 0.00018357942399296139
 38.092376406918476 0.0001593226335437402
 38.51100140157103 0.00013813431626347249
 38.93270098879389 0.00011964594724721107
 39.357283006551434 0.00010353080499724191
 39.78493961687929 0.0000894992414787013
 40.21547865774183 0.00007729478178202583
 40.64899621015687 0.00006669052792844543
 41.08539619310657 0.00005748631027300868
 41.524774687608776 0.00004950562215345069
 41.96703561264565 0.000042592855572704604
 42.412178968217205 0.00003661117416811126
 42.86020475432343 0.00003144061540388422
 43.311016889946515 0.000026975421259443532
 43.764711456104266 0.00002312340769403607
 44.22119237177887 0.000019803575784511253
 44.680459636970326 0.000016945269670766303
 45.142513251678636 0.000014486663810136392
 45.6073532159038 0.000012373959253011277
 46.07478736761016 0.000010560189006026515
 46.54500786883339 0.000009004577217864044
 47.01782255753781 0.00000767159901393093
 47.49323143372345 0.00000653046338418131
 47.97133057840811 0.000005554459547710187
 48.452023910573985 0.000004720461797757423
 48.93521534920323 0.000004008436351348078
 49.42090489429587 0.000003401096942666748
 49.90918862686973 0.000002883505275713702
 50.39987438488913 0.0000024427844396711056
 50.8929621683541 0.000002067839270961728
 51.38845197726464 0.000001749126045818446
 51.8862477306029 0.0000014784374804270445
 52.386445509386746 0.0000012487263744424828
 52.888853151580484 0.0000010539474308556217
 53.39356673820198 8.889222095066381E-7
 53.900490188233384 7.492171195478604E-7
 54.409623501674716 6.310384651069203E-7
 54.92077451649031 5.311453521679869E-7
 55.434135394715824 4.4677361361489335E-7
 55.9495139743156 3.755630702517208E-7
 56.466814174271846 3.155046579391131E-7
 56.98622815662018 2.6488734357081824E-7
 57.50746767830714 2.2225784485154487E-7
 58.030628820350536 1.863800009477647E-7
 58.55561550173257 1.5620437012204057E-7
 59.08242772245323 1.3084190142144583E-7
 59.61087332047687 1.0953841809412294E-7
 60.14114445783915 9.165516035926052E-8
 60.6730489725044 7.665265444418252E-8
 61.20649078345481 6.407431812357686E-8
 61.74156597170821 5.353454285921689E-8
 62.278178456246756 4.4708032602853376E-8
 62.81613607503483 3.7320360838027374E-8
 63.35553490909024 3.114039632283441E-8
 63.89637495841298 2.5973384488395105E-8
 64.43846406096742 2.165559030380519E-8
 64.98180221675354 1.8049297843908696E-8
 65.52638942577136 1.5038746345037926E-8
 66.07203352598523 1.2526832027853538E-8
 66.61883059841297 1.0432051995512028E-8
 67.16668456203675 8.686021541006908E-9
 67.71559541685657 7.231550299255325E-9
 68.26537100083681 6.020695915073998E-9
 68.81601131397746 5.013389133740118E-9
 69.36742027526067 4.176133890971438E-9
 69.91969396570428 3.4809605655735657E-9
 70.47264022327266 2.90459727837812E-9
 71.0262590479658 2.4276328810998924E-9
 71.58055043978369 2.033971930712658E-9
 72.13532223669068 1.7102811583520784E-9
 72.6905744386868 1.4455704223984511E-9
 73.24621096475421 1.230830841934926E-9
 73.80232789591072 1.0587442220863679E-9
 74.3587330701207 9.234398124817935E-10
 74.91533040636634 8.203015824410427E-10
 75.47221598566544 7.458220048012356E-10
 76.02919764598236 6.974861522004309E-10
 76.5862753873171 6.73762627186214E-10
