 0.0013596440215261072 0.9999922281407898
 0.004098532966594372 1.0002504526015759
 0.0068768919150381715 1.0008971406143772
 0.009695331765361997 1.0019458716996361
 0.012554374016289196 1.0033567919891988
 0.015454614666360734 1.0050199036926795
 0.01839664971411758 1.00681104103211
 0.021381075158100695 1.0086102841653224
 0.024408524246759863 1.0103597544619864
 0.02747955572872724 1.0120418838948104
 0.030594840102361413 1.0136137850439133
 0.03375497336620334 1.0151189729679995
 0.03696062601861162 1.0165727565338332
 0.040212394058127224 1.0179868053140184
 0.04351124598237921 1.0194657238193237
 0.046857032791732346 1.0209006533081948
 0.05025161698162714 1.0224041335015164
 0.05369462605297551 1.024051239244117
 0.057187177503041746 1.0257454241614419
 0.060730388829090175 1.0275821914263084
 0.0643242600311208 1.0295945153286836
 0.06796990860639791 1.0317431845239984
 0.07166807955309774 1.034010532135192
 0.0754191453703084 1.0363938156987085
 0.07922459605438228 1.0389046067484506
 0.08308443160531939 1.0414946143258723
 0.08699976952038405 1.044080643574511
 0.09097135479775247 1.046648861281346
 0.09500030493468894 1.0492652565336744
 0.0990869924302816 1.0518857929000158
 0.10323253478179474 1.054468335807449
 0.10743730448831648 1.0570401078913523
 0.1117027915461992 1.0595422582679286
 0.11602936845453105 1.0619910954903478
 0.12041815271057632 1.0643483696401683
 0.12486988931251122 1.0665528680778995
 0.12938569575760006 1.0686185733047002
 0.13396631704401907 1.0705500335712332
 0.13861249816994442 1.0722670940670849
 0.14332535663264048 1.0737053865529864
 0.1481060099293715 1.0748248741984645
 0.15295520305831373 1.075588938436448
 0.15787405351673145 1.0760141376399548
 0.1628633063028009 1.0760672912708091
 0.16792407891378638 1.0757519631257328
 0.17305748884695224 1.075045805161689
 0.17826428110047463 1.0739172511135928
 0.18354594567070598 1.0724185124719523
 0.18890285505673443 1.0704990963171979
 0.19433687175400044 1.0678687734324852
 0.1998487407606803 1.0654095442723965
 0.20543957957403824 1.0622669204082849
 0.21111013319225055 1.0586273655482725
 0.21686226411075768 1.0545264453642156
 0.22269634482864775 1.049943191452111
 0.2286142378413613 1.0448319615310593
 0.23461668814707454 1.039238216527297
 0.2407048132430518 1.0331728480735864
 0.24688010312564546 1.026583998104881
 0.25314367529211984 1.019449934945204
 0.2594970197388274 1.0117797626365266
 0.26594088146394423 1.0035862857575724
 0.27247712296291104 0.9948962604209058
 0.27910648923390385 0.9856587652153638
 0.2858304702732752 0.975864989233754
 0.29265055607737744 0.9655585440699781
 0.29956786414347497 0.9546937741427278
 0.3065842569670082 0.9432457464885573
 0.3137004795461534 0.9312661667416622
 0.320918021877263 0.9187716274768776
 0.32823874645577744 0.9058144700419889
 0.33566377077896115 0.892371838305319
 0.34319495734225464 0.8783980928952249
 0.350833051143834 0.8639249534588765
 0.35858028717822793 0.8489139386794861
 0.36643741044361267 0.833430886149429
 0.3744062834354287 0.8175769669793994
 0.3824895136472927 0.8013879068325498
 0.3906882185764692 0.7848962289520702
 0.3990023982229579 0.7680665717057339
 0.40743577757764005 0.7509317524010449
 0.4159883566405156 0.7335732927675127
 0.4246601354115845 0.716045029669608
 0.4334585638726088 0.6984385461333469
 0.4423799170327076 0.6807855344621382
 0.45143164487364296 0.6631253426816092
 0.4606062974136527 0.6453952174248099
 0.46991504962538005 0.6275811995168291
 0.4793541765179439 0.609736022247691
 0.48892740308222526 0.5919455328013273
 0.4986384543091053 0.5743071220020902
 0.5084873301985839 0.5568384615624344
 0.5184740307506611 0.5395032294994541
 0.528602280956218 0.5222852726864909
 0.5388720808152545 0.5052203947207662
 0.5492908803095327 0.48835541229575924
 0.5598549544481716 0.47174740161746187
 0.5705680282220523 0.45539804523151484
 0.5814338266220557 0.4393123018220174
 0.5924523496481819 0.4235655448880865
 0.6036273222913119 0.40791201210283395
 0.6149587445514458 0.39251486843046474
 0.6264503414194645 0.37730102080514194
 0.6381058378862492 0.3623306847754845
 0.6499252339517997 0.3476497265810165
 0.6619122546069972 0.3332471271135851
 0.6740631748609606 0.3191282508579073
 0.686389169686333 0.3053226196727869
 0.6988902390831144 0.29185828833648814
 0.711566383051305 0.278777066848587
 0.7244176015909045 0.2660876249066914
 0.7374550696745562 0.2537767818672287
 0.7506713373204981 0.24180419615620907
 0.7640738545104919 0.23009905789962853
 0.7776663462354191 0.218601977107739
 0.7914488124952794 0.20733748091444343
 0.8054249782809542 0.19631035896882856
 0.819598568583324 0.18549044528221734
 0.8339695834023892 0.17483886947417615
 0.8485417477290309 0.16435609880379445
 0.8633150615632488 0.1540316825907972
 0.8783006998776862 0.14390418573035674
 0.893491212690581 0.1340889353360202
 0.9088977749745762 0.12461163147562729
 0.9245166617387909 0.11548619646784233
 0.9403553229649873 0.10673988200977114
 0.956413758653165 0.09835889134097076
 0.9726994187850865 0.09034765013382098
 0.9892085783698706 0.08270254659892275
 1.0059486873892793 0.07543997051751819
 1.0229234708341939 0.06856767332696842
 1.0401329287046142 0.062031777112616066
 1.0575845109823023 0.05582284006597544
 1.075274492676377 0.04995268693470121
 1.093214048759482 0.04436535173902438
 1.1113994542407355 0.03903553579887651
 1.1298381591019 0.03401925315006327
 1.1485338883338567 0.02935605317118671
 1.167490366927486 0.025092195436009237
 1.186703869891908 0.0212262142209516
 1.2061892971906456 0.017707506351850054
 1.2259391988419375 0.014526670806950387
 1.2459647498184263 0.011690650362184432
 1.2662659501201126 0.009199648209092375
 1.286850249728758 0.007019153201416835
 1.3077139236534818 0.005130982752907222
 1.3288681468669272 0.003532198360183051
 1.3503129193690937 0.0022010461588229226
 1.3720519661508623 0.0011113457225743692
 1.394089012203115 0.0005050750385992279
 1.416431507507613 -0.000485767480135987
 1.4390794520643564 -0.0010236474346679225
 1.4620365708642264 -0.0014107066984130764
 1.4853103138889854 -0.0016885456216640703
 1.508900681138633 -0.0018795599675721034
 1.5328188475858124 -0.001999055486301761
 1.5570573632487612 -0.002075457928377915
 1.5816311280910043 -0.002134805499632831
 1.6065401421125411 -0.0022152120771270337
 1.6317881303042527 -0.002324870204378133
 1.6573788176570206 -0.0024691853499538585
 1.6833196541526065 -0.0026432524215545352
 1.7096106397910105 -0.002829372014979474
 1.7362629495448756 -0.0030273605680323683
 1.7632728584233208 -0.0032366682419463005
 1.7906515413989894 -0.0034477219150009005
 1.8183989984718814 -0.0036535583064744234
 1.8465226796237588 -0.0038687919669569085
 1.8750300348363833 -0.004081847218551427
 1.9039173391188744 -0.004294898790718716
 1.9331957674438751 -0.004521931739396998
 1.9628690448022665 -0.004755195133130897
 1.9929446211758104 -0.004974340681521933
 2.023422496564507 -0.005165172505210673
 2.0543063959592374 -0.00532988780440287
 2.0856074943326446 -0.0054711332402067134
 2.1173295166756096 -0.005599000969554979
 2.1494761879790136 -0.005736880575815649
 2.1820512332337376 -0.0058963335835124425
 2.215058377430663 -0.006051631805913552
 2.248512520533313 -0.006160724422051649
 2.282406212559927 -0.006112148589716504
 2.3167543534740274 -0.006051520932392474
 2.3515569432756154 -0.005775783650372843
 2.3868251569373333 -0.005437367328505231
 2.4225552694683015 -0.005100107399560341
 2.458762180832043 -0.004714210719504263
 2.4954458910285573 -0.004202643396899529
 2.5326175750304896 -0.0035772903756499347
 2.5702735078469563 -0.002910876623897953
 2.6084285894414836 -0.0022511457514152056
 2.647086544804951 -0.0016381473770391488
 2.686251098928241 -0.0010637870164818554
 2.7259297017931146 -0.00042958669678399864
 2.766126078390453 0.00028784651576758963
 2.806847678702019 0.000967842950972186
 2.848101952709574 0.001467459994883707
 2.889892625404 0.001767086824983016
 2.9322271467670573 0.0018953494861023328
 2.975112966780509 0.001615883723122128
 3.018553810435237 0.0013251331710297366
 3.0625571277130015 0.0006425918788753739
 3.1071303685955667 -0.00015588056630780637
 3.1522772580738114 -0.0009536127595776479
 3.1980052461295 -0.0016823002007697065
 3.2443217827443926 -0.0022840689272717635
 3.291234317900253 -0.002716415646633584
 3.3387465765879605 -0.003014746694383134
 3.3868697337801597 -0.003217514135314831
 3.4356037894768496 -0.0033201449915783924
 3.484959918650674 -0.003258483138717244
 3.5349455712833944 -0.00317515834619659
 3.5855644723658924 -0.0032009115926379447
 3.63682407187993 -0.0031837345258211303
 3.6887318198072694 -0.0031002933504760835
 3.7413063411023146 -0.0030868342208315675
 3.794536460792424 -0.002877621120088822
 3.848399828932311 -0.0027275244171967752
 3.9029709453395958 -0.002617752391107953
 3.958249810014279 -0.0024916216931093896
 4.01419917304755 -0.002368791367875313
 4.07081903443941 -0.0021267613904838987
 4.128183894007477 -0.0017666021058776278
 4.186219251934132 -0.0014595034446742245
 4.244999608036996 -0.0011127156242810206
 4.304524962316068 -0.0006858000932478571
 4.3647580648625395 -0.0003721685557506485
 4.425736165585219 -0.0003480818192118739
 4.487459264484108 -0.0006339160177924411
 4.549927361559204 -0.0014225666381484858
 4.61317770671932 -0.0028191102535717128
 4.677173050055645 -0.004618657278713622
 4.741950641476988 -0.006265779097451151
 4.807547730892162 -0.007221437262546836
 4.873889818483543 -0.007243734582371945
 4.941051404068755 -0.0072786069357022275
 5.009032487647796 -0.007505354791308805
 5.077833069220667 -0.0077103152197547245
 5.147415898878557 -0.007873032243930003
 5.2178554764390865 -0.007913924448378306
 5.289151801902256 -0.008014800191678259
 5.361267625359255 -0.00787239330287195
 5.434202946810084 -0.007759052629837775
 5.508032266072362 -0.006959448706363235
 5.582755583146093 -0.005763199009020548
 5.658298398213652 -0.004285546701942141
 5.734772461001471 -0.003124813478284307
 5.812103271691932 -0.0030988982480343596
 5.890328080193841 -0.0027032436869607727
 5.969484136416013 -0.002238931832015935
 6.049534190449633 -0.004838565696764371
 6.130478242294706 -0.005397188988752156
 6.21239079176885 -0.005353871728439409
 6.295197339054443 -0.005314431200709467
 6.378972383969108 -0.004799325142192132
 6.463678676604033 -0.00434544425941786
 6.54935346686803 -0.0039025753593611903
 6.6359967547610985 -0.0032163425173727944
 6.723608540283237 -0.00232340562683659
 6.812151573525639 -0.001862296186433606
 6.9017376042147305 -0.0021081002168496323
 6.992292132532894 -0.003283046271632977
 7.083815158480129 -0.0046487069585480455
 7.176381181874056 -0.005103753184135105
 7.269952952805865 -0.004933704963442164
 7.364530471275556 -0.004818823570485708
 7.4601509871919385 -0.003962824518317152
 7.556777250646203 -0.003151279641088282
 7.654446511547159 -0.0016588036713106207
 7.753196019803618 -0.0007240083935432175
 7.85295127559796 -0.0000792067636745477
 7.953786778747802 0.0007621199744686515
 8.055665279344337 0.0012163352763417605
 8.158624027296376 0.0009793644458034592
 8.262700272512726 0.0004564042427340366
 8.36781951517577 -0.00032883812549840726
 8.474019005194316 -0.0017727540667468189
 8.581335992477175 -0.00202654427107732
 8.689733227115536 -0.0018948334055067864
 8.7992107091094 -0.0016132909957487773
 8.909842938276388 -0.0010895321697574351
 9.021592664707688 -0.000662267824529021
 9.13442263849449 -0.00041071915722216534
 9.248407359454417 -0.0002459482273297441
 9.363509577678656 -0.0000945447049854275
 9.47976654307602 7.410283159860193E-7
 9.597141005737694 0.00003663344362101693
 9.715707465481303 0.00004718339228883501
 9.835354172580418 0.00005052816669202809
 9.956192876761463 0.00005123355376694474
 10.078186328115633 0.00005089762563212659
 10.201334526642926 0.00005049557621144466
 10.325674722252153 0.000050898815598933774
 10.451132415125691 0.00005058102665883311
 10.577819354989977 0.00004957547805421577
 10.705623792118573 0.00004940161768959152
 10.834657476237915 0.00004929621792662295
 10.964845907530378 0.00004852132340003344
 11.096226335904777 0.00004781333847750476
 11.2287615114523 0.00004718049625993255
 11.362525933990568 0.000047265149111703964
 11.497445103701958 0.00004670440728329654
 11.63359352040409 0.00004616875361746127
 11.77089668427935 0.00004637132892529785
 11.90942909514535 0.000045895303770287895
 12.049116253184478 0.0000461249200416155
 12.190032658214346 0.000045686260502857786
 12.33214106032615 0.00004525989438264923
 12.475441459519887 0.00004552467112873541
 12.619933855795558 0.00004512066994098657
 12.765655499061975 0.00004473406050419499
 12.912531889501514 0.00004500671820593456
 13.060637526931796 0.00004463957577247873
 13.209897911535204 0.00004427063605879695
 13.360387543129356 0.00004454753308088525
 13.51206917180544 0.00004419354285818758
 13.664942797563459 0.000044475350941374373
 13.818971170494601 0.00004413416650799062
 13.974228790416488 0.00004378955854252711
 14.130641157511498 0.00004407481735005728
 14.288245521688442 0.000043741327771262335
 14.44704188294732 0.000044013901142280046
 14.60703024128813 0.00004429725609888023
 14.768136096893256 0.00004398033088324054
 14.930433949580316 0.00004365803220200976
 15.093923799349307 0.00004335035070850922
 15.258531146382612 0.00004362674934145584
 15.42433049049785 0.00004390342203704619
 15.591247331877403 0.00004360549042440068
 15.75931892043008 0.00004387947996127039
 15.928508006247068 0.000044153768578781546
 16.09885183923718 0.00004386015760048094
 16.270313169491605 0.0000435751765739462
 16.442891997010346 0.00004384715666864643
 16.616588321793394 0.00004412388445885962
 16.79136489393195 0.0000438473262570307
 16.967258963334817 0.000046289595319411135
 17.144233280093186 0.00004602360090065526
 17.322287844207057 0.000043047035183309096
 17.50142265567643 0.00004278822762802199
 17.681637714501306 0.00004254125610636997
 17.862858520864066 0.00004229715911581282
 18.04515957458233 0.00004729745989414181
 18.228466375838472 0.000047068555640864764
 18.412778924632498 0.000041593853050499576
 18.598134470873212 0.000046521718725073364
 18.784495764651812 0.00004630283450937237
 18.971825556059482 0.00004603755713702399
 19.160123845096223 0.00004582241077066528
 19.349427881670845 0.000045563166727084034
 19.53966316596573 0.00004536641420804303
 19.730829697980877 0.000045120427188476245
 19.92292747771628 0.00004991011546520405
 20.115919255263133 0.00004967466426864044
 20.30984228053025 0.00004451249620762225
 20.504622053700007 0.00004429149671949059
 20.700295824681216 0.00004900467528353439
 20.89682634356506 0.000048791513972040466
 21.09421361035155 0.000048589325025193966
 21.292383125223054 0.00005321785941987015
 21.4914093879972 0.00005301878775769869
 21.69121789885636 0.00004800612231699904
 21.89177140789174 0.00004781926532874313
 22.093144414920943 0.000052393093228714304
 22.295225170217545 0.0000522228203406987
 22.49805092369035 0.00005201890394199332
 22.70158442543056 0.00005656009504939727
 22.90582567543817 0.0000516847325832104
 23.11070017389555 0.000051500714795021965
 23.316282420620333 0.000056007498708642566
 23.522497915794894 0.0000558407999199205
 23.72930940951042 0.00005567509875600008
 23.936754151675725 0.00006012980703478959
 24.144794892381995 0.00005998141203117328
 24.353357131811613 0.000059813952117243904
 24.562478119873386 0.00005966549937354402
 24.772157856567315 0.000059506544732761966
 24.982321842075784 0.00006394228567340696
 25.192970076398783 0.00006379545719477689
 25.40410255953632 0.0000636605075972185
 25.61564479167077 0.00006806550510028638
 25.827634022710946 0.00006793597926444264
 26.04003300274804 0.00006779754527297699
 26.252841731782045 0.00007219494717638121
 26.465985709995344 0.00007658232457359008
 26.67946493738794 0.0000764766737164545
 26.893242164051017 0.00007635702417040164
 27.10735463989339 0.0000807391547216359
 27.321727865097433 0.00008064100523619847
 27.53636183966315 0.00008501567752166209
 27.75125656359054 0.00008939928939483141
 27.966337537061982 0.00009378569788299422
 28.181604760077477 0.00009371676914771429
 28.397020982728215 0.00009809871143111894
 28.612623454923003 0.00010694559228569353
 28.828337676844225 0.0001113523278922943
 29.044126398583064 0.00011575775004442068
 29.26002687004834 0.00012461768779360692
