 0.0020973458713674435 0.00003893002491385059
 0.0063222733745422555 0.00048651420238914045
 0.010608086114817306 0.0018644908313985359
 0.014955726445805699 0.004662077719702815
 0.019365998815713735 0.009232238400274421
 0.023839822593920063 0.01570924037500742
 0.028378117149803306 0.023990758197199227
 0.03298180185274212 0.03379205644907322
 0.037651853532701285 0.04473923531043464
 0.04238913409847328 0.05645724802912496
 0.04719467784060909 0.06862428461163812
 0.05206940412848732 0.08099232102080504
 0.05701434725265897 0.09338606782149354
 0.06203042658250265 0.10568882468638822
 0.06711913609325866 0.1178271879698067
 0.07228024594258234 0.12975241306328797
 0.07751662915978191 0.14143773822101033
 0.08282771113899576 0.15287647300651838
 0.08821521569780881 0.16407435207963103
 0.093680866653806 0.17503902165344024
 0.09922466400698735 0.18576952595130944
 0.10484833157493778 0.1962572629835103
 0.1105530185693806 0.20650318852667926
 0.11633929959617748 0.216539798986457
 0.12220947307877496 0.22642921984421532
 0.1281635390171731 0.23624026701778153
 0.13420322122895678 0.2460044811361597
 0.14032966892584933 0.25571995064607694
 0.14654460592543572 0.2653790293344413
 0.15284860683357757 0.27498171720125275
 0.15924339546785982 0.284549041332514
 0.16572954643414414 0.29411063080395644
 0.17230935815587708 0.3036645740623069
 0.17898340523892034 0.31315448028601256
 0.18575341150085883 0.32250102001424474
 0.19262052615341585 0.33163824465908576
 0.19958647301417637 0.34052410004852995
 0.20665240129486365 0.34912131089375426
 0.21381946020720102 0.35737922103302483
 0.22108937356877342 0.36523857231487916
 0.22846386519716577 0.37265635479067527
 0.23594408430410135 0.37964117045014156
 0.24353175470716518 0.38625036589146744
 0.2512280256180805 0.3925498897025707
 0.25903462085443224 0.3985588574161811
 0.2669532642338054 0.40424763995656743
 0.2749851049679232 0.4095875640246351
 0.2831324414802323 0.4145671603007461
 0.2913958483765944 0.41916444592226126
 0.29977819868631755 0.4230770851089168
 0.30828064162112523 0.42704578006675487
 0.3169049009986023 0.43027248199154394
 0.32565212603047206 0.4329840203092651
 0.3345251897460428 0.4351144464320004
 0.3435246667511761 0.4365653153661917
 0.35265343007518024 0.4372486956612818
 0.3619126289297785 0.4371254004751747
 0.37130398713255586 0.4362002086910527
 0.38082980310695885 0.4344893685117362
 0.39049180067057254 0.4320473592055052
 0.4002922782468434 0.4289821835322829
 0.41023238504749465 0.425332072557529
 0.42031499410183476 0.42099475818113896
 0.4305412546215869 0.41587561851610044
 0.44091346503019757 0.40996700734932146
 0.4514339237511135 0.4033272270556279
 0.4621043546019197 0.3960489879687593
 0.4729276306119242 0.388230735082274
 0.4839049009928505 0.3799489305270912
 0.495038464168145 0.37124945158176254
 0.5063311931671161 0.36215619266220006
 0.5177848118073486 0.35275708521896093
 0.529402193118151 0.34320409773724697
 0.5411844863112463 0.3335918521040706
 0.5531351390218044 0.3238782941474263
 0.5652553004615488 0.3140051214924883
 0.5775478436597877 0.30405644248326763
 0.5900167908575525 0.2941679774021458
 0.6026638658724284 0.2844372154660447
 0.615489068704415 0.2748660682282375
 0.6284981454121291 0.2653436655988911
 0.6416910959955706 0.2559378677191966
 0.6550679204547395 0.2466907287611593
 0.6686401109068687 0.23754394634995338
 0.6824019212933419 0.22847553762293965
 0.696364843731392 0.2194472715146585
 0.7105173861037859 0.21045341336529097
 0.7248767865863731 0.2015818946253941
 0.7394372991205372 0.19296939135398591
 0.7542046697648946 0.18468185213898422
 0.7691846445780619 0.17662369931674005
 0.784377223560039 0.16868119546751112
 0.7997824067108259 0.16080559598283645
 0.8154059400890391 0.1530322645982662
 0.8312478236946785 0.14539656504935045
 0.8473195496449772 0.13792430330527441
 0.8636153718813188 0.13051129971266076
 0.8801410364623196 0.12315755427150943
 0.896902289446596 0.11606664740539276
 0.9138991308341483 0.10972659211980552
 0.9311373066835926 0.10329651576525464
 0.9486168169949294 0.09743569343030015
 0.9663434078267749 0.09176918048554401
 0.9843228252377455 0.08624584288093401
 1.0025550692278413 0.08075911152150157
 1.0210458858556788 0.07536671531609064
 1.0397895290626413 0.07039658122868085
 1.0588032370245786 0.06600765491392041
 1.0780870097414905 0.062033726814723786
 1.097640847213377 0.05830572004409593
 1.117464749440238 0.05481388568034467
 1.1375759545979234 0.051539299346067505
 1.1579629705691998 0.04837128210675893
 1.1786372894713 0.04524895099067457
 1.199604657362841 0.04225861262808942
 1.2208650742438225 0.03950597591499925
 1.2424242861728612 0.03699123200673135
 1.2642880392085731 0.034628361006001654
 1.2864563333509587 0.032365846552103374
 1.3089349146586344 0.030252528831161127
 1.3317237831316 0.02824023670069583
 1.354840176945705 0.026290739095247904
 1.3782726039837165 0.02457397310078521
 1.402038302421484 0.02301051367881545
 1.4261315262003909 0.02146836807583941
 1.4505637674376701 0.020032982723159266
 1.4753350261333218 0.01873972135632513
 1.5004567944045788 0.01757319597148952
 1.525923326192825 0.01648523542617336
 1.5517461136152928 0.015403105118339786
 1.5779309027305988 0.014324797917052172
 1.6044776935387435 0.013242189720900353
 1.6313979781569592 0.01216101518970327
 1.65868601052663 0.011141488251559768
 1.6863590288236046 0.01017796982431456
 1.7144112869892674 0.009235583618502135
 1.7428542771408506 0.008310114659155578
 1.7716937453369714 0.007416587755000506
 1.8009354376362454 0.006562782927857944
 1.8305736079800572 0.005742420725226153
 1.8606312406028718 0.004938899306929311
 1.8910968433874569 0.004133523681957678
 1.9219876545096612 0.0033189917168084744
 1.9533036739694851 0.0025066867112222917
 1.9850563938841619 0.001715427907171611
 2.0172400681950746 0.0009582807712772458
 2.049871935078073 0.00024316869185569495
 2.082951994533157 -0.0004249669658823899
 2.116485992618943 -0.0004395173814783879
 2.1504796753940476 -0.0004542672544506164
 2.1849445349757035 -0.00213910457459474
 2.219880571363911 -0.002611478061647016
 2.2552935306172865 -0.0030448271886314203
 2.291194904853063 -0.0034570154208839435
 2.3275846940712404 -0.003868735322584587
 2.364480136447668 -0.004290032106182857
 2.4018697398651128 -0.0047144064905506235
 2.4397764885580413 -0.005131889725369299
 2.478200382526453 -0.005544622750304621
 2.5171471678289645 -0.005964399849050873
 2.5566225905241926 -0.00639283628412372
 2.5966381427293697 -0.006810223941278747
 2.6371938244444957 -0.00718963859266604
 2.678306873845421 -0.007514277685016112
 2.719971544873528 -0.007777336088677157
 2.7622050757046672 -0.007979855600182948
 2.8050074663388376 -0.00813838071311112
 2.8483902088932735 -0.008290951337593961
 2.892364795485206 -0.008468200114830965
 2.93692548005602 -0.008639370152659896
 2.9820895007815644 -0.008643433477653303
 3.027862603720456 -0.008546595292357288
 3.074256280989928 -0.008448444211754726
 3.121270532589979 -0.008267219403709924
 3.168911104579227 -0.008260959066740917
 3.2171952351335213 -0.00844663779391176
 3.2661286703114776 -0.008710499049947456
 3.3157171561717127 -0.008930480600601911
 3.3659664387728436 -0.009051233420856012
 3.416882264173486 -0.009134844761016126
 3.468487616608106 -0.009329976119121852
 3.5207710039594717 -0.009680870395676295
 3.5737554104620473 -0.010174720183750494
 3.6274408361158335 -0.010853608328649088
 3.68184451909668 -0.011694405035769026
 3.736960713345971 -0.012509395773703743
 3.7928124030981714 -0.013059540805667182
 3.8493995883532808 -0.012921773916609498
 3.90673950728715 -0.012782174425757888
 3.9648264138411613 -0.01193306246190049
 4.023683292249782 -0.010717027847294718
 4.083315888571626 -0.009209165952269562
 4.143729948865313 -0.007472930787721571
 4.204936965248073 -0.005552268963396539
 4.266942683778525 -0.0036169837565332152
 4.3297585965739005 -0.001856901964904808
 4.393396195751433 -0.000315560170080057
 4.457861227369739 0.0010114506255651647
 4.523165183546051 0.0020048848615324996
 4.589319556397602 0.0027061286219585857
 4.65633009198301 0.003372811499209206
 4.7242082824195055 0.004180767721099361
 4.792965619824323 0.0052527476810534145
 4.862607850256079 0.006543332873305379
 4.933146465832006 0.007885061673375906
 5.0045929586693365 0.009044638562064234
 5.076958820885305 0.009610334079903358
 5.150249798538526 0.009395962938105096
 5.224483129804851 0.008542301477458008
 5.299658814684277 0.007255042387901027
 5.375794091352658 0.005567609178412198
 5.452900451927222 0.0033451608811155605
 5.530983642466589 0.0008372899626406583
 5.610055155087991 -0.0013691309162386835
 5.690126481908662 -0.003263432420929331
 5.771226353221681 -0.00520428980558339
 5.853337530851201 -0.007088469635693612
 5.936425538445524 -0.008438723963361625
 6.020605297176977 -0.009001437458094903
 6.105876807045562 -0.0094639760035577
 6.1921826074651145 -0.0096069778553795
 6.279522698435634 -0.00936374229153071
 6.368012001129449 -0.009117306259736542
 6.45753559437423 -0.008674189095527213
 6.548208399342308 -0.008609129379881363
 6.640030416033682 -0.008831538603192503
 6.732944183862188 -0.010369603039930732
 6.82700716341399 -0.012607936344925826
 6.922219354689089 -0.013044813675209052
 7.0185807576874835 -0.012904242956802908
 7.116148832995338 -0.012761911961064307
 7.214866120026491 -0.012033227853404604
 7.3147900793671035 -0.012103668591513891
 7.415978171603343 -0.012218997182372024
 7.518315475562877 -0.011660134529324226
 7.621916912418039 -0.011094368463380829
 7.726782482168827 -0.009279071455462414
 7.83291218481524 -0.007820642328076503
 7.940248559771114 -0.007397319298008876
 8.04890652820878 -0.008458642348466069
 8.158886090128235 -0.007836352292110963
 8.270129784943316 -0.007206909476487409
 8.382637612654024 -0.005857305076932208
 8.496524494432688 -0.006008633191787614
 8.611790430279306 -0.006835456444482074
 8.728320499021551 -0.00685273076872461
 8.846287082417916 -0.006254922873474469
 8.965575259296072 -0.00565041766619766
 9.086242490242183 -0.003573342995311098
 9.208346235842415 -0.0013547082467940549
 9.331829035510601 -0.000980884888730226
 9.456690889246744 -0.001990978311471575
 9.583046718223173 -0.005324918374874748
 9.710781601267557 -0.006313275241950163
 9.840010459552225 -0.007313191838465056
 9.970675832491015 -0.007746292463523973
 10.10283518067009 -0.009193462542132037
 10.236488504089447 -0.010253189445606294
 10.371635802749092 -0.010723049240104601
 10.508219616062858 -0.010888618155020987
 10.646412325789237 -0.010327822643506821
 10.786099010755901 -0.009760964477814127
 10.927279670962854 -0.008265336523736039
 11.070069227582417 -0.007090104013742009
 11.214410220028434 -0.005970918245711733
 11.360302648300898 -0.004382417475865945
 11.507803972985979 -0.0020909047588165675
 11.656856733497508 -0.0009475808518317442
 11.807518390421652 -0.0005481292990370817
 11.959846404344576 -0.00008178171554387785
 12.113725854093952 0.00038931554156468974
 12.269271660842104 0.0007362462124076098
 12.426426364002875 -0.0009554793899556947
 12.585247424162421 -0.003032966000572584
 12.745792301906915 -0.004591885483519016
 12.907946076064023 -0.003971733541354525
 13.07176620721991 -0.0033452086699473855
 13.237310155960742 -0.0018314209597759942
 13.404520461700352 -0.001407400212763729
 13.573397124438744 -0.0009280275734024391
 13.744055065348244 -0.0004738797910313839
 13.91643682384269 -0.00027621562483896086
 14.090484939335914 -0.00016283088667555802
 14.266314333000247 -0.00009350209910516338
 14.443867544249525 -0.00006287796431773508
 14.623202033669914 -0.00004775776908379623
 14.804260340675244 -0.000037164036422608675
 14.987157386437849 -0.000028722234858477556
 15.171720789199238 -0.000021969959654669176
 15.358122930717895 -0.00001665574597812311
 15.546306350407665 -0.000012534245966252475
 15.736271048268543 -0.000009374018306531296
 15.928074484886695 -0.0000069724956986219585
 16.12160173908979 -0.000005160754179791287
 16.31702519263633 -0.0000038023088463485567
 16.514172463767807 -0.0000027891664961368055
 16.713215934242726 -0.000002037209227378579
 16.914040682888754 -0.000001481587595288055
 17.116704170292056 -0.00000107279237009507
 17.321148935866468 -3.8462076672625265E-7
 17.527489900784317 -3.90267018332629E-7
 17.73561214387328 -3.3592848034518663E-7
 17.945630586305676 -2.8109486456824047E-7
 18.157430306909184 -1.983714409034254E-7
 18.37112622685613 -1.3908174881206336E-7
 18.586603424974186 -9.68039250735805E-8
 18.80397682243568 -6.682264565185513E-8
 19.02318895865445 -4.569004190841454E-8
 19.24423983363049 -3.089366379891837E-8
 19.46712944736381 -2.0611323165899147E-8
 19.691915260440567 -1.3526628847919671E-8
 19.918482351688432 -8.693189935060627E-9
 20.146945642279736 -5.433752660471823E-9
 20.37719021104215 -3.2663857707360844E-9
 20.609330979148 -1.8500299308884474E-9
 20.843310486011127 -9.448549768644757E-10
 21.079128731631528 -3.83432736367096E-10
 21.316728255423037 -4.977923666997183E-11
 21.556223978557984 1.3570212262543597E-10
 21.797500979864044 2.2706194397757151E-10
 22.040616719927375 2.6053515334071176E-10
 22.28557119874798 2.6004388414955607E-10
 22.532364416325862 2.4107362946850964E-10
 22.78088145148869 2.1339624962904256E-10
 23.031237225408788 1.8296527729984883E-10
 23.283431738086158 1.5322533147883712E-10
 23.537350068348474 1.2600385709497556E-10
 23.793107137368064 1.0211517584255345E-10
 24.0505880239726 8.176200794617014E-11
 24.309850188748246 6.480079575502495E-11
 24.570836171108837 5.090848676598434E-11
 24.833603431640533 3.968766905359593E-11
 25.09809450975718 3.0729270217442155E-11
 25.364309405458766 2.36473476517085E-11
 25.632248118745295 1.809657925763125E-11
 25.90185318903061 1.3778284836307393E-11
 26.173182076900865 1.0441381865331104E-11
 26.446177321769902 7.878180081593179E-12
 26.720838923637718 5.920080486416848E-12
 26.99716688250431 4.431716434776081E-12
 27.275161198369684 3.3056204016639845E-12
 27.55470695006151 2.4572921746485068E-12
 27.835919058752115 1.8207831658118644E-12
 28.118682603269168 1.3449975561673201E-12
 28.402997583612674 9.906242526560554E-13
 28.688921460368793 7.275696721015568E-13
 28.976396772951365 5.32927671633714E-13
 29.265366060774213 3.893461264170574E-13
 29.555829323837354 2.837385427447708E-13
 29.847844022726946 2.0627953679374067E-13
 30.141295236270654 1.4961823045272518E-13
 30.436182964468486 1.0827802359463867E-13
 30.732507207320435 7.8190366233272E-14
 31.03021050424034 5.6345039852001084E-14
 31.32935031581437 4.0520532814633E-14
 31.629811720870183 2.9083136116416045E-14
 31.93165217999396 2.0834305855192182E-14
 32.23481423259952 1.4897594855300417E-14
 32.539297878686874 1.0633492969265522E-14
 32.844988197083694 7.576747245977076E-15
 33.1520001089623 5.389653126464191E-15
 33.46021869315036 3.827656042748262E-15
 33.76958648906173 2.7140806835741793E-15
 34.080218417868714 1.9215411388306023E-15
 34.39194209781284 1.3584357756763644E-15
 34.704814989480255 9.589784882218832E-16
 35.018779632284804 6.760580902779475E-16
 35.333836026226486 4.759738976419327E-16
 35.649869250132966 3.346804816930323E-16
 35.96699422517658 2.3504076733898706E-16
 36.285096030184995 1.6487242557109988E-16
 36.60411720457205 1.1552089894595718E-16
 36.9241152089239 8.085411571916864E-17
 37.24503258265439 5.653351900471682E-17
 37.566754404591194 3.948867635787879E-17
 37.889338135320465 2.7557429871587627E-17
 38.21278377484221 1.9213690990360343E-17
 38.53697640198409 1.3386034104692043E-17
 38.86191601674612 9.317818640305704E-18
 39.18760261912829 6.481713953550892E-18
 39.513921287958276 4.50524433142123E-18
 39.84092948382224 3.1294229787271185E-18
 40.16856974613401 2.173512533508367E-18
 40.49684207489359 1.508244205679751E-18
 40.82563154892867 1.0453615806278172E-18
 41.15493816823923 7.246975633089054E-19
 41.4847044722391 5.013469000108232E-19
 41.81498792151445 3.4773447899420786E-19
 42.14567359489296 2.3946983627248E-19
 42.47676149237463 1.6485713314491607E-19
 42.80825161395945 1.1349560825323562E-19
 43.140029038475085 7.826501238858184E-20
 43.47209376592155 5.319843200934988E-20
 43.80438833571267 3.5963389811850387E-20
 44.13697020843462 2.26738891474438E-20
 44.46972446291507 1.5787231748544973E-20
 44.80259363856784 7.629592136208588E-21
 45.135635195979106 4.7599205739802605E-21
