 0.0007854641103472568 2.0959496403687905
 0.002367715739831344 2.0933447846662943
 0.003972769125213251 2.0926856849910216
 0.005600977181552174 2.094018425831785
 0.007252641177801085 2.0972312200020635
 0.00892810542133481 2.102168536142873
 0.010627714219528173 2.1086327451977183
 0.012351811879756001 2.1164007028642966
 0.014100764228604047 2.1252401425695444
 0.015874894054236206 2.134920772764255
 0.017674588702449163 2.145229660785834
 0.019500192480617736 2.155976352374446
 0.02135209273453861 2.1669880646053303
 0.023230633771586604 2.178109535714861
 0.025136375091245822 2.1892168311368163
 0.027069230616672543 2.20022126649254
 0.029030276308413098 2.211031257177775
 0.031019296974358235 2.2215940345088083
 0.03303693819083574 2.231853144383023
 0.03508384553417341 2.2417760180055892
 0.03716001900437125 2.251321373823725
 0.03926610417775706 2.2604621143975963
 0.04140253143854937 2.26916229815063
 0.043569515978857436 2.2773998517123193
 0.045767918567118336 2.285139232429684
 0.047997739203332064 2.292358540577345
 0.05025962346382641 2.299044764013533
 0.05255400173281992 2.3051802117288065
 0.054881519586640386 2.310769270910007
 0.05724239221739708 2.315815897571683
 0.05963726520141779 2.3203413781778646
 0.062066353730811784 2.324357614948974
 0.06453051857401612 2.3278760884935465
 0.06702997492314007 2.3309167195456615
 0.06956536835451145 2.3334769642674904
 0.07213712925234875 2.3355539945956756
 0.07474590319297982 2.337149098832142
 0.07739212056062314 2.338254457708521
 0.08007621173949728 2.3388839704114583
 0.08279882230593003 2.339046823731211
 0.08556059783624917 2.3387695261595174
 0.08836196871467324 2.338060727392936
 0.09120358051753005 2.336946466413347
 0.09408586362903812 2.3354437952460563
 0.09700946362552525 2.3335784333105356
 0.09997502608331925 2.3313715890097364
 0.10298298138663864 2.328848815072145
 0.10603419030392047 2.3260179354314934
 0.10912886802727405 2.3228911193618536
 0.11226809051724564 2.319484923726263
 0.11545228815805385 2.3158025612162016
 0.11868210652602641 2.3118649774630304
 0.12195797600538191 2.3077110158288785
 0.12528097255666665 2.303370792049371
 0.12865131137198987 2.298870120538601
 0.13207006841189795 2.2942349807104416
 0.13553767406060938 2.289473549043637
 0.139054773894452 2.284580529688874
 0.14262222868186283 2.2795550752952938
 0.14624068399916973 2.2743827287581464
 0.1499110006148097 2.2690715596061395
 0.15363360891300126 2.2636251386131776
 0.15740958485429082 2.258024250306152
 0.16123935882289686 2.2522677423079247
 0.16512379158725643 2.2463452524263885
 0.1690637439158066 2.2402600596316082
 0.17305986138487522 2.234010834370989
 0.1771132199550086 2.227619303472052
 0.1812242500104252 2.2210842384123266
 0.18539381231956215 2.214413666442543
 0.18962298284296578 2.2076016958627505
 0.19391240715696387 2.20067975996659
 0.19826316122210277 2.1936655897665935
 0.20267567542260098 2.1865865468338455
 0.20715124091111412 2.1794325518031887
 0.2116902880718607 2.1721744278716124
 0.21629389286538706 2.1648016166016935
 0.22096356163645808 2.1573081700694576
 0.22569993996140156 2.1497024046584285
 0.23050302784021745 2.1419879301049853
 0.23537497719399844 2.1341635675392965
 0.24031578802274456 2.1262232619946917
 0.24532546032645577 2.11814140817784
 0.2504082979473174 2.1099115002639537
 0.2555621489642368 2.101512203872687
 0.26079131721939924 2.0929562360897735
 0.26609149887061945 2.084246606826201
 0.27146914968117547 2.075371460580188
 0.2769221177299745 2.0663137180131854
 0.28245255493810933 2.0570609578642167
 0.28806261322667254 2.047615564110316
 0.2937522925956641 2.037959703819467
 0.29952159304508413 2.0281005230653864
 0.3053726664960252 2.018029940448992
 0.3113055129484873 2.007729392162477
 0.3173244362446558 1.9971283086457194
 0.323427284463438 1.9861648626605553
 0.3296162095259266 1.9747913146657081
 0.3358933633532142 1.9629900474418387
 0.34225874594530087 1.9507480210576842
 0.3487145092232792 1.9380675069942412
 0.3552606531871493 1.924955883984134
 0.3618993297580037 1.9114473677318962
 0.3686326908569352 1.8975606084715033
 0.37546073648394357 1.883330969856256
 0.3823856185601217 1.8687781637700576
 0.38940518516437683 1.8539112389284476
 0.396525892059987 1.8387169770541723
 0.4037477392469521 1.8231702542877433
 0.4110707267252723 1.8072334926286397
 0.41849485449494733 1.7909192730358972
 0.42602657831925544 1.7742810090518142
 0.4336615943560112 1.7573387876883355
 0.44140420644739986 1.7401310601564768
 0.44925656651451423 1.7226618222325565
 0.4572186745573542 1.7049713409839753
 0.46529268249701256 1.6870770653605534
 0.47348074225458175 1.6689415982174256
 0.48178285383006186 1.6505258031239212
 0.4902011691445457 1.6318201892419302
 0.4987356881980331 1.6128019062197825
 0.5073928667538021 1.593466219434975
 0.5161684009696673 1.5738014300858454
 0.5250687466089069 1.5538149195434976
 0.5340917517504279 1.533467255111948
 0.5432417202364159 1.512730252550199
 0.5525186520668708 1.4916359861216812
 0.5619268510839779 1.4702671089814852
 0.5714641653666447 1.4486327884835175
 0.5811348987570563 1.4266754896373621
 0.5909412031763054 1.4043573385952401
 0.600883078624392 1.3817212009410673
 0.6109648289435016 1.3588564959825078
 0.6211843022125414 1.3358694002558553
 0.6315479541947893 1.3128130834081029
 0.6420536329691527 1.289690218876575
 0.652705642377817 1.2665272370901193
 0.6635061343418749 1.2433508758881187
 0.6744572607824187 1.2201131232562097
 0.6855568697783563 1.1967149185307768
 0.6968135690140579 1.1731071712689864
 0.7082230546473384 1.1493127986909317
 0.7197917824414756 1.1253638737522436
 0.7315197523964695 1.1012493785036475
 0.7434112683545057 1.076961058743466
 0.7554641783944913 1.0525406769024463
 0.7676849382797044 1.0280759585674064
 0.7800735480101448 1.0036426467636999
 0.7926321595069054 0.9792357332349553
 0.8053629246910787 0.9547957855892212
 0.81827014740485 0.9302560160052511
 0.8313538276482195 0.9055526055559909
 0.8446161173422797 0.8806659387681652
 0.858061320329216 0.855664248173695
 0.8716894366090284 0.8305817682866831
 0.8855069219449948 0.8054160640214754
 0.8995094724949299 0.7801696382408657
 0.9137056959432042 0.7548425745408056
 0.928095592289818 0.729378485519317
 0.9426813134558638 0.7037186113212045
 0.9574650113624342 0.677947023107817
 0.9724509898517146 0.6522004472171169
 0.987639248923705 0.6265049728770317
 1.0030362443416836 0.6009476770083734
 1.0186398241845571 0.5755720087252109
 1.0344564442156041 0.5503600685494805
 1.0504861044348244 0.5252981949991805
 1.0667331086844034 0.5005837741947831
 1.083201760806526 0.4763465468915148
 1.0998899088801002 0.4524741396292311
 1.1168040086684035 0.42892258178809584
 1.1339462120925288 0.4057084189441733
 1.1513208229946612 0.38287420178270015
 1.1689278413748008 0.36060235264243773
 1.1867694191540403 0.3391367140736434
 1.2048520120956578 0.3186060132515019
 1.2231777721207457 0.298994879333062
 1.2417488511503967 0.28013266855378566
 1.2605674011057035 0.2618510284539934
 1.2796355739077592 0.24410664861504297
 1.2989619772409335 0.22702735509954922
 1.318542307263042 0.21090574559543163
 1.3383851716584547 0.19601349861601006
 1.3584905704271721 0.18235203134589834
 1.3788649593324718 0.16971400306499265
 1.3995061864532614 0.15791497249566794
 1.4204228594739112 0.14690622703729753
 1.4416149783944214 0.13674125113283186
 1.4630889989780704 0.12745804338085362
 1.4848427693037647 0.11906536858099717
 1.5068848970558757 0.1114962105851006
 1.5292175341554952 0.10463330035915167
 1.551842832523717 0.09838757424279838
 1.574765096002725 0.092691230484497
 1.5979864765136134 0.0874910944586836
 1.6215112778985665 0.0827512124145605
 1.6453438039997699 0.07845173550737794
 1.6694862067383165 0.07457303363683132
 1.6939427899563912 0.0710930410746919
 1.7187178574961794 0.06799333853795987
 1.743813561278774 0.06524561099916254
 1.76923420514636 0.06278853951873142
 1.7949840929411234 0.06054448610591167
 1.8210653765841556 0.058469502261973026
 1.8474823599176433 0.05658000804220715
 1.8742393467837708 0.054908661407416584
 1.9013406410247242 0.05342256758973703
 1.9287883945615953 0.05202905429145116
 1.9565890631576628 0.050660821246258064
 1.9847426468129266 0.04926776101410037
 2.0132556012906644 0.047798193187651265
 2.0421322304330616 0.04626819329936758
 2.0713746861612106 0.04480334003012106
 2.1009872723172975 0.043583549224336326
 2.1309742927435074 0.04277903731746646
 2.1613465070453026 0.04253591463406854
 2.192097459459406 0.042916756792526475
 2.223214238459262 0.04377953979775921
 2.2547398824667226 0.044749769747945096
 2.2866743914817893 0.04535737862300772
 2.3189962462935343 0.04529541856135185
 2.351705446901958 0.04460074634368794
 2.3848450317289136 0.04358692687946166
 2.418371962352548 0.042629958977799136
 2.452329277194714 0.04195122617145842
 2.486716976255412 0.04146544239749284
 2.5215135403237157 0.04096389851574753
 2.5567404886105507 0.04050349170575565
 2.592397821115918 0.04033291411035255
 2.628485537839817 0.04055617253906248
 2.6650251579931745 0.04104145611936321
 2.701995162365064 0.04147666289373422
 2.739417070166412 0.04150348545040672
 2.777312400608145 0.04125489230989426
 2.8156381152684093 0.04154082454435934
 2.8544372525690593 0.04290284156857114
 2.8937098125100946 0.045035389251725656
 2.9334557950915148 0.04731589121369378
 2.9736536811023933 0.04934939536922473
 3.014346508964584 0.05114861692327076
 3.0555342786780857 0.05274007770367857
 3.0971954710319727 0.05385039487482603
 3.1393300860262445 0.05436297921889224
 3.181981162082755 0.05434176543174475
 3.2251486992015037 0.054070750490538
 3.2687896589606376 0.05398424180749239
 3.3129685989929363 0.05395066809098358
 3.3576424808765464 0.0532681801687235
 3.402832823822395 0.05149844016704783
 3.4485611470414086 0.04913531352587205
 3.49480593132266 0.04683961285626946
 3.54156717666615 0.0447760340920215
 3.5888879214937317 0.04261979092794872
 3.636725127383551 0.040120064303985944
 3.685121832757462 0.037938216372534236
 3.7340565184045382 0.03708719183217845
 3.7835507035357057 0.037420378445639425
 3.8336043881509645 0.03791394925360085
 3.8842175722503147 0.038080142215875044
 3.9353687366228303 0.037926736214642834
 3.98712243890129 0.037392361492618896
 4.039435640663841 0.03656555121749093
 4.092308341910484 0.0352324644395885
 4.145783581063071 0.03274228287519362
 4.199839838910677 0.03023350077834722
 4.254477115453301 0.029465428018156034
 4.309716929901869 0.029971500606532746
 4.365537763045455 0.030248819860742442
 4.421961134094986 0.029698628989786247
 4.479008562261388 0.028339033858417236
 4.536637009122808 0.02634556904501625
 4.5948895131011 0.024549694354250196
 4.653744554985336 0.023588611216667797
 4.713223653986443 0.023029774461841738
 4.773348329315348 0.02244699381545048
 4.834075542550198 0.02191665470475489
 4.895426812901919 0.021292762668640792
 4.957423659581438 0.020355790418176187
 5.0200445633778275 0.019328068995454452
 5.083289524291089 0.01921551494578835
 5.147201580743075 0.019923647373115676
 5.211759213522859 0.01922585224693324
 5.276940903419513 0.017220342162453783
 5.342789688854893 0.015051230421513335
 5.409284050618069 0.012854774136745137
 5.476445507919972 0.010839604555515156
 5.54425254154967 0.009033011077608424
 5.612748189929021 0.007528419027637226
 5.681867895425244 0.0065096174682522535
 5.751676215671115 0.005625794700492695
 5.822151631455713 0.004619470890765807
 5.893294142779034 0.0036581933419343104
 5.965125268852007 0.0029486104435618057
 6.037601971252777 0.00245423966475937
 6.110788807614126 0.002063910893507889
 6.1846212203032715 0.0017442851318376549
 6.259163766952995 0.0014837749451166592
 6.334373409141443 0.0012702421497601461
 6.410271666079542 0.0010932198235177196
 6.486837018556365 0.000944789203759267
 6.5641125049937665 0.0008191168619314165
 6.642055086969892 0.0007118724845620824
 6.7207078029065945 0.000619776025669941
 6.800027614382022 0.0005402922836577048
 6.8800575598180265 0.00047142819069017434
 6.9607546007927565 0.0004115818133881414
 7.042161775728063 0.0003594511343090835
 7.124257565413022 0.0003139612245439568
 7.207041969847631 0.0002742151911648258
 7.290514989031892 0.00023945659663002284
 7.374698142176729 0.00020904067485433237
 7.4595483908602915 0.00018241637953281416
 7.545108773504431 0.00015910869260225453
 7.631336251687296 0.0001387044915665163
 7.718273863830738 0.00012084608544780512
 7.8059000907238305 0.00010522061161947945
 7.894214932366574 0.0000915543873015849
 7.983196869548043 0.00007960757910474614
 8.072888940690088 0.00006916975544754548
 8.16324810737086 0.00006005586780221812
 8.25429588880128 0.00005210320147784083
 8.346032284981353 0.000045168554096062
 8.438457295911077 0.000039126128155045235
 8.531527883168598 0.00003386506705217332
 8.62528708517577 0.000029287858907006197
 8.719734901932593 0.00002530880011267955
 8.814828295017216 0.0000218525372888303
 8.910610302851488 0.000018852868832018166
 9.007037887013558 0.000016251571163715334
 9.104132566714354 0.000013997689346699836
 9.201872822742946 0.000012046477195207209
 9.300280174310261 0.000010358720855863553
 9.399333102205377 0.000008900102964523014
 9.49903160642829 0.000007640603806787526
 9.599375686979 0.000006553969176068326
 9.700343824646582 0.000005617279074538505
 9.801957538641961 0.000004810562993888022
 9.904195309754211 0.000004116353373247924
 10.007057137983335 0.00000351949263549362
 10.110543023329326 0.0000030067660081047887
 10.21465296579219 0.00000256669073921603
 10.319343926950074 0.0000021892920700355565
 10.424658945224827 0.0000018659223975160883
 10.5305549821946 0.000001589079865447393
 10.637032037859388 0.0000013522636995125598
 10.744111631430123 0.0000011498617542848258
 10.851772243695876 9.770138939279585E-7
 10.959992355445719 8.295263080358652E-7
 11.068771966679655 7.037815139358441E-7
 11.17813259660861 5.966599157800606E-7
 11.288031206810727 5.054770985235208E-7
 11.398467797286012 4.2792367306385545E-7
 11.509442368034458 3.620130517623436E-7
 11.620933399845145 3.060412195291493E-7
 11.732962411928996 2.585461443252956E-7
 11.845486365864158 2.1827460165697746E-7
 11.95852678086156 1.8415366677382416E-7
 12.072062137710272 1.5526483916616894E-7
 12.186092436410297 1.3082411946520012E-7
 12.30057463853978 1.1016129676632702E-7
 12.415551782520575 9.270477951223709E-8
 12.530980829930826 7.796733252404105E-8
 12.646840261559612 6.553387963127143E-8
 12.763173115828783 5.505134331467864E-8
 12.87991483510556 4.621921668640354E-8
 12.997086938600864 3.878277772867373E-8
 13.114667907103778 3.252527443028542E-8
 13.232657740614295 2.7263118869250332E-8
 13.351013400710565 2.2840667630446082E-8
 13.46977792581444 1.9126157457215215E-8
 13.588908277504068 1.6008015489407575E-8
 13.70838293656852 1.3392052132153943E-8
 13.828223422218727 1.1198579510132676E-8
 13.948408215243756 9.360358785871043E-9
 14.068894277221759 7.82067498444681E-9
 14.18970312736366 6.531704877057372E-9
 14.310834765669462 5.453163728998308E-9
 14.432246153717308 4.551172877510296E-9
 14.5539372915072 3.7971768454919634E-9
 14.675908179039139 3.1672181831999055E-9
 14.798115777891269 2.6411525077414027E-9
 14.920581607274519 2.202064017780094E-9
 15.04328414797796 1.83577519386728E-9
 15.166223400001593 1.5303961443071348E-9
 15.289356324923569 1.2759697326859298E-9
 15.412682922743882 1.0641598552947003E-9
 15.53618167425161 8.880011406617838E-10
 15.659874098657674 7.416758253972506E-10
 15.783717157540226 6.203355485165941E-10
 15.907710850899264 5.199441608512569E-10
 16.031855178734787 4.371477824343371E-10
 16.156107102624944 3.691800698703656E-10
 16.280466622569733 3.1375851631801854E-10
 16.40491221935823 2.6901997984821844E-10
 16.529465412201358 2.3345708326539753E-10
 16.654083162677267 2.0587268234041762E-10
 16.77874395157503 1.853383626326417E-10
 16.903469298105573 1.711672559116427E-10
