 0.0010576173352522145 0.0001071822488530232
 0.0031880988302419866 0.0013311743943896948
 0.005349282596658345 0.005079872008710691
 0.007541643830095283 0.012656026286786783
 0.009765588185328161 0.024993130730134535
 0.012021579267814537 0.04246962929644083
 0.014310080683011962 0.06488490310912057
 0.016631556036377993 0.09158287583607566
 0.018986497908711285 0.12163983982504373
 0.02137534093012829 0.15404971173486656
 0.02379860665676876 0.18785662272269693
 0.026256758694090252 0.22223621810793046
 0.028750318598232516 0.2565243513712405
 0.031279749974653104 0.29021827973787134
 0.03384580618222055 0.3229599260115342
 0.036448371319570454 0.354512564700192
 0.03908889415375767 0.3847398993084292
 0.041767084931371254 0.41357916171335735
 0.044483812912644104 0.44102377620686417
 0.04723994735780913 0.46710482795457076
 0.05003548826686634 0.49187850937125366
 0.052871304900048655 0.5154153598712067
 0.055747976764178 0.5377930923684826
 0.05866579361266537 0.559090615360427
 0.06162591445915464 0.5793826528028597
 0.06462833930364581 0.5987361573601955
 0.0676739374063718 0.6172019413223916
 0.07076328827415455 0.6348367948958713
 0.07389726116722697 0.6516825634958936
 0.07707614583900006 0.6677870704541832
 0.08030081154970671 0.6831861832695335
 0.08357154805275789 0.697933703190135
 0.0868895143617975 0.7120714756312467
 0.0902550002302365 0.7256473239245933
 0.09366887491830782 0.7386971155689682
 0.09713171793283339 0.7512447622302338
 0.10064439853404614 0.7632902639083904
 0.104207496228768 0.7748395985199031
 0.10782159052382091 0.7858987439812378
 0.11148755067943782 0.7964557444594633
 0.11520624595585162 0.8065105999545795
 0.11897825585988424 0.8160633104665864
 0.12280444965176861 0.8251198539119498
 0.1266854068383267 0.8336921861236006
 0.13062199667979135 0.8417803071015388
 0.13461508843639558 0.8493782389292991
 0.13866526161496126 0.8564800036904157
 0.1427736752291323 0.8630856013848884
 0.1469406190323197 0.8691770982633209
 0.15116754179157824 0.8744388292108843
 0.15545502301372996 0.8797759441568056
 0.15980393195900766 0.8842593815059953
 0.16421484813423343 0.8881928505403511
 0.16868922030646202 0.8915643954269418
 0.1732273382291044 0.8943620603328362
 0.17783065066921552 0.8965918231744998
 0.18249973713361725 0.8982835735342608
 0.18723546688254253 0.8994911126603092
 0.19203899892963525 0.9002503080514387
 0.1969112025351283 0.9005731155405804
 0.2018532367126656 0.9004535572112686
 0.20686568096906907 0.8998677213976413
 0.2119499840713936 0.8988395197655603
 0.21710672552646107 0.897398841897354
 0.22233706434791545 0.8955695994588847
 0.22764215954940056 0.8933577703666177
 0.23302288039114938 0.8907633546205532
 0.23848067564021672 0.8877983080536225
 0.24401612480342452 0.8844745864987564
 0.2496303868944167 0.8808041457888864
 0.2553249106802481 0.8767989417569436
 0.2611005654211516 0.8724350627370656
 0.2669587998841822 0.8676288178987343
 0.2729001935761617 0.8623204280772935
 0.27892648501755596 0.8564859816068813
 0.28503825371518693 0.8501195005710317
 0.2912369484361095 0.8432209849697452
 0.29752459745420046 0.8357964127194869
 0.3039020700296927 0.8278398059037916
 0.31036936616258626 0.819351164522659
 0.31692938338699084 0.8103245106596236
 0.3235821217029064 0.8007897338970134
 0.330327581110333 0.7908125913159498
 0.33717155667749005 0.7804648179140199
 0.34411115087026783 0.7697344578582924
 0.3511521587568858 0.7586394448981642
 0.35828878526912455 0.7472335802818255
 0.3655297230093132 0.7355706652574665
 0.3728720744433419 0.7237164569062089
 0.3803187371053206 0.7116589993951212
 0.38787260852935895 0.6993624252254101
 0.39553368871545685 0.6868088006476788
 0.40330197766361436 0.6740459489936521
 0.41118037290794124 0.661097781929192
 0.4191688744484375 0.6479463657049022
 0.42727327735332243 0.6345438769890577
 0.43549068408848646 0.6209082495310552
 0.44382399218803925 0.6071112183284819
 0.4522760991860905 0.5932813085853479
 0.4608470050826403 0.5795569039507832
 0.46953960741179823 0.5656376294735371
 0.4783539061735645 0.5517246266915314
 0.48729279890204863 0.537675925205757
 0.49635918313136046 0.5234526685591875
 0.5055530588614999 0.5090548567518228
 0.5148773236265767 0.4945291175320946
 0.5243290798924811 0.47992925214819315
 0.5339170202615424 0.46528873693232564
 0.5436411447337605 0.45062789680047516
 0.5535014533091355 0.4359036907540895
 0.5634979459876671 0.42117888691605726
 0.5736393153716847 0.4065712502407505
 0.5839197663929689 0.39210469239403156
 0.594345094119739 0.37779057141718514
 0.604918196086105 0.36369763334956534
 0.6156390722920664 0.3498432141489225
 0.6265106202717334 0.3361340583183933
 0.6375357375592154 0.322570165857978
 0.6487144241545126 0.30921729384879776
 0.6600495775917347 0.29603718362547304
 0.6715411978708815 0.28301429260519323
 0.6831979775942825 0.2702161712440194
 0.6950141216937179 0.2576362438338396
 0.7069983227715171 0.2452189157515237
 0.7191476832935702 0.2329916854128134
 0.7314679983280967 0.22095216165112253
 0.7439592678750968 0.20907463942564905
 0.7566272870027897 0.1974380272337387
 0.7694691581770657 0.1860859638655903
 0.7824906764661445 0.17503877423718672
 0.7956947394041355 0.16433352143061472
 0.8090813469910387 0.15401623540265927
 0.8226562942950738 0.1440636022791046
 0.836416683782131 0.1344254075616398
 0.8503712080545393 0.12513094304094616
 0.864516969578189 0.11615330809292859
 0.8788597634212997 0.10742913680305191
 0.8934024871179811 0.09901282821115291
 0.9081480382023427 0.09092351164992149
 0.9230935191402752 0.08312890637044348
 0.9382505200682169 0.07565949974669336
 0.9536132459179488 0.06857686431826669
 0.9691903892917999 0.06188638020998247
 0.9849819501897702 0.05558547691776051
 1.0009937236800792 0.04969603361586486
 1.0172228122286173 0.044210577908713536
 1.0336779084377135 0.03910286674302261
 1.0503590123073676 0.034362976777459205
 1.0672690213716896 0.029998559745099282
 1.0844108331647893 0.02622544397974669
 1.1017902427548856 0.0224000301256925
 1.1194072501419792 0.019189948762837295
 1.1372647528601794 0.016337884817106057
 1.1553685459777059 0.013821839555905428
 1.1737186294945585 0.011641573862576785
 1.1923236960130663 0.009777659508606967
 1.21117795046501 0.008207141294768126
 1.2302929829868283 0.006877951568645006
 1.2496687935785216 0.005717070080610469
 1.269308279774199 0.004694117059186405
 1.289214339107971 0.0037885882508958543
 1.3093927666480563 0.0029778273523342422
 1.3298435623944553 0.0022739516001773147
 1.3505754189494972 0.0016749643703255646
 1.371585438779072 0.0011250379009068816
 1.3928823144855091 0.0005833167196288622
 1.4144660460688085 0.00004777479104299007
 1.4363424285971895 -0.000471593047636933
 1.4585172571388716 -0.0009758470396752434
 1.480987634159745 -0.0014596876425668698
 1.503762252262139 -0.0019005649598203272
 1.5268440089801631 -0.00227104633277504
 1.550238699382037 -0.0025531322549531277
 1.5739463234677606 -0.0027455434522309545
 1.5979697787714435 -0.002859040174246577
 1.622317757895415 -0.0028760257965538705
 1.646993158373785 -0.0028560278340686945
 1.6719988777406627 -0.002835762167529584
 1.6973378135301582 -0.0027615582904422604
 1.7230128632763813 -0.002701868794533381
 1.7490356171157706 -0.002682057979366428
 1.775400279980107 -0.0027264798766222
 1.8021184420058287 -0.0028657294627715676
 1.8291901031929365 -0.0031229711641186787
 1.856623956143759 -0.003475608456423616
 1.884417103324187 -0.003849670601341215
 1.912581134870659 -0.004173649762110132
 1.9411160507831748 -0.0044094307433457875
 1.9700305436640642 -0.004458904531145073
 1.999321715979217 -0.004398206264772052
 2.029001157865072 -0.0043367034116254645
 2.0590717668557392 -0.004029892826945712
 2.0895364404853285 -0.003626347598019841
 2.120400973822058 -0.0031887043335742655
 2.1516682644000396 -0.0027907424786272526
 2.1833441072874913 -0.0024914760245270703
 2.215434297552633 -0.0023021733438113477
 2.2479417327295743 -0.0021544052266985196
 2.2808722078865347 -0.0019888528081005714
 2.314231518091733 -0.0005045642459028744
 2.34802256087928 -0.0008946305432928288
 2.3822511313173944 -0.0010395683066513801
 2.416923024474296 -0.0010917620583933585
 2.4520411378840943 -0.001090628948373672
 2.487611266615009 -0.001089481253769574
 2.523639205735259 -0.001052137209609056
 2.5601307503130646 -0.0010769216512753772
 2.5970887978825345 -0.0010830276945569127
 2.6345220410459986 -0.0010463782663722124
 2.6724304798034564 -0.001009263592717871
 2.7108228067572377 -0.0008734214189538873
 2.7497048169755614 -0.0007224252269496423
 2.789079407992537 -0.0005949192576969187
 2.828952374876385 -0.0005082944657774002
 2.869329512695324 -0.0004892308901686455
 2.9102253091199026 -0.0005470206042247616
 2.951631071547792 -0.0005721469735641028
 2.9935294147743337 -0.0005068677902347245
 3.0359782894817213 -0.00044073085830005046
 3.0789776956699564 -0.00017419110568236658
 3.122498657997941 0.00006064297358514051
 3.166541176465675 0.0001852227527279596
 3.2111632017553524 0.00022037230375396066
 3.2563067831847796 0.0000856199041616533
 3.302029871436151 -0.00025316595790087415
 3.3483324665094654 -0.0006285779163564025
 3.395185593063627 -0.0008463952586129715
 3.4426182264397327 -0.0009329794007005239
 3.4906303666377823 -0.0010915077674514078
 3.5392220136577754 -0.0014949274601315013
 3.5884221428408094 -0.0021169715137910176
 3.638201778845788 -0.0026961658622252117
 3.6885898970138067 -0.0032113845486447003
 3.7396154726859647 -0.0036013957746924836
 3.791220555180065 -0.003725425585520469
 3.8434630951783046 -0.003741045881245046
 3.896343092680683 -0.0037749944688531107
 3.949860547687199 -0.003910155160140018
 4.003986484856756 -0.003953283344989741
 4.058778854871549 -0.00387044425566946
 4.114237657731577 -0.0037865976047128137
 4.170333918095743 -0.0033817193004151173
 4.227067635964047 -0.0028759098545124615
 4.2844967620186845 -0.0026454850864299708
 4.342621296259654 -0.0028974064421227095
 4.401383288004762 -0.003382890972042372
 4.4608696632773 -0.0038605444313921165
 4.5210224713950735 -0.004355157239754729
 4.58187068769918 -0.0048304374662676355
 4.643443287530716 -0.004907773438699418
 4.705711295548584 -0.004700912168721341
 4.768674711752785 -0.004491740675160446
 4.832391486825514 -0.004166912650253416
 4.896803670084574 -0.0037631522163347844
 4.961969212212162 -0.002879239553983793
 5.027859137867179 -0.0019024480035069867
 5.094502422390724 -0.0012556254860976149
 5.161899065782795 -0.000561135660583304
 5.230049068043394 0.0001593688618059453
 5.298923453831423 0.0004250113291621447
 5.368609149170172 0.00031717210728955355
 5.43904820337745 -0.00015900062215166516
 5.510240616453253 -0.0009119849580733847
 5.582244339079779 -0.001678802192696471
 5.6550303959159285 -0.001790006540562812
 5.728598786961702 -0.0017741255204536386
 5.802978487558198 -0.0017580693650301458
 5.878140522364317 -0.001593515258481951
 5.954113866721158 -0.0012514827899869634
 6.030927495969817 -0.0008739594314357901
 6.108523459428102 -0.0008207739086414686
 6.186959707778203 -0.0007861465748646542
 6.266207265679028 -0.0007511610713997156
 6.346295108471669 -0.0004066782549454845
 6.427252211497227 -0.00002705826175233599
 6.509020624073507 0.00012971182042852497
 6.591629321541605 0.00028033618602861055
 6.675107279242619 0.00021744432026911647
 6.7594255218354515 -0.00042300035806312145
 6.844584049320103 -0.0007193751683203596
 6.930640812378767 -0.0007245415565169584
 7.017566835670347 -0.0006087255736129633
 7.105333143853746 -0.000491790036207563
 7.193997687611158 -0.0003299612617760289
 7.283531491601484 -0.000247179672352236
 7.373963531165826 -0.00018394407639597067
 7.465264830963081 -0.00009728999268577094
 7.557493341675447 -0.000025114960667703187
 7.650562137279633 0.000005357504383121918
 7.744558143798927 0.000011731063272066612
 7.839452385892236 0.000011517890770903804
 7.935244863559557 0.000010011515600740705
 8.031964552141988 0.000008349475485813736
 8.129553500957336 0.000006820503791410722
 8.228098636028891 0.000005501572169942547
 8.32751303133336 0.0000043992862191036875
 8.427883612894037 0.000003495036684936772
 8.529152430028727 0.0000027622935741675274
 8.631348458078529 0.000002173743786464691
 8.734442721702342 0.0000013451926085014947
 8.838493171582364 0.000001331604804375217
 8.9434418570364 0.0000010373179546908677
 9.04934672874664 8.057932499787092E-7
 9.156149836030895 6.242857723341115E-7
 9.263909129571356 4.824441616052653E-7
 9.372566658685832 3.719334088642036E-7
 9.482180374056513 2.860696057107544E-7
 9.592721300342307 2.1953240649054576E-7
 9.704189437543208 1.6810080438722723E-7
 9.816584785659222 1.2844151317958786E-7
 9.929936320031441 9.793202091417492E-8
 10.044186089977675 7.451472874353359E-8
 10.159392046180116 5.658127824259788E-8
 10.27549623795657 4.287708408273519E-8
 10.392556615989232 3.24272676467377E-8
 10.510544204937002 2.4475861618367353E-8
 10.629459004799882 1.8438046429795847E-8
 10.749272040236777 1.3862788283694695E-8
 10.87004126192988 1.0402770233413329E-8
 10.991708719196994 7.791436983751253E-9
 11.114303387379218 5.8245530186617114E-9
 11.237825266476554 4.345999071729451E-9
 11.362274356489 3.236707002792924E-9
 11.487592706734361 2.406081487816169E-9
 11.613838267894833 1.7853107303638226E-9
 11.741011039970413 1.3222672988559714E-9
 11.869053072278911 9.775387900350043E-10
 11.998022315502517 7.213731136516991E-10
 12.127860818959041 5.313799835842016E-10
 12.258597557989578 3.907261848570674E-10
 12.39020355725303 2.8679293360309036E-10
 12.522707792090495 2.1013512180664405E-10
 12.656081287160877 1.5369761245504352E-10
 12.790324042464173 1.1222282801680559E-10
 12.925436058000384 8.179881995685052E-11
 13.061388358428417 5.952073932705598E-11
 13.198209919089363 4.323677531646952E-11
 13.335871764642128 3.135506854947013E-11
 13.474373895086712 2.270065954474684E-11
 13.613716310423115 1.6407886218918075E-11
 13.753899010651336 1.184016024756356E-11
 13.894864045089182 8.530187900568412E-12
 14.036669364418845 6.135733460277807E-12
 14.179257017958134 4.4064178734471325E-12
 14.322627005707048 3.159556012888067E-12
 14.466808303006681 2.262013700995539E-12
 14.61177193451594 1.6169726026929115E-12
 14.757488924893723 1.15413242034489E-12
 14.903959274140037 8.225553277482132E-13
 15.051211957595974 6.197717694034414E-13
 15.19918902457934 4.1599065321557486E-13
 15.347890475090136 2.951984819453513E-13
 15.497316309128362 2.0918881763014176E-13
 15.64743755135292 1.4803532997884016E-13
 15.79828317710491 1.0461832048093322E-13
 15.949795235702132 7.383743080798265E-14
 16.102002702485688 5.204523522851097E-14
 16.25487660211448 3.6638112005096705E-14
 16.40841693458851 2.5759918075175293E-14
 16.562565749225577 1.8089533899852165E-14
 16.71738099670788 1.2688008139877671E-14
 16.872804726353223 8.889102005162215E-15
 17.028807962820515 6.220560094924477E-15
 17.18544865679194 4.3483364370674954E-15
 17.342639882244217 3.0363631103652636E-15
 17.50041061451843 2.1180355829218923E-15
 17.658731878273496 1.4759655091026613E-15
 17.817603673509407 1.0275380833531685E-15
 17.97696804954397 7.146838251267079E-16
 18.13688295705938 4.966303551697483E-16
 18.29729044537344 3.4481040627654537E-16
 18.45816153914506 2.3920333841220415E-16
 18.61952521371533 1.658106645892611E-16
 18.781352493743153 1.1484952451178424E-16
 18.94358542854634 7.949373536772044E-17
 19.106252993465983 5.498583211709755E-17
 19.269355188502086 3.8008489575667714E-17
 19.43283406297245 2.6256981829288797E-17
 19.59668961687708 1.8129765277665564E-17
 19.76092185021597 1.2511420487484251E-17
 19.92547281230693 8.631453805495443E-18
 20.090371478491058 5.950023507357903E-18
 20.255588873427254 4.09884809337625E-18
 20.421124997115516 2.825521996624034E-18
 20.58692189887366 1.9422967946665853E-18
 20.752979578701673 1.3398184615989325E-18
 20.91926906125847 9.211670377645252E-19
 21.085819321885136 6.305805183723739E-19
 21.252572409899482 4.336033884981319E-19
 21.41952832530151 2.9667024497917865E-19
 21.58668706809122 2.004497015491011E-19
 21.753990687586413 1.3750582791635639E-19
 21.92143918378709 9.198339623926995E-20
 22.08900358135216 6.225820661414194E-20
 22.256712855622716 4.257657422201016E-20
 22.424509055916563 2.6671370998683242E-20
 22.592363206892603 1.7046028801619416E-20
 22.760304283891937 9.50476762195295E-21
