 0. 0.
 0.0030269126715265866 0.00046777131164704835
 0.0158439483447133 0.0013872887226529307
 0.034439279613130896 0.0023029980460260923
 0.05765628982923749 0.003219844716752657
 0.08496203292612642 0.0041419439880326725
 0.116048016186087 0.005072691593227406
 0.15071777272067768 0.006014682036483724
 0.18883747533424014 0.006969691528324621
 0.23031531679026082 0.007938557803530815
 0.27508578287795427 0.008921165843094724
 0.323101643710544 0.009916370303694794
 0.37432936928788796 0.010921996154549772
 0.4287440531216295 0.011934781103983433
 0.4863271654342064 0.012950637049967852
 0.5470675069537619 0.01396452648678071
 0.6109415970153622 0.014970637928959474
 0.677952788399253 0.01596270653742654
 0.7480736555520793 0.01693398948859955
 0.8212943160315939 0.01787749982519927
 0.8976016756037457 0.018786191737550216
 0.976962438967154 0.019652989594461195
 1.0593548707448572 0.020470930609036805
 1.1447453456357386 0.02123318157978215
 1.233087842774541 0.021933171225338118
 1.3243462441361042 0.0225645518457602
 1.4184509362037026 0.023121245641184646
 1.515345612252698 0.02359754224490339
 1.6149548143356809 0.023988101217061762
 1.717201979538007 0.024288104084098455
 1.8219889303743035 0.024493305207750136
 1.929220605889857 0.024600264226223263
 2.038779928306263 0.02460652352527679
 2.150560646757273 0.024510711943964418
 2.264431908524766 0.024312836115928556
 2.380269171311995 0.024014391518420785
 2.497937012640673 0.023618552030130892
 2.6173022573896025 0.023130261563588078
 2.738225583343921 0.022556329488637995
 2.8605711849177506 0.02190554724265066
 2.9842103919429257 0.02118874701345032
 3.109021630063655 0.0204187903657391
 3.23488386620519 0.019610609373499847
 3.3616973449722294 0.01878086792456621
 3.4893605396470972 0.017947478931593708
 3.617802548120358 0.017129010479300898
 3.7469605429710864 0.016343500237097314
 3.8767870886543836 0.015607562269617892
 4.0072649342523015 0.014934958988895818
 4.138374708252287 0.014335794362364438
 4.270141339897214 0.013815896641188367
 4.402589618057993 0.013376696154133129
 4.535765645630757 0.013015682848010702
 4.669721647224271 0.012727136362905836
 4.804545289481221 0.012503319559221064
 4.940305194163326 0.012335517824558481
 5.0771051137041585 0.012215072656353708
 5.215036067848478 0.012134166638051416
 5.354196589136231 0.012086397312681725
 5.494688993692438 0.012066813995417348
 5.6366126693316785 0.01207203379716939
 5.780068907006983 0.012099917355089662
 5.925137367887297 0.01214919750436217
 6.071919246249491 0.01221908343534817
 6.2204832879903496 0.012308980461435463
 6.370905763007484 0.012418212431747172
 6.523262049499633 0.012545995377011742
 6.677614449924303 0.01269161140281249
 6.834025881603862 0.012854221096589244
 6.992544141831324 0.01303311167756956
 7.153219290067394 0.013227320212348381
 7.3161117381178595 0.013435810358887922
 7.48126742011073 0.013656976239270537
 7.6487319458846175 0.013888628442002471
 7.818546167721855 0.014127490930805795
 7.990758485853283 0.014368681219931076
 8.165404496028971 0.014606231546843285
 8.342533912898435 0.014834554256869331
 8.522205237828853 0.015049850497596313
 8.704456862437858 0.015251360595042004
 8.889281157361332 0.01544062822556129
 9.076775499932397 0.015620595379178093
 9.266936884430836 0.015794049512395485
 9.459771450252369 0.01596229933311614
 9.655446891969522 0.016124112378670646
 9.853886957641032 0.016276762577367775
 10.055259742817897 0.016417886587499625
 10.259396377376078 0.016546389334232407
 10.466552983834065 0.016660702266111115
 10.676638234448108 0.016758072681546648
 10.889736865623165 0.016835973390332975
 11.105944792880193 0.016893578661728248
 11.325258874174763 0.01693245404541232
 11.547687167534537 0.016956385227990076
 11.773327111390604 0.016970032410104585
 12.002170115565992 0.016977985746253883
 12.234403338590132 0.016984581242998016
 12.469947790369865 0.016992557194254194
 12.708890522343868 0.017000970560529773
 12.951312213527432 0.017005205085502496
 13.197203584919661 0.016999647055159703
 13.446630707097654 0.016980312129051104
 13.699582110150773 0.016945884456115
 13.956135328077112 0.01689701157009724
 14.216353182201816 0.016833330033002976
 14.48024296082011 0.016753148957733287
 14.747888086131724 0.016654969228431495
 15.019198476171866 0.016537291192937252
 15.294423151925168 0.01640094509471939
 15.573569941808438 0.016251799900318734
 15.856647226936053 0.01609844713008059
 16.14368012066122 0.01595029780286249
 16.434928082846632 0.0158115780363631
 16.730211041583264 0.01568059310102778
 17.029705417489776 0.015559530841256107
 17.333453241772368 0.015449077642370758
 17.641419340719747 0.015342392251536264
 17.953676018117736 0.015235911525077849
 18.270322313018614 0.015135983615213119
 18.591375437857653 0.015051345454809016
 18.916927431055424 0.014985926731437066
 19.24698792811294 0.014939745647098547
 19.581826156821442 0.01491150562485224
 19.921247667913214 0.014896241136608927
 20.265552294850465 0.014887444374371311
 20.614422563376294 0.014874945378050973
 20.968319102026474 0.014850589213899899
 21.327034489642838 0.014816274835463873
 21.690838359627833 0.014785499653376616
 22.059537838570268 0.01477379436705412
 22.433406050000574 0.014782996989785259
 22.812412438749735 0.014800675660252812
 23.19655164902788 0.014811583304967771
 23.586220059916187 0.014808983759866846
 23.981101063467282 0.014799121595554243
 24.381560059088887 0.014778903883576753
 24.78739035367179 0.014738147780504848
 25.19887811077109 0.014677874505527018
 25.616106579267452 0.0146033215399785
 26.039028898511127 0.014518884254652628
 26.46755573959236 0.014432705913999633
 26.902147423519445 0.014366105944200746
 27.34277441698694 0.014338584309477697
 27.789553796205126 0.014351654956833377
 28.24248565330064 0.014406630417970747
 28.701449417175525 0.014504792311508636
 29.166639626326358 0.014631917167616826
 29.638453525284977 0.01476272332599917
 30.116597211862583 0.01489127261183543
 30.601452319375195 0.015029105096445365
 31.092798462730375 0.015186869328469249
 31.590794329616 0.015369808066465892
 32.095592626178096 0.015576296093744495
 32.60711327960688 0.01579249821909124
 33.12551444651292 0.015995624401691857
 33.65095608734978 0.01617324951888148
 34.183686993222274 0.016318363888576576
 34.72336703446197 0.016412799883018133
 35.27067241398153 0.01645812869071086
 35.825789982398305 0.016478501145431885
 36.38845547816891 0.0164715512323521
 36.95838225402154 0.01636765102267274
 37.536094118414624 0.016140570002326438
 38.12120945308084 0.015823811171775275
 38.713765552393646 0.015490158165751569
 39.31406426748172 0.015218212772858711
 39.922644855938294 0.015069372913296691
 40.54005907164996 0.014997166399023517
 41.166379423699865 0.014956637322606978
 41.80171338902028 0.014912980922672703
 42.44612709700225 0.014816207341961709
 43.09966084634524 0.014685979708551962
 43.76208751868868 0.014551975810864997
 44.433732246284336 0.014494412716629813
 45.114673416401935 0.014525839046333951
 45.80477914311583 0.014533512995831393
 46.503628351752866 0.014446729733749435
 47.211183063558785 0.014337363774418225
 47.92821350988201 0.014342559046418459
 48.65431639946537 0.01445223166158085
 49.38955285038741 0.014600684915441467
 50.133305074696736 0.014736926409533299
 50.886206895684786 0.014847221962373971
 51.64905347943703 0.014968400048101333
 52.42233665656596 0.01506256950191434
 53.20709335842107 0.015099039704563996
 54.003399744174416 0.01511542258754283
 54.81153558147321 0.015133770184590488
 55.63122079832961 0.015157869243399616
 56.46220830096947 0.01510393988335494
 57.30365878623369 0.01493231395330275
 58.15580071849168 0.014857826220547876
 59.01846025198509 0.015065191668213187
 59.89153883959056 0.015482700022928817
 60.77555828962342 0.01592083540521665
 61.669807723525174 0.016281646108425276
 62.575741232748705 0.01653771447328802
 63.49454134772515 0.016695837804674554
 64.42569175249002 0.016901597557627504
 65.36976874720054 0.017151209869860493
 66.32780324012477 0.01728629514962648
 67.29964806655305 0.01734061705937825
 68.28467701659454 0.01717064355229588
 69.28197346600314 0.016835617006810293
 70.29040388365388 0.0165179296523505
 71.31005998813794 0.016164714658786897
 72.34066977235686 0.01610797938911023
 73.38450648656594 0.016392498284276254
 74.43979090229894 0.01659382415237669
 75.5051419366066 0.016473159988296113
 76.58251504220163 0.016287817533359096
 77.67668127471617 0.016222145357504353
 78.78991067024658 0.016265546409512346
 79.92170700725035 0.01632954377807292
 81.06666873919663 0.016359706598836055
 82.22400692501687 0.016398079155803585
 83.39863573583975 0.01620259238517096
 84.59231316682668 0.01586370070317768
 85.8031394342732 0.015478501219433359
 87.02959214371961 0.015076604392236338
 88.26706996276931 0.01510556188958226
 89.5173985402804 0.015112345946278492
 90.78048587121462 0.015174518114259839
 92.06111985385783 0.015433858882340475
 93.35767812256512 0.015616017418023074
 94.66429176395043 0.01550854603114038
 95.988359762435 0.015134992566896094
 97.33249535819182 0.015118134805590272
 98.69721757917559 0.015154042364992914
 100.08169117695968 0.015263354808167174
 101.47184511577989 0.015531999227401476
 102.87267597818474 0.015785024548603022
 104.29506348289149 0.01595885334226742
 105.72789257514397 0.015796518603793684
 107.17406254910874 0.01576987634701046
 108.64448614856728 0.016679598316506308
 110.14076697786815 0.017427679134067165
 111.65032131977905 0.018419473390952304
 113.18715660045405 0.019095523035518036
 114.74243631102536 0.018914438929029852
 116.30599087559732 0.018668261836603858
 117.89217777279991 0.018470435836763572
 119.4921247275048 0.018394863413464097
 121.10843696843514 0.018118195274364386
 122.74460629431037 0.017416113228846442
 124.40430981605131 0.01706648762926924
 126.08439927209974 0.016919131183367544
 127.78694275575532 0.016588610550615744
 129.50678526019658 0.01651005754078404
 131.25894375909652 0.01621866209032052
 133.04468077984626 0.015587398756688044
 134.8432986527532 0.01537803628556
 136.64712043373868 0.014585780747015224
 138.4884518847313 0.014940749646520418
 140.33903257764229 0.015634928845376945
 142.2104018570487 0.015806644172625638
 144.10882897658274 0.015630291104134945
 146.02049653627952 0.01494971571636063
 147.94403153456634 0.014574875642694177
 149.86712505941836 0.014340223150286052
 151.80615298603013 0.014511719401917885
 153.79099506816712 0.014997766500382648
 155.8035900693649 0.015503160968009072
 157.84118513414185 0.015612943348388862
 159.9078190311196 0.015426146634853435
 161.97880293565063 0.015399318166724137
 164.08086922019888 0.015560976833091166
 166.2157773229855 0.016035928410915286
 168.39318813441324 0.01565563796208893
 170.5620244780834 0.015078096696864628
 172.88995537921716 0.012043047787001429
 175.1844305843071 0.00934411579551538
 177.39665324131403 0.007627522533562257
 179.63656936104982 0.005357154095226308
 181.9124802498273 0.003899576900126474
 184.22385227813297 0.0030157718746616096
 186.5635627618628 0.0024339083795410213
 188.92933483079855 0.002008511886945158
 191.3210240323415 0.0016789997022036661
 193.73735459887095 0.0014155846848564024
 196.17805383762584 0.0012008746812219833
 198.6446943350046 0.0010235233265539188
 201.13635246217905 0.0008755923709124012
 203.65209970487206 0.0007512722542460889
 206.19380333028394 0.0006461687086202798
 208.7603274480842 0.0005568796997557012
 211.35271018883094 0.0004807192527869047
 213.9700181041357 0.0004155370019625208
 216.6138040155296 0.00035959143482569214
 219.28179189486573 0.00031145609642452016
 221.97636638427656 0.00026995629275866124
 224.69669714342618 0.0002341147154708563
 227.44267059511313 0.00020311425356188078
 230.21534347420027 0.00017626797780652048
 233.01282605632878 0.0001529950979606863
 235.83772370078523 0.00013280361440864478
 238.68766436468374 0.0001152735876079165
 241.56490241539234 0.00010004648919377431
 244.46789488596238 0.00008681474529133861
 247.39747240281125 0.00007531400932097561
 250.3528045737025 0.0000653163838558137
 253.3355525406087 0.00005662517108141926
 256.3440553982285 0.000049069848175840123
 259.3799742935169 0.000042503058713462026
 262.4415170883767 0.000036796603104091006
 265.5306058461406 0.000031839126872450505
 268.6454499550872 0.00002753377925385471
 271.78757467130157 0.000023796323245409152
 274.95641981265754 0.000020553272245557398
 278.1517120880041 0.000017740631330367023
 281.37372816931526 0.00001530258148156709
 284.6230188996927 0.000013190451091604107
 287.89820634738066 0.000011361778029868388
 291.20066538386993 0.000009779529641041026
 294.52887735443574 0.000008411420807449834
 297.8846523377432 0.000007229273822452709
 301.266863685954 0.000006208550555483945
 304.6758110886062 0.0000053278419646232
 308.11036112963427 0.000004568511792695735
 311.57232558678146 0.0000039143326378835
 315.0600434770971 0.0000033511788970450382
 318.5745047004278 0.000002866771703502042
 322.1153925282316 0.0000024504285339507453
 325.6828645725753 0.000002092876011616551
 329.27542447911753 0.000001786062708865509
 332.8944059289109 0.0000015230003282993736
 336.5399718443706 0.0000012976401658395134
 340.21029112166156 0.0000011047397883664731
 343.90701937080223 9.397590116620324E-7
 347.6304019232559 7.987746866294651E-7
 351.3778117767953 6.783981132049234E-7
 355.1501379192544 5.757030484546699E-7
 358.94821089359743 4.881649311452022E-7
 362.7730139901881 4.1360971942158227E-7
 366.6209387816579 3.5016567507395693E-7
 370.4937799866275 2.962201883734463E-7
 374.39070705798014 2.503902953390966E-7
 378.314442063026 2.114873518676708E-7
 382.2603911434642 1.7849117625249714E-7
 386.23042621071204 1.5052840263551594E-7
 390.2245472647695 1.268499113125429E-7
 394.2447254553459 1.0681619727363449E-7
 398.28537758298717 8.987936359365258E-8
 402.35011581786415 7.557241560251994E-8
 406.437279049133 6.349653533855213E-8
 410.5489199238925 5.3311818577122275E-8
 414.6817843667077 4.4728849750468655E-8
 418.8370739180349 3.750119998080062E-8
 423.0160729770543 3.1419611709885916E-8
 427.2145726175478 2.6306215995463887E-8
 431.435497478673 2.2010088595914375E-8
 435.67936468276724 1.8403287749747327E-8
 439.9418390411808 1.537741850896957E-8
 444.2250775965858 1.2840755429490898E-8
 448.53049225977185 1.071568943185645E-8
 452.8544502593948 8.936749968528827E-9
 457.19979721473686 7.4485501945009405E-9
 461.562813913048 6.204433898431024E-9
 465.94726337279724 5.165055662817197E-9
 470.3485085796859 4.297313114028346E-9
 474.7695695663427 3.573331778606627E-9
 479.2073824947482 2.9696632805757624E-9
 483.665055738596 2.4666454954046396E-9
 488.1369449878981 2.0477475430335644E-9
 492.6295700211662 1.6991144752487985E-9
 497.1355359317536 1.4091273895570975E-9
 501.6606216564965 1.1680624983278934E-9
 506.20153400926284 9.67779933662607E-10
 510.7557198371914 8.014698996219383E-10
 515.3266021110642 6.634440443624466E-10
 519.9133116267169 5.489526391229029E-10
 524.5141873933769 4.5403083595720677E-10
 529.1283990047598 3.7537314768107746E-10
 533.756777281692 3.1022233962111754E-10
 538.3984918095804 2.562857779901179E-10
 543.0518815270552 2.1165301793265316E-10
 547.71777724248 1.7473551442108156E-10
 552.3961791423558 1.4421234343841723E-10
 557.0854261279371 1.1898655386219066E-10
 561.7883265512498 9.814759294042824E-11
 566.4992877131901 8.093905114343756E-11
 571.2222884428661 6.673424907796595E-11
 575.9553514941482 5.5013634673597054E-11
 580.694743975942 4.53467749680173E-11
 585.4462474870169 3.7377399588521404E-11
 590.2082719801332 3.081067996653108E-11
 594.9749415874514 2.5402854170348655E-11
 599.7483520182941 2.0952613202176E-11
 604.5323555017733 1.7293756098661737E-11
 609.3223172020714 1.428926170241136E-11
 614.1213063958446 1.1826326564068827E-11
 618.9232092091519 9.812267831648299E-12
 623.7325263148504 8.17116270796268E-12
 628.5493296824046 6.841030624109207E-12
 633.3696958662406 5.7715769075704084E-12
 638.1944559525239 4.922387632033869E-12
 643.0283736215239 4.26139648472188E-12
 647.8642888516722 3.76374813184942E-12
 652.7062931425789 3.4109529460254943E-12
 657.5527966049102 3.1901880822296356E-12
 662.4071792700911 3.0950201937951874E-12
