 0. 0.
 0.26072308567520447 0.1199353195336776
 0.7859278935324734 0.3596514975544075
 1.3187014038653577 0.6009819311074226
 1.859160761559286 0.8419597266091035
 2.4074059683457216 1.079140237576522
 2.963551311917765 1.3082706061829192
 3.5277110799685185 1.525140429527283
 4.099999560191082 1.7262416421224602
 4.680538183259376 1.9091175879386848
 5.269434093885683 2.0724183575840676
 5.86681586572474 2.2157751195953823
 6.472797786469649 2.339617734649449
 7.08750842977515 2.4448934335925077
 7.711062083334342 2.532960090607978
 8.343644464648516 2.6053516920813276
 8.985227001794394 2.6636861293078415
 9.63616684381292 2.7095634812486313
 10.296392560895903 2.744508673468209
 10.96611844246791 2.7699626889089575
 11.645558777953502 2.7872063575443105
 12.334713567352683 2.7974164160848183
 13.033797100090016 2.80163011262665
 13.742952235781875 2.8007563902427757
 14.462250404236451 2.7955793068338637
 15.191977324686496 2.7867870497173457
 15.932132997132008 2.774949196012264
 16.682931710997554 2.760593702865967
 17.444516325899507 2.744163192014644
 18.217101131262435 2.7260245891055113
 19.000757556894527 2.706502029023802
 19.795699892220345 2.6858690932380056
 20.60199956704808 2.6643399885947776
 21.419942300610476 2.6421181386001984
 22.249599522715727 2.619362690508263
 23.0911855227884 2.5962124885410964
 23.94484316044487 2.5727940021650775
 24.810786725109697 2.549194983399268
 25.68915907639926 2.5254976792346966
 26.580103073929937 2.5017698052888955
 27.483833007126293 2.478072768343258
 28.40056316541289 2.454479328747849
 29.330436408406104 2.4310378526789536
 30.2736670255305 2.4077985661784678
 31.230397876402456 2.384795117629336
 32.20084325044653 2.3620810711860094
 33.1852174370873 2.339683703750668
 34.18366329594113 2.3176407376275936
 35.19646654624078 2.295962380397128
 36.223698617794426 2.2746784434301546
 37.26571665964302 2.25381966716011
 38.32266353140294 2.233388091430056
 39.39475352249874 2.213405508276864
 40.482129492546804 2.1938540352642795
 41.58514859058807 2.174735160977929
 42.70388224643072 2.156019486744917
 43.838687609115716 2.137717602616331
 44.98970753825941 2.1198090218014274
 46.15715632328638 2.1023247716027678
 47.341319683429376 2.0852596648806334
 48.54241190811297 2.0686134159113014
 49.76071871656989 2.0523672095773278
 50.99638296841653 2.0364808156186514
 52.24976181269384 2.0209234419664615
 53.52099810901817 2.0056939502053153
 54.8103775766223 1.9908109407117471
 56.11818593473896 1.9762800099928048
 57.444637472792735 1.962082010078574
 58.790089339824554 1.9481812124622961
 60.15468439545079 1.9345657877910984
 61.5387083589042 1.9212567226664237
 62.94251837922573 1.9082650490111739
 64.36632874583994 1.8955705393005615
 65.81049660778777 1.883155785909642
 67.27516482468559 1.8710228222440175
 68.76076197538254 1.8591617475379836
 70.26743091949498 1.8475503495084722
 71.79552880606387 1.836162143360336
 73.34555564374652 1.824973519052559
 74.91772572196751 1.8139869541212148
 76.5120390407268 1.803197582411657
 78.12920989810631 1.7925757540048701
 79.76923829410602 1.782107143174217
 81.43212422872593 1.7717981991401934
 83.1192962981298 1.7616592346709543
 84.83004020423577 1.7516831314051404
 86.56578454320758 1.7418435731237132
 88.32510071888149 1.7321212465779467
 90.11013162550313 1.7225130165845572
 91.92016296499061 1.7130272387905277
 93.75590903542582 1.7036336027062053
 95.61808413489065 1.694297202639908
 97.50668826338509 1.6849915103217314
 99.42172142090914 1.6757104582779083
 101.36389790554468 1.6664743049203294
 103.33321771729172 1.6573117400122976
 105.33110945231401 1.6482106131734955
 107.35685881252968 1.6391100699373087
 109.4111800960206 1.6300195889896625
 111.49478760086866 1.6209815076070804
 113.60768132707386 1.6119365218988815
 115.75057557271806 1.6028116066667775
 117.9234703378013 1.5935735656126133
 120.12707992040545 1.58416753031211
 122.36211861861237 1.5745722859489804
 124.62858643242207 1.5647336237414915
 126.92719765991644 1.55460579160427
 129.25723800301358 1.5442402143569602
 131.62085035595916 1.53367520216274
 134.01803471875314 1.5228921258880166
 136.44879109139558 1.5119096538094654
 138.9131194738864 1.5007586696852557
 141.41316276047135 1.4894472316700704
 143.9474923549866 1.477944802052361
 146.51753685359586 1.4662318480085053
 149.12401055438113 1.4542517332719072
 151.76691345734233 1.441902993342968
 154.44695986056138 1.429251667864266
 157.1648640621201 1.4163550335119388
 159.92062606201856 1.4031607567294242
 162.71496015833864 1.3897031988098183
 165.5478663510803 1.3760259120881784
 168.4214875344892 1.362167601588426
 171.33439511240158 1.348116142485606
 174.28873197906307 1.3338356757585328
 177.2837838363918 1.3193187650090543
 180.32097928055154 1.3045118815441485
 183.40031831154226 1.289353733721693
 186.52322952552777 1.2738802471762218
 189.68899862442618 1.2581165909143583
 192.8990542044012 1.242030413902674
 196.15411056353477 1.2256378012603142
 199.45416770182686 1.2088679223462053
 202.80065421544126 1.191656743541519
 206.19285580629605 1.1741050516694602
 209.6329153686369 1.1562984084427546
 213.12011860438193 1.1382035394174035
 216.65589410969488 1.1197926891839824
 220.24095618265767 1.1011040750386945
 223.87601912135213 1.0821844318376341
 227.56036862769645 1.0631002409376293
 231.29686189401806 1.0439185178350494
 235.0840703241533 1.0246466963726175
 238.92413681234774 1.0052730147899906
 242.81706135860136 0.9857467324653234
 246.76427255907802 0.9660951137684408
 250.76505611569578 0.9463196703533623
 254.8215549227003 0.9264243729273457
 258.93376898009154 0.9064767370879412
 263.1024125859514 0.8864607930667752
 267.32820003836184 0.8662954528474023
 271.6125599334865 0.8459465752602403
 275.95549227132545 0.8254272989360092
 280.35771134996054 0.8046999291048095
 284.8206457655556 0.7837367026130919
 289.3442955181105 0.7625875631875986
 293.930803501871 0.7413525999564747
 298.5787411206733 0.7201160824776687
 303.290965566845 0.6987958355923191
 308.06747684038595 0.6771332675445275
 312.9089892393781 0.6549537137457827
 317.81621706190333 0.6323537630396202
 322.79058890412546 0.6095011972118569
 327.83210476604444 0.5864379230275253
 332.94290754190587 0.5631693749620375
 338.12228293362796 0.5398115736661745
 343.3723738354563 0.5162669959677061
 348.6931802473909 0.4926252420545929
 354.08613076559556 0.46917671308844966
 359.5526539862339 0.44596622816987247
 365.0920356112242 0.42274829052063184
 370.7064185348121 0.3996501707199361
 376.39651705507936 0.3771414263121141
 382.16375976818983 0.355429624875517
 388.00814667414346 0.3344333025194223
 393.9303920710222 0.31412746758361104
 399.9326388530717 0.2945957851275266
 406.01560131837374 0.27589558541885
 412.17999376501024 0.2579606823141115
 418.42653049106315 0.24083113274186263
 424.7559257946143 0.22465194701527613
 431.1710368679912 0.20948745113178205
 437.67043511503016 0.19538996555281107
 444.25697772805853 0.1825083461474124
 450.9306647070765 0.17086195138503715
 457.69363894632966 0.16040973329822766
 464.54518614773616 0.15117783948139546
 471.4881635036234 0.14346348511780835
 478.52257101399147 0.1373860988927954
 485.6505515730861 0.13264474812670188
 492.8713908828252 0.12876835945635515
 500.1879461355365 0.12530960070700956
 507.6009316293016 0.12214407417236343
 515.1110616622028 0.11918029083551525
 522.7197648304035 0.1164080896679982
 530.4277554319857 0.11393149474513753
 538.2364620631132 0.11175595329876514
 546.1473133199498 0.10996032050005297
 554.1610235005774 0.10857218193198158
 562.2790212011595 0.10733197455599905
 570.5027350178601 0.10584233396338313
 578.8328792487611 0.10387902684109164
 587.2708824900261 0.10160330708661924
 595.8181733378191 0.09939529656771239
 604.4754660902216 0.09757241010409498
 613.2441893433978 0.0963183068477226
 622.1257716935112 0.09570352460640276
 631.1216417367257 0.09562170080171531
 640.232513771123 0.09590352545672569
 649.4605306909489 0.09643795795916132
 658.8056924962033 0.09709442535864776
 668.270142081132 0.09777963802159297
 677.8553080418985 0.09845448352268805
 687.561904676585 0.09915320289498744
 697.391360581355 0.09993664964837849
 707.3451043523725 0.10079169211510702
 717.4267074800465 0.10155902678968771
 727.6340270701319 0.10207573109599329
 737.962777334137 0.10222553115032693
 748.4272442336995 0.10174058356563792
 759.0274277688196 0.10056611642273411
 769.7561849586783 0.09922144866666406
 780.6135158032757 0.09829691805584917
 791.6137062642495 0.09786596613098046
 802.7424703799617 0.09766637178805967
 814.0140941120503 0.09735885298787436
 825.428577460515 0.0967123885536154
 836.9787774445375 0.09566849875590826
 848.6718370449361 0.09463895677343254
 860.507756261711 0.0943858320728229
 872.4865350948622 0.09497502004468417
 884.6153165252084 0.09563438231212483
 896.886957571931 0.09628190160576755
 909.3086012158486 0.09776452840345617
 921.8873904377803 0.09981036828130768
 934.609039276088 0.1013590909953847
 947.4878336924097 0.1027255765131565
 960.5237736867455 0.1044269077646601
 973.7168592590949 0.10639129581027257
 987.0599474286397 0.10863004535691154
 1000.5673241570171 0.11107179964751938
 1014.2389894442272 0.11363287265637279
 1028.0678003094513 0.11595926203529562
 1042.053756752689 0.1171457898250288
 1056.2111447355785 0.11711435278716853
 1070.5399642581197 0.11669243053816643
 1085.0259293586746 0.11574629264303726
 1099.6904689796997 0.11336536574708943
 1114.5192971595577 0.11085262315950029
 1129.5195568790673 0.10894865558429843
 1144.6983911190473 0.10751690790830327
 1160.0486568986785 0.1066951000861328
 1175.5703542179615 0.10629011134352583
 1191.2777690385337 0.10664652475004047
 1207.1566153987574 0.10789849414902676
 1223.2211792602702 0.10874243563680709
 1239.4643176422533 0.10833105695332719
 1255.8931735255258 0.10682686557272493
 1272.5077469100872 0.1040874681040041
 1289.3080377959377 0.0996965340566685
 1306.2869032022588 0.09494878253591095
 1323.4657720715065 0.09144708747588638
 1340.8303584420435 0.08880438110631715
 1358.3806623138698 0.08595266872853942
 1376.1309696486226 0.08415772950403888
 1394.0741374654835 0.08272790701131565
 1412.2101657644525 0.08252349464388888
 1430.5461975263484 0.08636264826373802
 1449.0750897703517 0.09175759825676104
 1467.8039854772824 0.0947074289070978
 1486.7400276279584 0.09362659098427971
 1505.8689302607424 0.09104353550965535
 1525.204979337272 0.0884443758155696
 1544.7410318767286 0.08636622252794535
 1564.4842308599307 0.08486347744724804
 1584.441719267697 0.08178542882320392
 1604.5992111383905 0.07577203097302028
 1624.9638494528292 0.06903356986396281
 1645.5427771918326 0.06365072585016814
 1666.3288513745815 0.059714451746139756
 1687.3220720010759 0.05576227964959621
 1708.5367250329537 0.052600002265103814
 1729.9656674893959 0.05071992581875892
 1751.6017563895837 0.04869964641137679
 1773.4592776951547 0.04866898492858201
 1795.5310884252901 0.04751976906496728
 1817.824331560809 0.04207097784461118
 1840.3318641208919 0.0331461815833318
 1863.067972067177 0.025504315605424727
 1886.011226457208 0.020958510339366132
 1909.1830562334405 0.017728506957109605
 1932.576318415057 0.014957388126050079
 1956.191013002056 0.01217279929568641
 1980.0342829752574 0.009801837579197092
 2004.091842373023 0.008169020508522154
 2028.38512013781 0.006743041779612945
 2052.8926873271607 0.005429163486691814
 2077.6359728835328 0.004366384462738312
 2102.6006908452878 0.0035479132731487725
 2127.793984193245 0.002911340392868379
 2153.2087099465853 0.002406442885527001
 2178.8591540669468 0.001999754258844475
 2204.7310305926912 0.0016685833258742227
 2230.8386254854563 0.001396767890195027
 2257.1676527836053 0.001172338439148092
 2283.7323984487743 0.0009861671622277707
 2310.5185765193273 0.0008311426880855372
 2337.540472956901 0.0007016424458300169
 2364.790944780677 0.000593166689641385
 2392.2699919906545 0.0005020880880358463
 2419.977614586834 0.0004254569867514584
 2447.9209555500347 0.00036086272801662435
 2476.0857289186188 0.0003063256053964033
 2504.4862206542234 0.0002602125270093727
 2533.1081447952115 0.00022117213436941214
 2561.96578730322 0.00018808184571254122
 2591.052005197431 0.00016000606774689905
 2620.3667984778435 0.00013616414265320642
 2649.9030241636397 0.00011590201383682157
 2679.674968216457 0.00009867103246381764
 2709.668344674657 0.00008400930722021121
 2739.890296519059 0.00007152804153688709
 2770.3408237496637 0.00006089919900040882
 2801.01992636647 0.000051845206126558675
 2831.913318407841 0.000044131124356545015
 2863.035285835414 0.00003755783649041286
 2894.3858286491886 0.00003195624455769471
 2925.950660887528 0.000027182729483723947
 2957.744068512069 0.000023115153624069606
 2989.751765561175 0.00001964946649328665
 3021.9808950156644 0.000016697167317719954
 3054.4243138947177 0.000014182747732752992
 3087.0891651791544 0.000012041822142968669
 3119.9683058881556 0.000010219468252968616
 3153.061736021721 0.000008668806587417507
 3186.369455579851 0.000007349812740437763
 3219.884321581727 0.00000622835550812006
 3253.6134770081667 0.000005275253284733974
 3287.5497788783523 0.0000044656061323958785
 3321.6932271922838 0.0000037781549970570856
 3356.04382194996 0.0000031947549600443413
 3390.6015631513824 0.000002699919585004075
 3425.352164834913 0.0000022804193507837493
 3460.309912962189 0.0000019249875421594265
 3495.4605215715733 0.000001624012009641049
 3530.803990663065 0.0000013692938474813747
 3566.347463217484 0.0000011538511971406384
 3602.083796254011 9.717364767653967E-7
 3638.005846791826 8.178866394232162E-7
 3674.1136148309315 6.879905222846486E-7
 3710.4142433521447 5.78389611951474E-7
 3746.893446393828 4.859667053978858E-7
 3783.551223955982 4.0807756521476626E-7
 3820.387576038606 3.4247696605997553E-7
 3857.3953596608817 2.8725936788772237E-7
 3894.5817178036277 2.408100742264829E-7
 3931.932364505206 2.0176050238782168E-7
 3969.4544427464366 1.6895130841387067E-7
 4007.1408095464994 1.414016407321349E-7
 4044.9914649053953 1.1828202488237243E-7
 4082.992122861486 9.889156657010766E-8
 4121.15706937641 8.263777171872693E-8
 4159.472018488527 6.902143164403976E-8
 4197.929827217023 5.7620874725347396E-8
 4236.544781523532 4.8080638360711174E-8
 4275.295452465598 4.010160858171651E-8
 4314.188983024041 3.3431724532509976E-8
 4353.218230218041 2.785924501297085E-8
 4392.383194047598 2.3205880968639285E-8
 4431.669588551075 1.9322016390278515E-8
 4471.0916996901105 1.6081951522866257E-8
 4510.635241503065 1.3380262374829295E-8
 4550.2930710091205 1.1128519503405291E-8
 4590.072331189096 9.252621862352557E-9
 4629.9658790621725 7.690512978286742E-9
 4669.9594286667125 6.390251809638084E-9
 4710.060122983535 5.308386598064376E-9
 4750.267962012639 4.408588464776896E-9
 4790.568659792388 3.660502272753481E-9
 4830.962216322781 3.0387859784699097E-9
 4871.448631603819 2.5222740119431545E-9
 4912.013619673865 2.0933235567184865E-9
 4952.664323513735 1.7372233995270626E-9
 4993.393600142613 1.4417148924093408E-9
 5034.201449560497 1.196590534136011E-9
 5075.0735858057515 9.933560535163799E-10
 5116.010008878376 8.249490064022647E-10
 5157.003575797549 6.854990279039944E-10
 5198.061429544093 5.701345205670792E-10
 5239.169284156367 4.748189145979848E-10
 5280.327139634374 3.962092171947424E-10
 5321.534995978112 3.3154761707113383E-10
 5362.778567225944 2.785655394848614E-10
 5404.057853377871 2.35412386811458E-10
 5445.365711453072 2.005926995061248E-10
 5486.709284432368 1.7292241092790127E-10
 5528.074286354121 1.515025895697233E-10
 5569.453574237511 1.3570364099739928E-10
 5610.854291063357 1.2516347029725703E-10
 5652.262150870022 1.1979183637791003E-10
 5693.677153657505 1.1947335226584993E-10
