 0. 0.
 0.26072308567520447 0.06400002239992791
 0.7859278935324734 0.17803419411783244
 1.3187014038653577 0.2803958707961218
 1.859160761559286 0.37198886557095545
 2.4074059683457216 0.4536490166681145
 2.963551311917765 0.5262368100016525
 3.5277110799685185 0.5906850949840003
 4.099999560191082 0.6479743984564228
 4.680538183259376 0.6990797566066178
 5.269434093885683 0.7449071583186193
 5.86681586572474 0.7862646383901843
 6.472797786469649 0.8238336948951619
 7.08750842977515 0.8581762910275751
 7.711062083334342 0.889735537234873
 8.343644464648516 0.9188702800034562
 8.985227001794394 0.9458558869548819
 9.63616684381292 0.9709033764084879
 10.296392560895903 0.9941792104051548
 10.96611844246791 1.0158116935093422
 11.645558777953502 1.0359059122208896
 12.334713567352683 1.0545560766764899
 13.033797100090016 1.071845798472348
 13.742952235781875 1.0878480541444622
 14.462250404236451 1.1026388968911813
 15.191977324686496 1.1162882101489424
 15.932132997132008 1.1288569355410658
 16.682931710997554 1.140405937969926
 17.444516325899507 1.1509908181414772
 18.217101131262435 1.1606607511901976
 19.000757556894527 1.169466715553983
 19.795699892220345 1.177454313174703
 20.60199956704808 1.1846717390199608
 21.419942300610476 1.1911644617974175
 22.249599522715727 1.19697927474199
 23.0911855227884 1.2021718690574106
 23.94484316044487 1.2067886466219262
 24.810786725109697 1.2108835389000663
 25.68915907639926 1.2144999510237784
 26.580103073929937 1.2176729297279814
 27.483833007126293 1.2204384541209137
 28.40056316541289 1.222835351752924
 29.330436408406104 1.2249053890124075
 30.2736670255305 1.2266897654020845
 31.230397876402456 1.2282256307267918
 32.20084325044653 1.2295426092186779
 33.1852174370873 1.2306629036579568
 34.18366329594113 1.2315977925949024
 35.19646654624078 1.2323655899170394
 36.223698617794426 1.2329827024440534
 37.26571665964302 1.2334708074519272
 38.32266353140294 1.2338407803379292
 39.39475352249874 1.2340927273477647
 40.482129492546804 1.2342285072411026
 41.58514859058807 1.234253517697497
 42.70388224643072 1.2341802713582
 43.838687609115716 1.234021258245209
 44.98970753825941 1.2337871679533077
 46.15715632328638 1.2334904706386212
 47.341319683429376 1.233131121110492
 48.54241190811297 1.2327108532572952
 49.76071871656989 1.23223676223637
 50.99638296841653 1.231712366159862
 52.24976181269384 1.231128645891625
 53.52099810901817 1.2304711816129306
 54.8103775766223 1.2297147527878196
 56.11818593473896 1.228846616602814
 57.444637472792735 1.2278683318514798
 58.790089339824554 1.2267922162443352
 60.15468439545079 1.2256324042453963
 61.5387083589042 1.2243922596759187
 62.94251837922573 1.2230661298350454
 64.36632874583994 1.2216483200907717
 65.81049660778777 1.2201421250582518
 67.27516482468559 1.2185417885698442
 68.76076197538254 1.2168360671614136
 70.26743091949498 1.2150190728385228
 71.79552880606387 1.2130957584141675
 73.34555564374652 1.2110528727421506
 74.91772572196751 1.2088624504614924
 76.5120390407268 1.2065072403981214
 78.12920989810631 1.203993600879236
 79.76923829410602 1.201353574457637
 81.43212422872593 1.1986084010270128
 83.1192962981298 1.1957573564102892
 84.83004020423577 1.1927848931279281
 86.56578454320758 1.1896715673387688
 88.32510071888149 1.1863939682171747
 90.11013162550313 1.1829451385401493
 91.92016296499061 1.1793385331759616
 93.75590903542582 1.17558582922162
 95.61808413489065 1.171700677508232
 97.50668826338509 1.1676836442721183
 99.42172142090914 1.163510623063371
 101.36389790554468 1.1591723206349387
 103.33321771729172 1.1546821505130984
 105.33110945231401 1.1500536718439351
 107.35685881252968 1.1452967590255438
 109.4111800960206 1.1404426730246267
 111.49478760086866 1.1355192946376889
 113.60768132707386 1.1305257185713073
 115.75057557271806 1.125441418978685
 117.9234703378013 1.1202435100365689
 120.12707992040545 1.1149007378779177
 122.36211861861237 1.109391134679238
 124.62858643242207 1.1036882289687024
 126.92719765991644 1.0977669143211133
 129.25723800301358 1.0915852586254913
 131.62085035595916 1.0851042693544741
 134.01803471875314 1.078296056482819
 136.44879109139558 1.0711337958167821
 138.9131194738864 1.0636207002268985
 141.41316276047135 1.0557952255516339
 143.9474923549866 1.04767983632516
 146.51753685359586 1.0392613760952334
 149.12401055438113 1.0305366966757346
 151.76691345734233 1.0215173782779439
 154.44695986056138 1.0122347543332457
 157.1648640621201 1.002701303025812
 159.92062606201856 0.9929009166897841
 162.71496015833864 0.9828300969119338
 165.5478663510803 0.9725325890040026
 168.4214875344892 0.9620813306863648
 171.33439511240158 0.951517601982724
 174.28873197906307 0.9408329272848457
 177.2837838363918 0.9299638655422472
 180.32097928055154 0.9188774787834865
 183.40031831154226 0.9075730912763401
 186.52322952552777 0.8960596772121192
 189.68899862442618 0.88437145802496
 192.8990542044012 0.8725317335819239
 196.15411056353477 0.8605675593206469
 199.45416770182686 0.8485048544819958
 202.80065421544126 0.8363261735975301
 206.19285580629605 0.8239728568973842
 209.6329153686369 0.8113689929220513
 213.12011860438193 0.7984447276839763
 216.65589410969488 0.7852038966457343
 220.24095618265767 0.7717644938203884
 223.87601912135213 0.7582468266579983
 227.56036862769645 0.7445666807453163
 231.29686189401806 0.7306666491518125
 235.0840703241533 0.7166447062242522
 238.92413681234774 0.7025406309352876
 242.81706135860136 0.6883077317850673
 246.76427255907802 0.673921488218959
 250.76505611569578 0.6593996176764942
 254.8215549227003 0.6447086739336646
 258.93376898009154 0.6298438277367067
 263.1024125859514 0.6148720791188087
 267.32820003836184 0.5997813788697238
 271.6125599334865 0.584512346016768
 275.95549227132545 0.5690591497949913
 280.35771134996054 0.5534175186686751
 284.8206457655556 0.5376481096284466
 289.3442955181105 0.521860611691988
 293.930803501871 0.5061923042119374
 298.5787411206733 0.49076738825797833
 303.290965566845 0.47563457907662265
 308.06747684038595 0.4607231211121251
 312.9089892393781 0.4459746331445925
 317.81621706190333 0.4314129852508712
 322.79058890412546 0.4169340178068723
 327.83210476604444 0.4023724323921879
 332.94290754190587 0.38769446595689194
 338.12228293362796 0.3730489508874236
 343.3723738354563 0.35857455637378377
 348.6931802473909 0.34437290861224296
 354.08613076559556 0.33062592082406994
 359.5526539862339 0.3174149051227812
 365.0920356112242 0.3046684683125951
 370.7064185348121 0.292321425558503
 376.39651705507936 0.28038957983791823
 382.16375976818983 0.26877811909071525
 388.00814667414346 0.2573016816476664
 393.9303920710222 0.24598633821787458
 399.9326388530717 0.2349182685789736
 406.01560131837374 0.22409377048848372
 412.17999376501024 0.21363453493387913
 418.42653049106315 0.20359772919641006
 424.7559257946143 0.193905234469246
 431.1710368679912 0.1845449910614675
 437.67043511503016 0.17545658046466836
 444.25697772805853 0.16661157043688188
 450.9306647070765 0.15818971878773513
 457.69363894632966 0.15027539942056603
 464.54518614773616 0.14294707161770784
 471.4881635036234 0.13632306644460315
 478.52257101399147 0.13034246112771905
 485.6505515730861 0.1249224226646808
 492.8713908828252 0.12014086341793985
 500.1879461355365 0.1160309250848647
 507.6009316293016 0.11253081879810131
 515.1110616622028 0.10968405802931973
 522.7197648304035 0.10749680849131964
 530.4277554319857 0.10567262418377205
 538.2364620631132 0.10385694958100679
 546.1473133199498 0.10186425561646313
 554.1610235005774 0.09981235646304655
 562.2790212011595 0.09804986373830657
 570.5027350178601 0.09698195033946261
 578.8328792487611 0.09691485769552444
 587.2708824900261 0.09795244325865267
 595.8181733378191 0.0998337821309826
 604.4754660902216 0.10197848089661615
 613.2441893433978 0.10384208724389914
 622.1257716935112 0.1052500854544839
 631.1216417367257 0.10622599183484441
 640.232513771123 0.10648037456513369
 649.4605306909489 0.10568535143874457
 658.8056924962033 0.10415777315832554
 668.270142081132 0.10253135642557726
 677.8553080418985 0.10118687382934369
 687.561904676585 0.10017200762682228
 697.391360581355 0.09936756347356203
 707.3451043523725 0.09873894157440616
 717.4267074800465 0.09846097796301352
 727.6340270701319 0.0986057599402397
 737.962777334137 0.09884161006763756
 748.4272442336995 0.09872911551526672
 759.0274277688196 0.0981759391215138
 769.7561849586783 0.09752449096134386
 780.6135158032757 0.09719384016927914
 791.6137062642495 0.09720563608886885
 802.7424703799617 0.09734231899124676
 814.0140941120503 0.0973321254022208
 825.428577460515 0.0972407885135625
 836.9787774445375 0.0972825013543081
 848.6718370449361 0.09715980545430315
 860.507756261711 0.09626105970635172
 872.4865350948622 0.09447106032369695
 884.6153165252084 0.09264553128827
 896.886957571931 0.0914822834480218
 909.3086012158486 0.09086487100953108
 921.8873904377803 0.09107598230853728
 934.609039276088 0.0919657012904478
 947.4878336924097 0.09257767767076718
 960.5237736867455 0.09219486131232366
 973.7168592590949 0.09107331920086813
 987.0599474286397 0.09047578254403997
 1000.5673241570171 0.09063575411306757
 1014.2389894442272 0.09095315622731462
 1028.0678003094513 0.09178426754264496
 1042.053756752689 0.09410789717280403
 1056.2111447355785 0.09801140209300382
 1070.5399642581197 0.10248059236200273
 1085.0259293586746 0.1058048294441058
 1099.6904689796997 0.10753392794561328
 1114.5192971595577 0.10780649668191401
 1129.5195568790673 0.10621602804943217
 1144.6983911190473 0.10334552407298367
 1160.0486568986785 0.10043008871428803
 1175.5703542179615 0.09859681513353576
 1191.2777690385337 0.09888554636508833
 1207.1566153987574 0.10043118644885268
 1223.2211792602702 0.10040330027179044
 1239.4643176422533 0.09702263817425866
 1255.8931735255258 0.09268431646598421
 1272.5077469100872 0.0907563373335293
 1289.3080377959377 0.09087020936468827
 1306.2869032022588 0.0917773006392433
 1323.4657720715065 0.09129795699563625
 1340.8303584420435 0.09010801810485933
 1358.3806623138698 0.09059536178604775
 1376.1309696486226 0.09139499186322193
 1394.0741374654835 0.08766738305682059
 1412.2101657644525 0.08152268735557243
 1430.5461975263484 0.07708926193048726
 1449.0750897703517 0.07444422935929716
 1467.8039854772824 0.07278275246090009
 1486.7400276279584 0.07163369669578384
 1505.8689302607424 0.07048905756084578
 1525.204979337272 0.06974788265759028
 1544.7410318767286 0.07005511435870201
 1564.4842308599307 0.06990419071341154
 1584.441719267697 0.06903165344481689
 1604.5992111383905 0.06713777854435417
 1624.9638494528292 0.06552361050315611
 1645.5427771918326 0.06439339133941452
 1666.3288513745815 0.0628148234260344
 1687.3220720010759 0.06025538200065971
 1708.5367250329537 0.05837728955356967
 1729.9656674893959 0.05501696339248285
 1751.6017563895837 0.050212673181541934
 1773.4592776951547 0.04579307656833595
 1795.5310884252901 0.039632272793111926
 1817.824331560809 0.030930047866201387
 1840.3318641208919 0.023081170278594885
 1863.067972067177 0.018098129443456453
 1886.011226457208 0.016187859538330372
 1909.1830562334405 0.015754122609818465
 1932.576318415057 0.015273103549726181
 1956.191013002056 0.014509168374619701
 1980.0342829752574 0.012781673267884371
 2004.091842373023 0.010539767507664896
 2028.38512013781 0.008627579923909072
 2052.8926873271607 0.007099026398191273
 2077.6359728835328 0.00592665770287356
 2102.6006908452878 0.005042086604279898
 2127.793984193245 0.004350854050031266
 2153.2087099465853 0.0037885229793491897
 2178.8591540669468 0.0033176567841870404
 2204.7310305926912 0.0029156919427570107
 2230.8386254854563 0.0025680846785027483
 2257.1676527836053 0.0022648280662108636
 2283.7323984487743 0.0019986668022308686
 2310.5185765193273 0.0017641331970797687
 2337.540472956901 0.0015569215965358027
 2364.790944780677 0.0013735463904904967
 2392.2699919906545 0.0012111165944004429
 2419.977614586834 0.0010671844971618706
 2447.9209555500347 0.0009396369378361175
 2476.0857289186188 0.0008266444920233436
 2504.4862206542234 0.0007265904540279872
 2533.1081447952115 0.0006380527947664482
 2561.96578730322 0.0005597661755006065
 2591.052005197431 0.0004906029239280823
 2620.3667984778435 0.0004295557626387
 2649.9030241636397 0.0003757256916302238
 2679.674968216457 0.00032830700180648325
 2709.668344674657 0.0002865800306003814
 2739.890296519059 0.00024990008479726676
 2770.3408237496637 0.00021769240433551444
 2801.01992636647 0.000189441280385553
 2831.913318407841 0.00016468870290366105
 2863.035285835414 0.00014302463709424762
 2894.3858286491886 0.00012408475292173668
 2925.950660887528 0.00010754458972910993
 2957.744068512069 0.00009311580715688833
 2989.751765561175 0.00008054257168931487
 3021.9808950156644 0.00006959819363705148
 3054.4243138947177 0.00006008179103054379
 3087.0891651791544 0.00005181610813984155
 3119.9683058881556 0.000044644308364162284
 3153.061736021721 0.00003842824444961582
 3186.369455579851 0.000033046182423610955
 3219.884321581727 0.00002839108903688977
 3253.6134770081667 0.00002436889955382507
 3287.5497788783523 0.0000208972023368658
 3321.6932271922838 0.000017903652555038242
 3356.04382194996 0.000015324987343050584
 3390.6015631513824 0.000013105943568705373
 3425.352164834913 0.000011198241934815115
 3460.309912962189 0.000009559817791139165
 3495.4605215715733 0.00000815402658470782
 3530.803990663065 0.000006948976097104158
 3566.347463217484 0.000005916984341238789
 3602.083796254011 0.00000503403378365135
 3638.005846791826 0.000004279296198013953
 3674.1136148309315 0.0000036347452862413348
 3710.4142433521447 0.000003084795838663039
 3746.893446393828 0.000002615976551562596
 3783.551223955982 0.000002216670531039274
 3820.387576038606 0.0000018768764987660268
 3857.3953596608817 0.0000015879627348253021
 3894.5817178036277 0.0000013425207316782803
 3931.932364505206 0.0000011341845103011255
 3969.4544427464366 9.574890088793427E-7
 4007.1408095464994 8.077520445506107E-7
 4044.9914649053953 6.809551029800406E-7
 4082.992122861486 5.736753221922432E-7
 4121.15706937641 4.829738328088785E-7
 4159.472018488527 4.0634757661737074E-7
 4197.929827217023 3.416602766347629E-7
 4236.544781523532 2.870919883388527E-7
 4275.295452465598 2.410919226051801E-7
 4314.188983024041 2.0234149498668567E-7
 4353.218230218041 1.6972136867060694E-7
 4392.383194047598 1.4227978168063584E-7
 4431.669588551075 1.1920970338368997E-7
 4471.0916996901105 9.982715612692686E-8
 4510.635241503065 8.355269504425043E-8
 4550.2930710091205 6.989662020403903E-8
 4590.072331189096 5.844425553218908E-8
 4629.9658790621725 4.884562372914246E-8
 4669.9594286667125 4.0805216939670105E-8
 4710.060122983535 3.4073746262670995E-8
 4750.267962012639 2.844121477801587E-8
 4790.568659792388 2.3730704129595906E-8
 4830.962216322781 1.979331308782556E-8
 4871.448631603819 1.6503857267065727E-8
 4912.013619673865 1.3757134114766668E-8
 4952.664323513735 1.1464782215418642E-8
 4993.393600142613 9.552688203775629E-9
 5034.201449560497 7.958668264810948E-9
 5075.0735858057515 6.630673018819146E-9
 5116.010008878376 5.5250997160815196E-9
 5157.003575797549 4.605493642061739E-9
 5198.061429544093 3.841412694629882E-9
 5239.169284156367 3.2074426950125487E-9
 5280.327139634374 2.682427170655464E-9
 5321.534995978112 2.248795360962326E-9
 5362.778567225944 1.8919810015622673E-9
 5404.057853377871 1.5999669690236983E-9
 5445.365711453072 1.3629039053923105E-9
 5486.709284432368 1.1727841019180184E-9
 5528.074286354121 1.023184522008694E-9
 5569.453574237511 9.090635633685211E-10
 5610.854291063357 8.265858089467639E-10
 5652.262150870022 7.730205474170488E-10
 5693.677153657505 7.466485616188378E-10
