 0.19680417088568017 0.00008636915390432841
 0.5932496812164626 0.0010655768725792317
 0.9954083496726038 0.004041878271055384
 1.403368601880053 0.010000928086709451
 1.8172059231292548 0.019594293142404795
 2.237006582323574 0.03300819398674055
 2.662856848366376 0.04998235062098895
 3.0948429901610264 0.06994334213805095
 3.53305666841735 0.09216914888043878
 3.977578760232252 0.11592327829153827
 4.428506318122019 0.14053649422832265
 4.8859256109900135 0.16545464718413389
 5.3499336913525255 0.1902458720406548
 5.820616828112916 0.2145959443569591
 6.298115208239157 0.23829125342936303
 6.782407264505404 0.2612017753512765
 7.273762587234675 0.2832640460730542
 7.772127258362366 0.30447110002827177
 8.277663032082287 0.32485699109722654
 8.790531662588249 0.344482087522264
 9.310733149880251 0.36340985335302933
 9.838429248152101 0.38169523916909337
 10.373727793533009 0.39938158627265274
 10.916682704087574 0.41649907878488024
 11.467509652074213 0.433073257115999
 12.026208637492923 0.4491211482061576
 12.592941414537515 0.4646590050436798
 13.167815819337195 0.47970849827966416
 13.750993606085773 0.49429826413163325
 14.342528692847855 0.5084677741426592
 14.942582833817246 0.5222572738076391
 15.55120994705855 0.535701590958695
 16.168625704830184 0.5488162046323259
 16.794884025196744 0.5616003408767068
 17.430146662352048 0.5740423904144638
 18.074521452425294 0.5861284221127477
 18.7281701496103 0.597853792260609
 19.39120059003627 0.6092285622317718
 20.063720609832405 0.6202566017853609
 20.745891963192523 0.6309115965593283
 21.43787640431043 0.6411339522631535
 22.139781769315327 0.6508671704136156
 22.85176981240103 0.6600895803596166
 23.573948369696748 0.6688081476675808
 24.30647919539628 0.6770236462893331
 25.049524043693452 0.6847175013810749
 25.803190750717455 0.6918734599544825
 26.56769498872671 0.6984938438650307
 27.34309067578582 0.7045964540046932
 28.129647402217792 0.7099379298940122
 28.92747300415185 0.7153559322750276
 29.736729235781784 0.7200298273458483
 30.55752393323682 0.7242006537304572
 31.390126686839956 0.7278390012595064
 32.2345914146558 0.7309379043665715
 33.091187707007386 0.7335244513655255
 33.96002340002389 0.7356357919439653
 34.84126024789915 0.7372657344872919
 35.735113922891564 0.7383577805122841
 36.641746179194946 0.7388709105722202
 37.5613726890677 0.7388028028116254
 38.494101288639044 0.7381720320742982
 39.440201568232 0.7369878857821379
 40.39978136397575 0.7352333369949959
 41.37305634812873 0.732910707568347
 42.36024219294933 0.7300246412131407
 43.36150065263139 0.7265333445308303
 44.3771013174979 0.7224035375929434
 45.40715202367809 0.7176530212914535
 46.45186844343034 0.7123143016030081
 47.511520167077705 0.7063943440940318
 48.58626894881396 0.6998699302097764
 49.676384378962155 0.6927557650349155
 50.781974293651466 0.6850742931723729
 51.90336220126953 0.6767860430790761
 53.04065593794554 0.6678917887068503
 54.19412509400252 0.658476664756439
 55.3641470958927 0.648594073903763
 56.55088369780988 0.6382316329196234
 57.75433489975406 0.627393211563145
 58.97503988237128 0.616125246943824
 60.21299864566153 0.6045492494981765
 61.46821118962482 0.5927975649882673
 62.741755875553196 0.5808756110768709
 64.03309352280066 0.5687717784866133
 65.34330249265923 0.5565278606160414
 66.67130442383689 0.5441276044768313
 68.01871685827172 0.5315563049843092
 69.38500061531765 0.518868138766221
 70.77069487562078 0.5061861641627322
 72.17633881982708 0.4935684275607136
 73.60193244793659 0.48095223886234484
 75.0474757599493 0.4682733600661559
 76.51350793651123 0.455540304642221
 78.00002897762239 0.4427948659890871
 79.50811724457483 0.4300757416980012
 81.03723355672255 0.4174177596010857
 82.58791709471157 0.40483020712023976
 84.1607070391879 0.3922790303751661
 85.75560339015156 0.37978635986749343
 87.37314532824857 0.3671163086426734
 89.01333285347894 0.35447535348590653
 90.67670514648871 0.34182898066636513
 92.36380138792391 0.32922130543807077
 94.07462157778453 0.31669721700687004
 95.8097048967166 0.3042729683610868
 97.56851216407408 0.29197719571824376
 99.3526609217951 0.27984782271776315
 101.16215116987962 0.26792122509541716
 102.9969829083277 0.25629027707019875
 104.85715613713926 0.2449913543778802
 106.74428839825244 0.2339989166082384
 108.65730133037519 0.2232796838328009
 110.59727329479954 0.21275858272454837
 112.56474347217154 0.20237988875208504
 114.5597118624912 0.19217069022928387
 116.58271764640455 0.1821124123123463
 118.6343000045576 0.17216248765090048
 120.71445893695035 0.1622922800274236
 122.82373362422888 0.1525188163820644
 124.96212406639313 0.1428498362330723
 127.13124780538125 0.13333564644906845
 129.33002647990114 0.12410549698481807
 131.5600776318909 0.1152120165644172
 133.82086208070447 0.10667997164626389
 136.11345818763397 0.09853103288145657
 138.4378659526794 0.0907388859079472
 140.79516373713278 0.08328959959288683
 143.1848123603481 0.0761803103145232
 145.60789018361746 0.06941844801037574
 148.0649363875868 0.06299441567781516
 150.55595097225623 0.05686796782194453
 153.08201229891773 0.05103600863546408
 155.64258118692533 0.04551200488012779
 158.23927517821707 0.040251609116366514
 160.87155509214696 0.03524027104987136
 163.54049929000703 0.030534953534958015
 166.24664695244334 0.026174895929151
 168.99053726010192 0.022200962888807216
 171.77163103233673 0.018607968936699557
 174.5920849917319 0.015350405705521472
 177.45082077699539 0.01240946616592689
 180.34945593006523 0.009793044626530209
 183.28799045094146 0.00750667484287976
 186.26750270091617 0.005525303994402194
 189.28745349934331 0.003822199785064036
 192.349460388161 0.0023946146858867434
 195.45352336736914 0.001230258341890249
 198.60018161761388 0.00028547677434056145
 201.78997431954122 -0.00019259558978117666
 205.02397983444317 -0.0010671325157473638
 208.3021981623198 -0.001500212738429787
 211.6251684838171 -0.0017976114666817449
 214.99396916022718 -0.001992322266800486
 218.40860019155 -0.0021103576596222897
 221.87067911972363 -0.0021787982195018516
 225.37912758345607 -0.002225142454779339
 228.9361023053314 -0.002278498693590795
 232.54160328534965 -0.002360831688728054
 236.19616970415686 -0.0024835572296090015
 239.90034074239904 -0.0026481690432557745
 243.65519476136825 -0.002841865966483843
 247.4607317610645 -0.003043542333027056
 251.3185692834259 -0.003238709764722513
 255.22816814780637 -0.0034240867058324613
 259.19114589614406 -0.0036012287995250344
 263.20750252843897 -0.003777496327655424
 267.27831640598316 -0.0039605436737723
 271.40466589006866 -0.004148869371335275
 275.58601180004945 -0.004344532132198694
 279.82397167786365 -0.004557817776116028
 284.1190847041573 -0.004787364147875378
 288.47242924022237 -0.005015540624904583
 292.88400528605894 -0.005230846283085013
 297.3543520223131 -0.005434813547030053
 301.88508699092284 -0.005626490455995024
 306.47674937253424 -0.005800490305278335
 311.1298783477933 -0.005962540338384553
 315.8450130973461 -0.006119110792570185
 320.6226928018387 -0.006257021268256481
 325.4650741838551 -0.0063491215354245
 330.3710788821034 -0.006292407323271687
 335.3428636191676 -0.006234932683172656
 340.3804283950477 -0.005956859531989484
 345.4853907516819 -0.005597180900384496
 350.65721150842415 -0.0052258078567046454
 355.8980473878585 -0.004796109803497215
 361.20789838998496 -0.004231457770574765
 366.58838205674175 -0.003541564853340307
 372.0389592074826 -0.0028046234046676657
 377.56178656479193 -0.0020936170816488087
 383.1574033093155 -0.0014603542194453084
 388.82634862169954 -0.0008809661437759747
 394.56970086323594 -0.00023475274568573125
 400.3879992145709 0.0005204408088745017
 406.2823220369965 0.0012443907022136778
 412.2537476918046 0.0017590841448361654
 418.3028153596415 0.0020390766965451925
 424.43060340179903 0.002132268235786379
 430.63819017956934 0.0018252315687813968
 436.9261148735985 0.0015142212664612253
 443.29545584517854 0.0008097470968448729
 449.7472914556015 -0.000018664080444007805
 456.2821608855134 -0.0008561842063413531
 462.9011424962065 -0.001609200634418026
 469.6053146489725 -0.0021996330026292726
 476.39575570510385 -0.002620732451061604
 483.27300484524636 -0.0029682290809420146
 490.23867961133817 -0.0032727249474286844
 497.2927800033792 -0.0034571344487574567
 504.4369235633078 -0.003444076025019452
 511.6721886524157 -0.0034308510447824494
 518.9991144513491 -0.003559009727474485
 526.4187793214002 -0.0035973065379296385
 533.9322616238609 -0.0034666658278763455
 541.5422572619613 -0.003334346991730514
 549.2471486937634 -0.0030071433787000655
 557.0437008353911 -0.0027896783949280485
 564.9426972997649 -0.0026649637978570016
 572.9441380868848 -0.0025709363906448787
 581.0426313902905 -0.0025221542071188264
 589.238177209982 -0.002365955249809166
 597.5415591588801 -0.0020381169962822654
 605.9419936240639 -0.0016573404379293772
 614.4502642184543 -0.0011732490504650704
 623.066370942051 -0.0006777650921376268
 631.784921988394 -0.0004209601371038421
 640.6113091639434 -0.0004810342777557886
 649.5455324686993 -0.0007810334841395493
 658.5875919026616 -0.0015221465331486245
 667.7428792722907 -0.0028645582339911226
 677.0060027711263 -0.004630669861397755
 686.3823542056286 -0.006271641218229622
 695.8773253822583 -0.007247571250925899
 705.480132688094 -0.007295496319516714
 715.2015597360572 -0.00734401338783184
 725.0416065261475 -0.0075602323091657
 735.0002730583648 -0.007738177719019614
 745.0721675262489 -0.007918146330609822
 755.2680735427205 -0.008000649595148568
 765.5879911077794 -0.008103304796176044
 776.0265284149655 -0.007942679101781537
 786.5836854642786 -0.007780228115405275
 797.2702458686397 -0.0069130305745950076
 808.0862096280484 -0.005696641449407707
 819.0207931295843 -0.004206017974088943
 830.0901717926282 -0.002968941116620961
 841.2835620042596 -0.0028409449638121627
 852.6063555709386 -0.0023736590472051232
 864.063944299126 -0.0019008102030194228
 875.6509363823609 -0.00453166594395126
 887.3673318206436 -0.005118592310395522
 899.2239142268949 -0.005102924023247941
 911.2098999881937 -0.00508708473160216
 923.3360727174611 -0.00463589403621611
 935.5970406082364 -0.004269683251208617
 947.9981954669803 -0.003906777240493624
 960.5395372936924 -0.003313140711727121
 973.221066088373 -0.002443551659777784
 986.0373900445618 -0.0019937463381583783
 999.0046845816396 -0.0023689659224081874
 1012.1121660866856 -0.003673423025755563
 1025.3598345597004 -0.005036243836221763
 1038.7584736136039 -0.00545173987344152
 1052.3026914419363 -0.005267800352864474
 1065.9924880446974 -0.005081883775338554
 1079.8332552283475 -0.004167761535382093
 1093.8196011864263 -0.00340722229556699
 1107.9569177253945 -0.001943656176048175
 1122.2505966517117 -0.0010085598416358034
 1136.6898543524578 -0.0004296461984351588
 1151.2854744405531 0.0003837253148059144
 1166.0320651095378 0.0008989760027423596
 1180.9350181658715 0.0007452211852958638
 1195.999725416015 0.0002716872746755817
 1211.2154032470478 -0.0005052790926239009
 1226.5874434654297 -0.0018650226706341353
 1242.1212378776215 -0.0019202332731597428
 1257.8113946771625 -0.001647972401398914
 1273.657913864053 -0.0013729982769641797
 1289.6715790512135 -0.0009190910106725849
 1305.8469984321837 -0.0005619671940417291
 1322.1787802005033 -0.00036991956215261094
 1338.6777079690928 -0.00024170128517005454
 1355.338389931492 -0.0001078052975997286
 1372.1662178941617 -0.0000255534900089056
 1389.1558000506404 8.056993288004297E-7
 1406.3179200138497 0.000006045871731375986
 1423.6364023644087 0.000006574527264920416
 1441.1274225216978 0.000006121657094074242
 1458.785588679257 0.00000542310365591869
 1476.6109008370859 0.0000046792043803398265
 1494.6087508016456 0.000003967269315131039
 1512.7683549600147 0.0000033203849008085724
 1531.1058887315746 0.0000027507486181334993
 1549.605176696944 0.0000022597303618359674
 1568.2823942755044 0.0000018431043549517966
 1587.1267578543345 0.0000014939127705747647
 1606.1436592398952 0.0000012041529468349778
 1625.3277066257258 9.885457533860094E-7
 1644.6896836247472 7.709388304868395E-7
 1664.2188066240387 6.128328558805236E-7
 1683.9258592365204 4.852229050323712E-7
 1703.8000578492727 3.827578750247378E-7
 1723.8521860752153 3.0087067613864467E-7
 1744.071460301428 2.3571399385230842E-7
 1764.4686641408314 1.8407979785134717E-7
 1785.0384057869653 1.433180770871618E-7
 1805.7806852398294 1.1125557483531707E-7
 1826.6955024994238 8.612071536852224E-8
 1847.7882493722088 6.64819973913658E-8
 1869.0481422452642 5.118491696658279E-8
 1890.48596473151 3.930553040555823E-8
 1912.0909332180258 3.010695817576546E-8
 1933.8738313177323 2.300424748791383E-8
 1955.8292672241691 1.7534652545870912E-8
 1977.9572409373363 1.333387422563682E-8
 2000.2523606507734 1.0115859932713239E-8
 2022.7254099774013 7.656968547765118E-9
 2045.3656053042994 5.782720371377682E-9
 2068.178338437928 4.357573220448956E-9
 2091.1636093782863 3.2764708742614003E-9
 2114.321418125375 2.458279963006418E-9
 2137.640981066274 1.8404806582652456E-9
 2161.133081813903 1.3750492493002744E-9
 2184.7977203682626 1.0251920663537928E-9
 2208.6241131164315 7.627767345410082E-10
 2232.623043671331 5.663810412993695E-10
 2256.78372842004 4.197094309547369E-10
 2281.1115591690195 3.104034407664471E-10
 2305.601144111808 2.291137326892087E-10
 2330.257875054867 1.6878418793503153E-10
 2355.0763601917356 1.2410162722569337E-10
 2380.056599522414 9.107478099997174E-11
 2405.198593046902 6.671209326892087E-11
 2430.4969489587393 4.877552754035793E-11
 2455.9570590643866 3.55959793086144E-11
 2481.573531557383 2.5930404547652032E-11
 2507.3463664377286 1.8855478730315795E-11
 2533.275563705424 1.3686564072262588E-11
 2559.3611233604684 9.917263894433293E-12
 2585.592261789942 7.1735272798337625E-12
 2611.979762606765 5.1800208667411154E-12
 2638.512842198016 3.734185983531706E-12
 2665.191500563696 2.6874238798167992E-12
 2692.0211295102654 1.930909189491391E-12
 2718.9963372312636 1.3851106230245116E-12
 2746.1117319202294 9.919972725820588E-13
 2773.3673135771646 7.093407786915834E-13
 2800.7684740085283 3.611886116154477E-13
 2828.3044296013995 3.610206640694354E-13
 2855.9751803557797 2.56972902579797E-13
 2883.780726271667 1.8264179536060615E-13
 2911.7156755426026 1.296237734966498E-13
 2939.7854199750464 9.186575976506178E-14
 2967.979175956077 6.501481691682452E-14
 2996.3023352921564 4.594921026603715E-14
 3024.7495061768223 3.243113550606429E-14
 3053.320688610076 2.2859982867744762E-14
 3082.0050989789966 1.6092780296005204E-14
 3110.8135208965045 1.131471130954737E-14
 3139.7351707496787 7.945544225212745E-15
 3168.7646567320603 5.572987166336829E-15
 3197.9127624565685 3.9043392922450595E-15
 3227.163312503823 2.732227950962653E-15
 3256.5216986802834 1.909896397444234E-15
 3285.9825291794905 1.3336505661841622E-15
 3315.5458040014437 9.30305572615985E-16
 3345.2007395332225 6.483069377767098E-16
 3374.9581193877475 4.513570950284131E-16
 3404.8071599520977 3.139473661728535E-16
 3434.742469419813 2.1817856735461255E-16
 3464.7694395973544 1.514964260213169E-16
 3494.88267867826 1.0510884944163298E-16
 3525.071403049611 7.286996356888411E-17
 3555.3410045178666 5.048054341070368E-17
 3585.691483083027 3.494717549376608E-17
 3616.112055132172 2.4177016688247436E-17
 3646.6027206653007 1.6718210765740297E-17
 3677.1634796824137 1.1551850148709395E-17
 3707.78354857059 7.976502298210399E-18
 3738.4683191362906 5.507719808939527E-18
 3769.2123995730544 3.798571035848577E-18
 3800.015789880882 2.621034292273331E-18
 3830.8677064468525 1.8064732150773233E-18
 3861.7681492709658 1.2445145345056685E-18
 3892.7117265467623 8.555263472901529E-19
 3923.7038300807008 5.891321291453451E-19
 3954.733676259862 4.040895352237709E-19
 3985.8012650842456 2.766119301376834E-19
 4016.906596553851 1.8971029737779538E-19
 4048.038887055758 1.2832121257527354E-19
 4079.198136589967 8.743643347092252E-20
 4110.378953350018 5.888179047044189E-20
 4141.586729142369 3.905430564318227E-20
 4172.810680354102 2.332892027847672E-20
 4204.045415178755 1.4694636324248677E-20
 4235.29632542279 8.16619789050352E-21
