 0. 0.
 0.25702720371392596 0.003103840830110047
 0.7747869670700165 0.011263329124662522
 1.3000081427057757 0.02360386162027305
 1.8328062149184732 0.039355760393899535
 2.373279767864314 0.05784621236015952
 2.9215414691503905 0.07849024406039432
 3.477703986383794 0.10078492355056648
 4.041879987171618 0.12430426622513241
 4.614189180846396 0.1486900322694484
 5.194737193289778 0.17364460620012448
 5.783650775559742 0.19892316219321884
 6.381042595263381 0.22432716107461553
 6.987039403458672 0.24969979185711932
 7.6017538677527074 0.27491607487744635
 8.225369073007013 0.2998807976189876
 8.857856852319815 0.32452408538378485
 9.499569291963272 0.3487911346284887
 10.15043597468296 0.37264281603862776
 10.810668152242169 0.3960487706866422
 11.4804770764042 0.41898785384816173
 12.159862747169052 0.4414429061795146
 12.849036416300025 0.4634015503683944
 13.54813891830598 0.4848544913219148
 14.257240670441352 0.5057934096306659
 14.976623341723869 0.5262124067717036
 15.706286932153533 0.5461062389475474
 16.44644269349364 0.5654737614352661
 17.197231460253057 0.5843156674117465
 17.958864484195082 0.602636834006074
 18.731412182574147 0.620443533932341
 19.515085807153547 0.6377429301157376
 20.309955775187714 0.6545402374799716
 21.116303755694382 0.670840366235405
 21.93420016592798 0.6866486557196878
 22.763856257651806 0.7019643980840876
 23.605412865374728 0.7167916289607857
 24.45908124086004 0.7311352441715593
 25.32500221861661 0.7450018596478422
 26.203316633153303 0.758396699037918
 27.094235736233415 0.7713208096015916
 27.997970779620246 0.7837801094913747
 28.914662597822655 0.7957764737523478
 29.844522442603942 0.8073192983155477
 30.787691148472973 0.8184139123309195
 31.744379967193048 0.829072836612691
 32.714800150527466 0.8393072642413837
 33.699092532985084 0.8491245287667443
 34.69753878358364 0.8585336556495585
 35.71020931957756 0.8675426941864678
 36.73745622723901 0.876158807096247
 37.77942034107686 0.8843883478257824
 38.83631291285439 0.8922394702146482
 39.908274777080486 0.8997145157368162
 40.9956580200273 0.9068152788106225
 42.09853305894926 0.9135405530448554
 43.21725198011854 0.919891174870914
 44.351955618043995 0.9258724031677172
 45.50285522448893 0.9314840467461256
 46.67023246847108 0.9367351698163188
 47.85429860175373 0.9416366226912376
 49.05533529335462 0.9462010328422169
 50.2734833777826 0.9504332561762353
 51.50909494130985 0.9543448441821712
 52.762310818445215 0.9579349878278188
 54.033412678206446 0.9612120096365433
 55.32268218961126 0.9641791022997797
 56.630330604422966 0.9668461589996753
 57.95671000891372 0.9692179974765566
 59.30196123759238 0.9712991162727503
 60.666365959476686 0.9730937121738058
 62.05027626083879 0.9746033679566175
 63.453903393442005 0.975831731054731
 64.8775994435585 0.9767891535520072
 66.3215052456971 0.9774880368708224
 67.78604330338443 0.9779358952717391
 69.27135445112935 0.9781469905315366
 70.77779077520404 0.978126115008415
 72.3058451963895 0.9778662934400155
 73.85572896644904 0.9773673352634006
 75.42744208538265 0.9766172584693977
 77.02168872573466 0.9756131583608466
 78.63846888750508 0.9743519210937175
 80.2777825706939 0.9728442072394364
 81.94103812038978 0.9710935414205697
 83.62753136404838 0.9691103125701105
 85.33867064675836 0.9669001290328748
 87.07304762343107 0.9644802494685182
 88.8327748116995 0.9618585262526443
 90.61714803901928 0.9590451324919084
 92.42687147793478 0.9560407491785528
 94.2626493009903 0.9528530939485292
 96.12448150818587 0.9494779314171115
 98.01236809952144 0.9459012617551127
 99.92701324754138 0.9421256062933778
 101.86841695224567 0.9381558176128586
 103.83798755872296 0.9339845620193543
 105.83502089442894 0.9296042463229062
 107.8602211319079 0.9250069951266005
 109.91429244370421 0.9201895570181059
 111.99723482981784 0.9151534130290246
 114.10975246279313 0.9099049054464995
 116.25184534263008 0.9044428457102546
 118.42421764187299 0.8987835349099395
 120.62757353306623 0.8929283042455426
 122.86191301620975 0.8868758314610898
 125.12794026384792 0.880627202343382
 127.42495110343637 0.8741885918248956
 129.75505805260812 0.8675688457069308
 132.11826111136313 0.8607743279875948
 134.51456027970144 0.8538061807468365
 136.943955557623 0.8466761950127294
 139.40855946276085 0.8394045727217262
 141.9069636500263 0.8320121423517074
 144.44057646450798 0.8245094129525182
 147.01010207875026 0.8169100092843724
 149.6155404927531 0.8092196187854209
 152.2575958790609 0.8014299603589844
 154.93697241021786 0.7935266742513204
 157.65367008622408 0.7855034423914397
 160.40839307962386 0.7773477950060977
 163.2011413904172 0.7690437189149303
 166.03402753623706 0.7605714376120914
 168.9056431719948 0.7519312999791152
 171.8181008153234 0.7431143980255583
 174.7706962936785 0.7341205438251468
 177.7648379521488 0.7249587993330907
 180.8005257907343 0.7156227163428573
 183.87916815452363 0.706115018855973
 187.00006087097245 0.6964417091017578
 190.16461228516943 0.6865825695368125
 193.37352656965888 0.6765361829647719
 196.62680372444083 0.6663240436088429
 199.92585209460393 0.6559629671752576
 203.2699675076038 0.6454798765521065
 206.66126248107344 0.6348898117005961
 210.09903284246857 0.624200049454968
 213.5846869368778 0.613439774344162
 217.11892893684546 0.602639469340675
 220.70246301491585 0.5917908088084639
 224.33458499854473 0.5808668676187767
 228.01811157790928 0.569864112788768
 231.75163440792096 0.5588042797842808
 235.53726600621266 0.5477042086964162
 239.3750063727844 0.536556751016705
 243.2662638527249 0.5253519805710672
 247.21033427348976 0.5140879151866797
 251.209330152712 0.5027628257985876
 255.26325149039158 0.4913784953949123
 259.37280245907283 0.4799448900417939
 263.5386872313001 0.4684680879077621
 267.76231415216205 0.45695277830158076
 272.04368322165857 0.44539903081872867
 276.38349861233417 0.43381057319155397
 280.78316866927736 0.42218024800871934
 285.2426933924882 0.410540972222361
 289.76418529959966 0.39891869376458133
 294.346236045523 0.3873266580734758
 298.9916623204357 0.3757815505942251
 303.7004641243376 0.3642834735016024
 308.4733456297731 0.35281901979224595
 313.3110110092865 0.3414115134127557
 318.2148686079665 0.33007510729206263
 323.184918425813 0.31880315314533536
 328.22327298045906 0.3076241253199198
 333.32922809936036 0.29656689416953674
 338.50489630014977 0.28563924994049983
 343.75027758282744 0.27485664926733006
 349.06678029248195 0.2642849272807863
 354.4558127742019 0.2539575684932541
 359.916670855443 0.24387398650608513
 365.45146705383826 0.23405599608941743
 371.06090554193196 0.22454045992698568
 376.7463946648128 0.2153695784620187
 382.50793442248073 0.2065793722301934
 388.34622898748006 0.19819679731251708
 394.2633908774439 0.19024019984953147
 400.2601242649164 0.18270885566148581
 406.33713332244196 0.17556910408548304
 412.49512222256493 0.16877130690874786
 418.73479513782956 0.1623176126642134
 425.05896875841324 0.15626271640144307
 431.46623473922733 0.1506727798931325
 437.95940977044904 0.14559933958038732
 444.5384938520784 0.14107978931071705
 451.2055995017484 0.1371222389726228
 457.96002254691473 0.1336920900506479
 464.8045796777547 0.1307329895692206
 471.7392708942682 0.1281703145890535
 478.7662087140884 0.12591190218788528
 485.8846889646708 0.12386636165212339
 493.09752833619274 0.12193727234648133
 500.4054310011985 0.12004352599453096
 507.8091011322326 0.11814458138038572
 515.3099470743834 0.11625443109878232
 522.9086730001956 0.11443578136936003
 530.6066872547575 0.1127776252152433
 538.405398183158 0.11137211740594552
 546.3055099579412 0.11030217224994483
 554.308430924196 0.10962005652215825
 562.4155694270108 0.10931186106719495
 570.6276296389301 0.10926556715393858
 578.9460199050425 0.10930252082523706
 587.3721485704366 0.10926473659077798
 595.9067198076567 0.10910785457299375
 604.5511419617916 0.10891096555465506
 613.3068233779297 0.10878298430275488
 622.1751724011601 0.10878298430275488
 631.1568932040267 0.10891575671848819
 640.2540983041625 0.10916377613957258
 649.4667877015678 0.10947964192566166
 658.7970739138754 0.10977951328700074
 668.2463652861738 0.11000599436190364
 677.8153659910075 0.11020586793063271
 687.5054843734652 0.11049514506934777
 697.3181287786355 0.1109557654806808
 707.2568200692398 0.11162789043198253
 717.3194457276454 0.1124905872824424
 727.5017807185862 0.11344635596996301
 737.817908492949 0.11437033724696889
 748.2678290507333 0.11508640159322552
 758.8445006664963 0.11548609479722045
 769.5479233402378 0.1157016020863062
 780.3921805228442 0.11600983683427561
 791.3631887634292 0.1166254186818183
 802.4750315128792 0.11756957336057433
 813.7277087711942 0.11871642214662559
 825.1141788129311 0.1199680923705471
 836.6414833635329 0.12140116534899593
 848.3096224229997 0.12297609737507853
 860.1185959913316 0.12445128967009998
 872.0754457939717 0.12553293560733472
 884.173130105477 0.12597621313143037
 896.4186906512903 0.12600556547685093
 908.8191691568553 0.12614593001359592
 921.3604821712851 0.1266049824936976
 934.0567131454666 0.12731620987091596
 946.9078620793997 0.1282340236896423
 959.9139289730841 0.1292942034662283
 973.067872101077 0.1304016215454518
 986.3837749142646 0.13147141560578743
 999.8616374126469 0.13231035833254895
 1013.4944178707807 0.13276518533040224
 1027.282116288666 0.13273989158005503
 1041.2388161171896 0.1322089778395072
 1055.364517356351 0.13144967010216155
 1069.645136555264 0.1306725823636559
 1084.1017988902581 0.12947762023583398
 1098.720420910447 0.12730462626540304
 1113.508044341274 0.12457519435229107
 1128.4717109081823 0.12216220000998144
 1143.6043788857287 0.12040227380906347
 1158.906048273913 0.11904582112205445
 1174.390802523622 0.11748502022650914
 1190.0445581839688 0.11550023874204048
 1205.8813987058402 0.11361841510476135
 1221.8942823637929 0.11234507675811276
 1238.09025088327 0.11169981628115533
 1254.4693042642718 0.11102363109106227
 1271.031442506798 0.1097619451089984
 1287.7696238854057 0.10789506133675944
 1304.7049735764242 0.10605564532173091
 1321.8234081289672 0.1050602900811076
 1339.1249275430348 0.10456329042155126
 1356.6236152695133 0.10401812311611489
 1374.3124295829598 0.10339923493150623
 1392.191370483374 0.10266751182629044
 1410.2674796961992 0.10115231216424198
 1428.533715495992 0.09860753071351565
 1446.9971196081963 0.09536480328361811
 1465.6647337582544 0.09182273380554291
 1484.5224744952807 0.0888690284959062
 1503.5844252701609 0.08749590593185175
 1522.8435443574524 0.08706101213039602
 1542.306873482598 0.0859017121548469
 1561.981454371041 0.0839537002252048
 1581.8532035718954 0.08188102380328789
 1601.9291628106039 0.0796235358821293
 1622.2163738126098 0.07706263182164519
 1642.70779485247 0.0742130654018404
 1663.4034259301845 0.07089912760797479
 1684.3173504966398 0.06640439432228304
 1705.4425268263929 0.06023431102140405
 1726.771913194 0.05356998105390227
 1748.319593050348 0.047438709893678876
 1770.0785246699934 0.042119727664412736
 1792.0557497783798 0.03738372679553117
 1814.2442266500634 0.03283432388152623
 1836.658038735931 0.028603770319203678
 1859.2760608596534 0.024886702762374428
 1882.1194181975593 0.021349259600101412
 1905.1810690242064 0.017632113317409166
 1928.461013339594 0.013865425540051702
 1951.9662928691657 0.010678029905185524
 1975.6828241620349 0.008409842574597929
 1999.6317323945316 0.006859081267713434
 2023.7918923903255 0.005745013554661062
 2048.184429325747 0.0048972043364498155
 2072.795259749909 0.004223919299420524
 2097.631425388255 0.0036728735249078603
 2122.685884515342 0.003211896636719901
 2147.9727205820564 0.0028199405029407346
 2173.4778501375113 0.0024825912788328584
 2199.2153566325933 0.002189561753194829
 2225.1711566164163 0.001933286315535994
 2251.3593335398664 0.0017080295013263528
 2277.765803952058 0.0015093185129995905
 2304.404651303876 0.0013335786716122664
 2331.2688338698786 0.0011778955120733453
 2358.358351650065 0.0010398365525128715
 2385.6732046444354 0.0009173472982989897
 2413.220434578433 0.0008086586890205283
 2440.9859580011716 0.0007122350815139667
 2468.9838583635374 0.0006267297746047957
 2497.2000522146445 0.0005509554279510569
 2525.6486230053783 0.0004838553625161539
 2554.322529010296 0.00042448851306898475
 2583.221770229398 0.00037201457470945363
 2612.3393049372403 0.0003256804554806081
 2641.6892165847103 0.00028481119882675665
 2671.2574217209212 0.00024880229222571347
 2701.050962071316 0.00021711124726492214
 2731.069837635895 0.00018925327406627793
 2761.314048414658 0.0001647919161055672
 2791.7695109567185 0.00014333854191498054
 2822.450308712963 0.00012454514057198623
 2853.356441683391 0.00010810093685859237
 2884.473826417117 0.00009372896480298709
 2915.816546365027 0.00008118284402801702
 2947.3705180762345 0.00007024328902814855
 2979.142783276183 0.000060715120487698714
 3011.126300239429 0.00005242590992448596
 3043.3281106914155 0.00004522259381233683
 3075.7411729067 0.00003896993187178094
 3108.3654868852814 0.00003354849423982307
 3141.2010526271606 0.00002885293300398903
 3174.2408284068943 0.000024790428889835317
 3207.491855949925 0.00002127943215098526
 3240.9470935308104 0.000018248308990027445
 3274.60654114955 0.00001563422606919369
 3308.470198806144 0.000013382151053280119
 3342.538066500592 0.000011443954822485909
 3376.7960607820078 0.000009777595610084238
 3411.258265101278 0.000008346367069671699
 3445.9105960075162 0.000007118336014806751
 3480.7530535007218 0.000006065664909919589
 3515.7926793063384 0.000005164211928695573
 3551.0224316989234 0.000004392986437659084
 3586.435268953032 0.0000037337999826059897
 3622.031191068666 0.0000031709057245024074
 3657.8172397712674 0.0000026906708602790983
 3693.77933160995 0.0000022813404119368348
 3729.917466584714 0.0000019327522807421335
 3766.231644695559 0.0000016361568196930445
 3802.7148242170424 0.0000013840170898313576
 3839.374046874607 0.0000011698533946296563
 3876.195229217366 9.881002579480513E-7
 3913.1854129707635 8.339813401497186E-7
 3950.3375564093553 7.03401193841349E-7
 3987.6516595331423 5.92853725616439E-7
 4025.1136388912373 4.993387033220375E-7
 4062.737577934527 4.202935252435094E-7
 4100.509393212124 3.5352951380303456E-7
 4138.422042998588 2.9718133216790684E-7
 4176.489610744803 2.496579924280731E-7
 4214.69097127444 2.096068519457933E-7
 4253.033166312941 1.7587613247262732E-7
 4291.509154134864 1.4748798978466556E-7
 4330.11893474021 1.2361223516823177E-7
 4368.848424678089 1.035448275815925E-7
 4407.711707399391 8.668886497773443E-8
 4446.694699453229 7.253936754750195E-8
 4485.7903591141585 6.066884151839445E-8
 4525.005728107623 5.0716146374573476E-8
 4564.333764708179 4.2376153735133616E-8
 4603.7603854649415 3.539143568145501E-8
 4643.292632103353 2.9544785659270726E-8
 4682.930504623412 2.4653320654300885E-8
 4722.659919574234 2.0562927432292814E-8
 4762.4808769558185 1.714402790138987E-8
 4802.393376768165 1.428759286916255E-8
 4842.3833355603865 1.1902008987123616E-8
 4882.457795057928 9.9103492511085E-9
 4922.609713535345 8.24803790704296E-9
 4962.8390909926375 6.860900271087968E-9
 5003.131843978919 5.703456445738121E-9
 5043.487972494191 4.737644777897333E-9
 5083.900434813008 3.931509737917079E-9
 5124.376272660815 3.2582741141666106E-9
 5164.901402586724 2.6954728503866437E-9
 5205.475824590736 2.2242478811780265E-9
 5246.099538672851 1.8287430624643845E-9
 5286.758461382182 1.4955890785342184E-9
 5327.452592718729 1.2134789179745165E-9
 5368.174890957049 9.727905669813842E-10
 5408.932397822586 7.652730404715131E-10
 5449.711029864452 5.837687109200558E-10
 5490.503745357205 4.2196899755229076E-10
 5531.317586026288 2.741971530177401E-10
 5572.138468420813 1.3520088762315528E-10
 5612.966392540782 4.950974243177367E-17
