 0.18499691031122653 1.0001075478168726
 0.5576576836469437 1.0003271161209668
 0.9356888543505336 1.0005351833464116
 1.3191735429550588 1.0007309608005945
 1.7081827060131336 1.000918943528561
 2.102797436727746 1.0010739535926154
 2.503098828301884 1.00119416013187
 2.9091679739385357 1.0012667740838073
 3.321091035165875 1.0012825680600985
 3.7389440368617035 1.0012297485857082
 4.162818208879383 1.0011079381198518
 4.5927946444219 1.0008728006103969
 5.028964573342617 1.0005144516650564
 5.471409088844522 1.0000125179562565
 5.920259967382471 0.9994345095243735
 6.375496935655715 0.9986368702752009
 6.8373734099235906 0.9976055400860387
 7.305838706934234 0.9964674162266531
 7.781044876443245 0.9949607784119424
 8.263143968206226 0.993163481818632
 8.752135982223177 0.9911780409311504
 9.248172968249701 0.9887919984111325
 9.751356292789533 0.9860836752143171
 10.261736639094538 0.9829408735065525
 10.77951674017219 0.9793614753761475
 11.304696596022485 0.9754315867419681
 11.837428256401028 0.9709231877495343
 12.377813087811552 0.9658175058979407
 12.926003140009659 0.960189209304649
 13.48204909624722 0.9539895818817532
 14.046103006279832 0.9471206564478452
 14.618215553359367 0.939533469898408
 15.198589470493292 0.931222400234979
 15.787275440933474 0.9221469358280646
 16.38442551443552 0.9122643794057738
 16.99014105750316 0.9015261104649749
 17.604574119891996 0.8899330906176891
 18.227826068105763 0.8775023776289667
 18.8599982686482 0.864117484079282
 19.50124277127491 0.8497929947487126
 20.15171162574149 0.8345441977717495
 20.811506198551676 0.8183584021934911
 21.48077853946107 0.8012434105930554
 22.159630014973406 0.7831729445929425
 22.84821267484429 0.7641408454048225
 23.54667856882933 0.744137095783294
 24.255129063432243 0.7231678245268659
 24.973766891660514 0.7013050741769997
 25.70264273676601 0.6785477986384826
 26.44201001500805 0.6548400806542508
 27.191970092890397 0.6306499945010093
 27.95267502016863 0.6056823945137957
 28.7242261633465 0.5801091999126305
 29.50687693868333 0.5540231363774676
 30.300678029430998 0.5275505612397219
 31.105882851848836 0.5007755376228904
 31.92259277244058 0.47385351743920434
 32.75095984096183 0.44687057335899694
 33.59118679042007 0.41995434206762455
 34.44342567057088 0.3932621399302716
 35.307879214421746 0.36689831929362116
 36.18464878847639 0.341035663441527
 37.07398780899416 0.31577268068674097
 37.97599764247879 0.291243457181561
 38.890881021937744 0.2675536113681711
 39.818840680378486 0.24481886761830937
 40.76002866755664 0.22311726434692258
 41.714698399731525 0.2025111437158841
 42.68295124340688 0.18306058069008296
 43.66498993159018 0.16476917509320527
 44.661067880540756 0.1477476180200993
 45.6713371400142 0.1319842194968847
 46.696051126269886 0.11747635552323146
 47.735311205811506 0.1042450490979814
 48.78942147815029 0.09219963234062152
 49.85848330978996 0.08130994266601896
 50.942750116989856 0.0715200590256682
 52.04257668251306 0.06277590605865967
 53.158115056115165 0.055012856178487134
 54.289365237796176 0.048152856239751234
 55.43683406007476 0.04213728731096413
 56.60052152295092 0.03687288531360196
 57.780427626424654 0.03229432804711673
 58.977566035533314 0.02834071904805237
 60.19142991775823 0.024937896780334916
 61.42303293813675 0.02203192181413831
 62.67136143163151 0.019571361745578886
 63.93793589579856 0.01750035526784324
 65.2222494981192 0.015790215840849477
 66.52480907111212 0.01438644615044635
 67.84612144729599 0.013257077010507313
 69.18618662667079 0.012376132998624507
 70.54500460923656 0.011674891404532905
 71.92308222751194 0.011148561776724457
 73.32041948149696 0.01073158955345855
 74.73803003622892 0.010384797094451094
 76.1754070591892 0.010095937755215145
 77.63305738289645 0.009836691094593541
 79.11148783986934 0.009615278823646
 80.61069843010787 0.009398495742590194
 82.13119598613073 0.00916818281769153
 83.67298050793791 0.008940554832163375
 85.23655882804809 0.008711679970525906
 86.82243777897993 0.008489207025749328
 88.43061736073344 0.008258881445285249
 90.0616044058273 0.008014148036953887
 91.71489208174282 0.007756569816639009
 93.39200088603603 0.007490942895364319
 95.09293081870693 0.007227191670681562
 96.81768187975554 0.006963543329955609
 98.56625406918181 0.006702803293331909
 100.34016788454181 0.006486119566982736
 102.13840966079819 0.006323297246908941
 103.96199306298826 0.006205931122363165
 105.81142492363074 0.0061383611659624445
 107.6867052427256 0.006117313098689929
 109.58834085279153 0.006125718629894345
 111.51683858634718 0.0061260814331132556
 113.47219844339257 0.0061576282660575216
 115.45492725644638 0.006181906626093017
 117.46502502550861 0.006203265345239761
 119.50401224813527 0.006214972983640786
 121.570875259289 0.006216959835233204
 123.66713455652585 0.006210900167184124
 125.79228330732712 0.006193248495260228
 127.94733517673019 0.006169904314657486
 130.13229016473502 0.0061193131157768815
 132.348161936379 0.00606208910976731
 134.59444365914345 0.006026671840168804
 136.87214899806568 0.005960018823291749
 139.1817847856644 0.00595477192640481
 141.52335102193962 0.005981611113487454
 143.89786137192866 0.006060543332537377
 146.30480900311284 0.006197416762104664
 148.7457144130482 0.006411145664766061
 151.22007076921605 0.006715093145610141
 153.72889173665376 0.007097227939730599
 156.27268414788003 0.00753315993096666
 158.85195483541347 0.007990219823914152
 161.46619696673545 0.00842329506904965
 164.11743787192063 0.008811805594376632
 166.8046638859317 0.00916473122603799
 169.52939550632465 0.009480573640203322
 172.2916327330995 0.009749543788603085
 175.09238923129362 0.00995898817325519
 177.9311581683883 0.010075372214657473
 180.8094600419396 0.010131387026736759
 183.72729485194745 0.01019761938132231
 186.68516943093056 0.01027549026605184
 189.68359061140765 0.010318455382188991
 192.723572058416 0.010273470502498987
 195.80511377195566 0.010094017503368304
 198.92872258454528 0.009753493762478629
 202.09541216122224 0.009206159319182738
 205.3051825019865 0.008414748008865238
 208.5595541043941 0.0074421186181287
 211.85751330340767 0.00636516391113515
 215.20108742910193 0.005248449388598307
 218.59027648147688 0.00417621462076245
 222.0255872930512 0.003185033652697021
 225.50752669634355 0.002179414620306641
 229.03710835639126 0.0011149872062875177
 232.61433227319438 0.0000735647417158499
 236.2407189443089 -0.0008746256503782166
 239.91576153721616 -0.0016676403187068222
 243.64098054947215 -0.0022675013089750906
 247.4163759810769 -0.0025546033820972014
 251.2429614970678 -0.0023096269635156227
 255.1217507624821 -0.0020959325546776775
 259.05223694480117 -0.0017698767300801503
 263.03594054158106 -0.0014378669784491562
 267.0733683853404 -0.0010255559039332527
 271.1655341411166 -0.0006650514845644426
 275.31243780890964 -0.0005038612863956061
 279.5145862212381 -0.0005096018147495976
 283.77349987565816 -0.0006182711065808902
 288.0896856046884 -0.0008393756745735968
 292.46365024084747 -0.000997297283472562
 296.8959006166541 -0.0008395535382569213
 301.38694356462696 -0.0006745611788513386
 305.9388064148407 -0.0005850571307297707
 310.55047550225805 -0.00048498216771823325
 315.22397815695365 -0.0001393642179684345
 319.9593143789275 0.0004577875871215135
 324.7580046657356 0.0010595253154422174
 329.6195421848594 0.0010844356545844822
 334.5459542663735 0.0003653226575333266
 339.53724091027783 -0.0006884556477198655
 344.59492261412856 -0.00188418600853019
 349.7184925454069 -0.003267232161031966
 354.90997803418765 -0.0048429736951396685
 360.16988591298934 -0.006393532576906948
 365.49872301433084 -0.006356267276265672
 370.89750300324926 -0.005528083568940676
 376.3667327122635 -0.004658621333756903
 381.9074258064108 -0.0027819014007944595
 387.52059595072853 -0.0012643781276954836
 393.2067499777354 -0.00075433592909286
 398.96690155246864 -0.001983984828924981
 404.8020643399657 -0.0022504547361809736
 410.7127451727452 -0.007248801292814806
 416.69995771584456 -0.00947075704719137
 422.76471563430107 -0.010929802891614217
 428.9075257606334 -0.012237417024643382
 435.129401759879 -0.013840231224835013
 441.431357297075 -0.015386667410058404
 447.814406037259 -0.015408620186680343
 454.27905481294954 -0.015479481442333704
 460.8268241217026 -0.014367438085730537
 467.4577139635183 -0.013273432371694715
 474.17324483595263 -0.011984347483335211
 480.97443040404283 -0.010066545932697136
 487.8617775003077 -0.007759031256611338
 494.83629978978456 -0.005178764610492003
 501.89901093751075 -0.002398495395556468
 509.05244510607963 -0.000867483983853564
 516.2950817979352 -0.0015159236384317903
 523.6238800179653 -0.0035895606878670098
 531.0489764165436 -0.006423924152783452
 538.57037099367 -0.008884830136809138
 546.1829954241579 -0.00931480117117089
 553.886849708007 -0.008589752469934733
 561.692070495591 -0.008112118073390547
 569.5885211365363 -0.006964425809867902
 577.5863382812166 -0.005880500522231756
 585.6855219296317 -0.003962024434117013
 593.881003756595 -0.0033663809406834096
 602.177852087293 -0.005503739574656917
 610.5760669217259 -0.007986868460497398
 619.0756482598937 -0.00997165796676596
 627.681664426983 -0.010790540092278528
 636.3890470978073 -0.011320690578316863
 645.2028645975531 -0.012822460946435984
 654.1281852514073 -0.013259597705003739
 663.1548724089963 -0.01353705771756781
 672.2930627206937 -0.013726481540831555
 681.5427561864994 -0.016401281367386108
 690.9039528064135 -0.016329797314018193
 700.3715842552492 -0.016013026528854245
 709.9557871833799 -0.014033086709403161
 719.6565615908058 -0.012713568493296466
 729.4688391523399 -0.011580175348700601
 739.3926198679824 -0.011354003115487109
 749.4380403881069 -0.01221309317095225
 759.605100712713 -0.012737140818713848
 769.8836641914276 -0.011686520043970874
 780.2889357998107 -0.01075537665649138
 790.8107788874888 -0.006469855905481649
 801.4542617796488 0.0008999415920117153
 812.2244528014775 0.006219857103377984
 823.1162836277878 0.006147959080391067
 834.1297542585801 0.005040186026691087
 845.2750013442277 0.004420589720447592
 856.5418882343571 0.0024283578750860443
 867.9405515793418 -0.001318426912578177
 879.465923053995 -0.003487077121563394
 891.1230709835036 -0.0056037847466070745
 902.9119953678675 -0.008994815216443974
 914.8326962070867 -0.010339499911587877
 926.8801051759746 -0.010937700843482298
 939.069427250091 -0.011557649759247628
 951.3905257790628 -0.01310497944656438
 963.8434007628902 -0.012804077830692514
 976.4381888519462 -0.012417805563740636
 989.1698217210443 -0.007831970765113588
 1002.0382993701843 -0.006895063594622405
 1015.0486901245533 -0.006413475607914432
 1028.1959256589641 -0.006429551325932989
 1041.485074298604 -0.006357277998294445
 1054.9212043686593 -0.006221949609170142
 1068.4941792187567 -0.007053936502610731
 1082.2141354992696 -0.00784534514612508
 1096.0760048850116 -0.00973759943792196
 1110.0848557011686 -0.009613005320362
 1124.2457562729282 -0.009164698132589034
 1138.5485699499166 -0.006763269056437696
 1152.9983650573206 -0.004577105062216762
 1167.6002099203267 -0.00281051618320292
 1182.3490362137484 -0.0016758539124430824
 1197.2448439375855 -0.001071715571451887
 1212.297769742212 -0.0007435920214006096
 1227.5027453024406 -0.0005380697489700603
 1242.8547022930848 -0.00039544528032780125
 1258.3637773645178 -0.00029054988107059
 1274.0249021915533 -0.00021234836919685875
 1289.8431450993778 -0.0001542521559290201
 1305.8134377628044 -0.00010980052729433948
 1321.9459168322069 -0.00007469082155132586
 1338.2253773320253 -0.00005009438488468082
 1354.667024237819 -0.00003052317171439716
 1371.265789224402 -0.00001542473208846929
 1388.0216722917737 -0.000005542022548876749
 1404.9397417651214 0.0000034926515718929174
 1422.0098609940712 0.000009662813183194782
 1439.247234954184 0.000014294486192003174
 1456.6366586698987 0.000018622725142906817
 1474.193337116776 0.000020365435831671933
 1491.9071336444422 0.000022271058236010724
 1509.7831165780842 0.000024496638442218154
 1527.8162175925154 0.00002744675777298544
 1546.016573338109 0.000026242930888026656
 1564.3740471644917 0.000026191578245652973
 1582.8987757220368 0.00002695242246227389
 1601.580622360371 0.00002712101764053664
 1620.4297237298676 0.000027192258956356107
 1639.4359431801536 0.000027190629084197683
 1658.6094173616016 0.000026365534284378095
 1677.9450779490257 0.000026269407672273776
 1697.4429249424254 0.00002690877872252734
 1717.1029583418012 0.00002675792487538945
 1736.9302464723391 0.000026595153592943965
 1756.9146526836664 0.00002642163840103685
 1777.0663136261558 0.000026969304624786363
 1797.3750926494347 0.000026783649849687443
 1817.8511264038757 0.000025863625771277444
 1838.4893465642926 0.000026385439996587842
 1859.2897531306853 0.000026198728778921124
 1880.2472777778669 0.00002529787157121788
 1901.3720571562112 0.000025804921167632687
 1922.6539546153447 0.000026311209949596512
 1944.0980384804536 0.000026115823812263357
 1965.7043087515385 0.00002592264445596913
 1987.4727654285991 0.00002573773725332869
 2009.393271861262 0.000025555092900016312
 2031.4759646999007 0.000025368923376137154
 2053.720843944515 0.00002849398262775315
 2076.1177729447318 0.00002897470911136922
 2098.676888350924 0.00002614953065798008
 2121.388053512719 0.000025972404115791765
 2144.256336755303 0.000025797572958206454
 2167.276669753489 0.000025625053685827705
 2190.454120832464 0.00002545478050173541
 2213.7836216670416 0.000025289480677777646
 2237.265172257221 0.000025126296227063102
 2260.8987726030027 0.000024967849624360073
 2284.6793543792005 0.000024811392202295628
 2308.6119859110004 0.000024656863979873765
 2332.6915988732158 0.0000245068244557411
 2356.9181932658466 0.00003043101870833719
 2381.291769088893 0.00003028273026991724
 2405.812326342355 0.000024072413699100753
 2430.469728375859 0.00002393429384384243
 2455.2741118397785 0.000029729822780276642
 2480.21534008374 0.000029600991660647625
 2505.293413107744 0.000029404929307506045
 2530.5133992369765 0.000029273462195817686
 2555.8702301462513 0.00002908835322978364
 2581.3588375103805 0.00002896833340951723
 2606.979221329366 0.000028787956598797764
 2632.7364499283935 0.000028669738521718714
 2658.620386657089 0.00002850060341217433
 2684.6310315154537 0.00003405203351776428
 2710.7683845034862 0.00002825580098867531
 2737.027377296001 0.000028096031982303548
 2763.4130782181846 0.000033575557785226234
 2789.9153506196626 0.00003342500860157332
 2816.539262825623 0.000033275792792995703
 2843.2797465108783 0.00003313104924564676
 2870.136801675429 0.00003299375628938517
 2897.100291668901 0.00003285761717724638
 2924.180353141668 0.00003816521846690636
 2951.3668494433564 0.000038041559956493083
 2978.6547122487805 0.00003787243582443233
 3006.054078208312 0.00003774937725294219
 3033.5497423463926 0.000037593910039375275
 3061.146772988207 0.00003747896892615103
 3088.84010180857 0.0000373299005932732
 3116.629728807481 0.00004253363069375922
 3144.505517334567 0.000042394671837705336
 3172.4776040402007 0.00004225660137478813
 3200.5358522740094 0.00004213083028314776
 3228.6751937108056 0.00004724925256734506
 3256.900696675777 0.000047123996873523524
 3285.2072928437356 0.000046982968556322566
 3313.584845564309 0.000052076433256727804
 3342.038423162683 0.000051937468521174224
 3370.5680256388587 0.00005180843303297214
 3399.163516342462 0.00005168919479599884
 3427.824895273493 0.00005157050266992227
 3456.5521624319517 0.00005660209351857726
 3485.3351811674643 0.00006162877304716869
 3514.1790198052176 0.00006150434631849969
 3543.0786100200257 0.00006138581108462744
 3572.0339518118876 0.00006127844166087559
 3601.03490853043 0.00006627583435144607
 3630.0814801756537 0.00007127335087621992
 3659.1685984223714 0.00007116786639594261
 3688.301331595769 0.0000761424557525734
 3717.469543045474 0.00008112282322587804
 3746.6732327714867 0.00008102432955703402
 3775.9124007738064 0.00008599623587785079
 3805.176910402059 0.00009097878747122958
 3834.466761656246 0.00009595638851616671
 3863.77688621118 0.00010093027835923552
 3893.112352392048 0.00010590210279679707
 3922.4630235484756 0.00011593814633040897
 3951.8238313552774 0.00012596588639557246
 3981.199844137639 0.00013599644724504654
