 0.2239320941656198 0.0001071822488530232
 0.6750245326612387 0.0013311743943896948
 1.1326176436657451 0.005079872008710691
 1.5968120415894311 0.012656026286786783
 2.067693616782546 0.024993130730134535
 2.5453605296453756 0.04246962929644083
 3.0299109405782043 0.06488490310912057
 3.521443009981318 0.09158287583607566
 4.02006103328002 0.12163983982504373
 4.525857035849576 0.15404971173486656
 5.038941448140309 0.18785662272269693
 5.559412430552502 0.22223621810793046
 6.087380413536478 0.2565243513712405
 6.622943557492521 0.29021827973787134
 7.166261373071095 0.3229599260115342
 7.717309320172129 0.354512564700192
 8.276394150046512 0.3847398993084292
 8.843454512444067 0.41357916171335735
 9.418674458115332 0.44102377620686417
 10.002238037810836 0.46710482795457076
 10.594145251530582 0.49187850937125366
 11.194580150025107 0.5154153598712067
 11.803665433794764 0.5377930923684826
 12.421462453089731 0.559090615360427
 13.048216608910725 0.5793826528028597
 13.683927901257741 0.5987361573601955
 14.328780380881316 0.6172019413223916
 14.982896748281808 0.6348367948958713
 15.646461054209748 0.6516825634958936
 16.319534648915322 0.6677870704541832
 17.002301583149055 0.6831861832695335
 17.694823207161132 0.697933703190135
 18.39734492195226 0.7120714756312467
 19.109928077772622 0.7256473239245933
 19.832756725372754 0.7386971155689682
 20.565953565253007 0.7512447622302338
 21.30970264816392 0.7632902639083904
 22.06412667460585 0.7748395985199031
 22.82934834507915 0.7858987439812378
 23.605551710334357 0.7964557444594633
 24.392920821122008 0.8065105999545795
 25.191578377942452 0.8160633104665864
 26.00170843154623 0.8251198539119498
 26.8234336824337 0.8336921861236006
 27.65693818135539 0.8417803071015388
 28.50240597906184 0.8493782389292991
 29.359959776053405 0.8564800036904157
 30.2298449733308 0.8630856013848884
 31.112122921144202 0.8691770982633209
 32.007100370744496 0.8744388292108843
 32.914900022632054 0.8797759441568056
 33.835705927557385 0.8842593815059953
 34.76964078602088 0.8881928505403511
 35.7170113492734 0.8915643954269418
 36.677878967565135 0.8943620603328362
 37.65255039214698 0.8965918231744998
 38.64114832351928 0.8982835735342608
 39.64385681243258 0.8994911126603092
 40.660921259887594 0.9002503080514387
 41.692525716634854 0.9005731155405804
 42.73891558367507 0.9004535572112686
 43.8002135615086 0.8998677213976413
 44.87672640138634 0.8988395197655603
 45.96857680380864 0.897398841897354
 47.07601016977621 0.8955695994588847
 48.199271900289766 0.8933577703666177
 49.33854604609986 0.8907633546205532
 50.49413935845736 0.8877983080536225
 51.66617453786263 0.8844745864987564
 52.85489698531638 0.8808041457888864
 54.06061345206951 0.8767989417569436
 55.28350798887254 0.8724350627370656
 56.523887346976394 0.8676288178987343
 57.78187422688139 0.8623204280772935
 59.05783673008861 0.8564859816068813
 60.35189755709842 0.8501195005710317
 61.6643634591617 0.8432209849697452
 62.9956638880297 0.8357964127194869
 64.34598289445297 0.8278398059037916
 65.7153204784315 0.819351164522659
 67.10429014246705 0.8103245106596236
 68.51289188655964 0.8007897338970134
 69.94112571070929 0.7908125913159498
 71.39021861991952 0.7804648179140199
 72.85955711168859 0.7697344578582924
 74.35036819102004 0.7586394448981642
 75.8614248529103 0.7472335802818255
 77.39456760486476 0.7355706652574665
 78.94918294438159 0.7237164569062089
 80.52588437396258 0.7116589993951212
 82.12528539610955 0.6993624252254101
 83.74738601082245 0.6868088006476788
 85.3921862181013 0.6740459489936521
 87.0602995204479 0.661097781929192
 88.75172591786223 0.6479463657049022
 90.46769241534786 0.6345438769890577
 92.20758551040299 0.6209082495310552
 93.97201870552944 0.6071112183284819
 95.76160550322896 0.5932813085853479
 97.57634590350158 0.5795569039507832
 99.41685340884904 0.5656376294735371
 101.28312801927137 0.5517246266915314
 103.17578323727035 0.537675925205757
 105.09543256534778 0.5234526685591875
 107.04207600350362 0.5090548567518228
 109.01632705423968 0.4945291175320946
 111.01757221505416 0.47992925214819315
 113.04765199345243 0.46528873693232564
 115.10656638943446 0.45062789680047516
 117.19431540300029 0.4359036907540895
 119.31089903414987 0.42117888691605726
 121.45815779038858 0.4065712502407505
 123.63486466671287 0.39210469239403156
 125.84224666812625 0.37779057141718514
 128.08091729713055 0.36369763334956534
 130.35087655372578 0.3498432141489225
 132.6527379404137 0.3361340583183933
 134.98711495969607 0.322570165857978
 137.3540076115729 0.30921729384879776
 139.754029398546 0.29603718362547304
 142.18718032061537 0.28301429260519323
 144.65530088528635 0.2702161712440194
 147.15716408755534 0.2576362438338396
 149.6946104349277 0.2452189157515237
 152.2670264249017 0.2329916854128134
 154.87563906248084 0.22095216165112253
 157.52044834766517 0.20907463942564905
 160.2026812854582 0.1974380272337387
 162.92172437335822 0.1860859638655903
 165.67880461636872 0.17503877423718672
 168.47453551699152 0.16433352143061472
 171.30891707522665 0.15401623540265927
 174.18317629607762 0.1440636022791046
 177.09669967704266 0.1344254075616398
 180.05132772562712 0.12513094304094616
 183.04644693932926 0.11615330809292859
 186.08328432315258 0.10742913680305191
 189.1624533795989 0.09901282821115291
 192.28456761117 0.09092351164992149
 195.4490135153641 0.08312890637044348
 198.6582451021883 0.07565949974669336
 201.91103536663906 0.06857686431826669
 205.20922481622173 0.06188638020998247
 208.5528134509363 0.05558547691776051
 211.94302827578633 0.04969603361586486
 215.37925578827006 0.044210577908713536
 218.86333649589284 0.03910286674302261
 222.39527039865465 0.034362976777459205
 225.97567099905723 0.029998559745099282
 229.60515179960248 0.02622544397974669
 233.28493980529385 0.0224000301256925
 237.01503501613138 0.019189948762837295
 240.79605093461686 0.016337884817106057
 244.62921456575387 0.013821839555905428
 248.5145259095424 0.011641573862576785
 252.45382547348777 0.009777659508606967
 256.44588625258643 0.008207141294768126
 260.4931622568455 0.006877951568645006
 264.595653486265 0.005717070080610469
 268.75397344334675 0.004694117059186405
 272.96873563059245 0.0037885882508958543
 277.2411670530057 0.0029778273523342422
 281.57126771058654 0.0022739516001773147
 285.96087811084027 0.0016749643703255646
 290.4093847512651 0.0011250379009068816
 294.9186281393664 0.0005833167196288622
 299.4886082751442 0.00004777479104299007
 304.12055216360204 -0.000471593047636933
 308.8156868097434 -0.0009758470396752434
 313.5733987110666 -0.0014596876425668698
 318.395528375077 -0.0019005649598203272
 323.2826893042763 -0.00227104633277504
 328.23610850366816 -0.0025531322549531277
 333.2557859732525 -0.0027455434522309545
 338.3423352155311 -0.002859040174246577
 343.4975967380094 -0.0028760257965538705
 348.7221840431891 -0.0028560278340686945
 354.01671063357196 -0.002835762167529584
 359.3817900116598 -0.0027615582904422604
 364.8180356799545 -0.002701868794533381
 370.327901648463 -0.002682057979366428
 375.91016091218194 -0.0027264798766222
 381.5672674811183 -0.0028657294627715676
 387.29922135527204 -0.0031229711641186787
 393.10786304214867 -0.003475608456423616
 398.9925790392464 -0.003849670601341215
 404.9558233565722 -0.004173649762110132
 410.99759599412613 -0.0044094307433457875
 417.1197374594136 -0.004458904531145073
 423.3216342499328 -0.004398206264772052
 429.6057403756909 -0.0043367034116254645
 435.9726693391895 -0.004029892826945712
 442.4230346429307 -0.003626347598019841
 448.9580632919177 -0.0031887043335742655
 455.57836878865254 -0.0027907424786272526
 462.28517813813875 -0.0024914760245270703
 469.07971834537983 -0.0023021733438113477
 475.9626029128776 -0.0021544052266985196
 482.93505884563564 -0.0019888528081005714
 489.9983131486574 -0.0005045642459028744
 497.15297932444486 -0.0008946305432928288
 504.4002843780014 -0.0010395683066513801
 511.7414553143307 -0.0010917620583933585
 519.1771056359345 -0.001090628948373672
 526.7084623478164 -0.001089481253769574
 534.3367524549798 -0.001052137209609056
 542.0632029624286 -0.0010769216512753772
 549.8884273726642 -0.0010830276945569127
 557.8142661931922 -0.0010463782663722124
 565.8407194240125 -0.001009263592717871
 573.9696275726305 -0.0008734214189538873
 582.2022176440497 -0.0007224252269496423
 590.539103140772 -0.0005949192576969187
 598.9815110678009 -0.0005082944657774002
 607.5306684301399 -0.0004892308901686455
 616.1896427402979 -0.0005470206042247616
 624.9565934907697 -0.0005721469735641028
 633.8278396665446 -0.0005068677902347245
 642.815651317658 -0.00044073085830005046
 651.9200284441101 -0.00017419110568236658
 661.1348360208832 0.00006064297358514051
 670.4600740479771 0.0001852227527279596
 679.9080125754275 0.00022037230375396066
 689.4663815531986 0.0000856199041616533
 699.1474510313263 -0.00025316595790087415
 708.9512210098105 -0.0006285779163564025
 718.8715564636334 -0.0008463952586129715
 728.9145924178127 -0.0009329794007005239
 739.0803288723487 -0.0010915077674514078
 749.3687658272411 -0.0014949274601315013
 759.7860383075076 -0.0021169715137910176
 770.326011288131 -0.0026961658622252117
 780.9948197941284 -0.0032113845486447003
 791.7985988505181 -0.0036013957746924836
 802.7250784072642 -0.003725425585520469
 813.7865285144024 -0.003741045881245046
 824.982949171933 -0.0037749944688531107
 836.3143403798556 -0.003910155160140018
 847.7745671131526 -0.003953283344989741
 859.3758994218595 -0.00387044425566946
 871.1183373059763 -0.0037865976047128137
 882.9957457404853 -0.0033817193004151173
 895.0081247253864 -0.0028759098545124615
 907.1677443107154 -0.0026454850864299708
 919.4746044964722 -0.0028974064421227095
 931.9164352326211 -0.003382890972042372
 944.5116415942157 -0.0038605444313921165
 957.2479535312201 -0.004355157239754729
 970.1315060686524 -0.0048304374662676355
 983.1684342315305 -0.004907773438699418
 996.352602994836 -0.004700912168721341
 1009.6840123585696 -0.004491740675160446
 1023.1749323727666 -0.004166912650253416
 1036.8130929873914 -0.0037631522163347844
 1050.6107642524796 -0.002879239553983793
 1064.5618111430135 -0.0019024480035069867
 1078.6723686840107 -0.0012556254860976149
 1092.9424368754715 -0.000561135660583304
 1107.3720157173955 0.0001593688618059453
 1121.9549701847654 0.0004250113291621447
 1136.7097053526343 0.00031717210728955355
 1151.6239511709666 -0.00015900062215166516
 1166.6977076397625 -0.0009119849580733847
 1181.9432448090572 -0.001678802192696471
 1197.3544276538335 -0.001790006540562812
 1212.931256174091 -0.0017741255204536386
 1228.6798653948474 -0.0017580693650301458
 1244.5941202910851 -0.001593515258481951
 1260.6801558878221 -0.0012514827899869634
 1276.944107210076 -0.0008739594314357901
 1293.3737042078112 -0.0008207739086414686
 1309.981216931063 -0.0007861465748646542
 1326.7605103548142 -0.0007511610713997156
 1343.7177195040822 -0.0004066782549454845
 1360.858979403885 -0.00002705826175233599
 1378.172020004187 0.00012971182042852497
 1395.6629763300057 0.00028033618602861055
 1413.3379834063594 0.00021744432026911647
 1431.1909062082298 -0.00042300035806312145
 1449.2217447356172 -0.0007193751683203596
 1467.4427690385571 -0.0007245415565169584
 1485.847844092032 -0.0006087255736129633
 1504.4308348710235 -0.000491790036207563
 1523.2040114255678 -0.0003299612617760289
 1542.1612387306466 -0.000247179672352236
 1561.3086518112784 -0.00018394407639597067
 1580.6401156424445 -0.00009728999268577094
 1600.167900274181 -0.000025114960667703187
 1619.873600631435 0.000005357504383121918
 1639.7756217892588 0.000011731063272066612
 1659.8678287226355 0.000011517890770903804
 1680.1502214315644 0.000010011515600740705
 1700.628934941064 0.000008349475485813736
 1721.2916992010983 0.000006820503791410722
 1742.156919286721 0.000005501572169942547
 1763.206190122878 0.0000043992862191036875
 1784.4579167846236 0.000003495036684936772
 1805.8998292219214 0.0000027622935741675274
 1827.53806245979 0.000002173743786464691
 1849.366481473211 0.0000013451926085014947
 1871.3973563122204 0.000001331604804375217
 1893.6184169267822 0.0000010373179546908677
 1916.041933366932 8.057932499787092E-7
 1938.6556355826347 6.242857723341115E-7
 1961.4717936239254 4.824441616052653E-7
 1984.478137440769 3.719334088642036E-7
 2007.6869370832005 2.860696057107544E-7
 2031.0920575262026 2.1953240649054576E-7
 2054.693498769775 1.6810080438722723E-7
 2078.491260813918 1.2844151317958786E-7
 2102.491478683649 9.793202091417492E-8
 2126.6818823289327 7.451472874353359E-8
 2151.074741799804 5.658127824259788E-8
 2175.657787046229 4.287708408273519E-8
 2200.4432881182415 3.24272676467377E-8
 2225.4251099908242 2.4475861618367353E-8
 2250.6032526639774 1.8438046429795847E-8
 2275.9715811126835 1.3862788283694695E-8
 2301.542365386978 1.0402770233413329E-8
 2327.303335436825 7.791436983751253E-9
 2353.260626287242 5.8245530186617114E-9
 2379.4142379382292 4.345999071729451E-9
 2405.7641703897875 3.236707002792924E-9
 2432.2981535918802 2.406081487816169E-9
 2459.0284575945434 1.7853107303638226E-9
 2485.9550823977766 1.3222672988559714E-9
 2513.065757951545 9.775387900350043E-10
 2540.3727543058835 7.213731136516991E-10
 2567.863801410757 5.313799835842016E-10
 2595.545034291183 3.907261848570674E-10
 2623.410317922144 2.8679293360309036E-10
 2651.465787328657 2.1013512180664405E-10
 2679.7053074857054 1.5369761245504352E-10
 2708.1288783932882 1.1222282801680559E-10
 2736.7365000514055 8.179881995685052E-11
 2765.52203743504 5.952073932705598E-11
 2794.491625569209 4.323677531646952E-11
 2823.6391294288956 3.135506854947013E-11
 2852.9645490140983 2.270065954474684E-11
 2882.4678843248184 1.6407886218918075E-11
 2912.149135361055 1.184016024756356E-11
 2941.9960320727732 8.530187900568412E-12
 2972.0208445100084 6.135733460277807E-12
 3002.211302622725 4.4064178734471325E-12
 3032.5674064109226 3.159556012888067E-12
 3063.095290899619 2.262013700995539E-12
 3093.7888210637975 1.6169726026929115E-12
 3124.6418618784387 1.15413242034489E-12
 3155.6544133435436 8.225553277482132E-13
 3186.83261048413 6.197717694034414E-13
 3218.164183250162 4.1599065321557486E-13
 3249.649131641639 2.951984819453513E-13
 3281.287455658562 2.0918881763014176E-13
 3313.0730202759128 1.4803532997884016E-13
 3345.0119605187097 1.0461832048093322E-13
 3377.092006336916 7.383743080798265E-14
 3409.31929275555 5.204523522851097E-14
 3441.687684749594 3.6638112005096705E-14
 3474.197182319049 2.5759918075175293E-14
 3506.835515413877 1.8089533899852165E-14
 3539.6149540841157 1.2688008139877671E-14
 3572.523228279728 8.889102005162215E-15
 3605.5542029756975 6.220560094924477E-15
 3638.720148222059 4.3483364370674954E-15
 3672.0026589437593 3.0363631103652636E-15
 3705.4078701658154 2.1180355829218923E-15
 3738.929646863211 1.4759655091026613E-15
 3772.5679890359447 1.0275380833531685E-15
 3806.3106266339814 7.146838251267079E-16
 3840.1698297073576 4.966303551697483E-16
 3874.133328206036 3.4481040627654537E-16
 3908.194987105 2.3920333841220415E-16
 3942.3609414292673 1.658106645892611E-16
 3976.625056153819 1.1484952451178424E-16
 4010.9750612286207 7.949373536772044E-17
 4045.4170916786898 5.498583211709755E-17
 4079.9511475040263 3.8008489575667714E-17
 4114.564958654594 2.6256981829288797E-17
 4149.258525130394 1.8129765277665564E-17
 4184.031846931426 1.2511420487484251E-17
 4218.872654007653 8.631453805495443E-18
 4253.787081384095 5.950023507357903E-18
 4288.768994035732 4.09884809337625E-18
 4323.818391962566 2.825521996624034E-18
 4358.9230051145605 1.9422967946665853E-18
 4394.082833491715 1.3398184615989325E-18
 4429.291742069012 9.211670377645252E-19
 4464.55586587147 6.305805183723739E-19
 4499.862934849052 4.336033884981319E-19
 4535.21294900176 2.9667024497917865E-19
 4570.605908329591 2.004497015491011E-19
 4606.029542782512 1.3750582791635639E-19
 4641.483852360522 9.198339623926995E-20
 4676.962702038603 6.225820661414194E-20
 4712.472226841774 4.257657422201016E-20
 4748.000156719998 2.6671370998683242E-20
 4783.540356648258 1.7046028801619416E-20
 4819.098961651571 9.50476762195295E-21
