 0. 0.
 0.19680417088568017 0.0029150517434105533
 0.5932496812164626 0.01055514751920267
 0.9954083496726038 0.02207449126911796
 1.403368601880053 0.036716379277341164
 1.8172059231292548 0.05380539915120799
 2.237006582323574 0.07274488441020366
 2.662856848366376 0.09301907985621367
 3.0948429901610264 0.11419385667913173
 3.53305666841735 0.13591396088157137
 3.977578760232252 0.1578948015944724
 4.428506318122019 0.1799168438670388
 4.8859256109900135 0.20181422794736334
 5.3499336913525255 0.22346466225730172
 5.820616828112916 0.24478034113751024
 6.298115208239157 0.26570041826964896
 6.782407264505404 0.2861850869118917
 7.273762587234675 0.30620950930962754
 7.772127258362366 0.3257624570582931
 8.277663032082287 0.3448433324720247
 8.790531662588249 0.36345089018646987
 9.310733149880251 0.3815854119136871
 9.838429248152101 0.39924253830828604
 10.373727793533009 0.41641794675314653
 10.916682704087574 0.4331072960124393
 11.467509652074213 0.4493104893869861
 12.026208637492923 0.46502675128089
 12.592941414537515 0.480261985759197
 13.167815819337195 0.49501761099816066
 13.750993606085773 0.5092988419564088
 14.342528692847855 0.5231075444242403
 14.942582833817246 0.5364455828478666
 15.55120994705855 0.5493127230904118
 16.168625704830184 0.5617137688686374
 16.794884025196744 0.5736587103540363
 17.430146662352048 0.5851668820606821
 18.074521452425294 0.5962648721222402
 18.7281701496103 0.606976455447573
 19.39120059003627 0.617319866217984
 20.063720609832405 0.6273052969904667
 20.745891963192523 0.6369380406269903
 21.43787640431043 0.6462200958123879
 22.139781769315327 0.6551539640008603
 22.85176981240103 0.6637397123095448
 23.573948369696748 0.6719797427000668
 24.30647919539628 0.6798763800285048
 25.049524043693452 0.6874341400361788
 25.803190750717455 0.6946534991018358
 26.56769498872671 0.7015316657559346
 27.34309067578582 0.7080665594975857
 28.129647402217792 0.7142611008965001
 28.92747300415185 0.7201251479342621
 29.736729235781784 0.7256635131162279
 30.55752393323682 0.7308714224160333
 31.390126686839956 0.7357359064411259
 32.2345914146558 0.7402391656075361
 33.091187707007386 0.7443674810206661
 33.96002340002389 0.7481110245313213
 34.84126024789915 0.7514719417977768
 35.735113922891564 0.7544584238803721
 36.641746179194946 0.7570912584675005
 37.5613726890677 0.7593965459765825
 38.494101288639044 0.7614041988264559
 39.440201568232 0.763140906506578
 40.39978136397575 0.7646242045129815
 41.37305634812873 0.7658530388147045
 42.36024219294933 0.7668049140764107
 43.36150065263139 0.7674485903175253
 44.3771013174979 0.7677576253278412
 45.40715202367809 0.7677223421402428
 46.45186844343034 0.7673532836219852
 47.511520167077705 0.7666762149280305
 48.58626894881396 0.7657095237382345
 49.676384378962155 0.764453123749442
 50.781974293651466 0.7629010184620835
 51.90336220126953 0.7610503817227858
 53.04065593794554 0.7589102476578964
 54.19412509400252 0.7564960632572201
 55.3641470958927 0.7538272697504234
 56.55088369780988 0.7509160973705448
 57.75433489975406 0.7477648903595417
 58.97503988237128 0.7443607226522149
 60.21299864566153 0.7406839105194376
 61.46821118962482 0.7367303718997433
 62.741755875553196 0.7325125313721458
 64.03309352280066 0.7280566239800975
 65.34330249265923 0.7233940924309584
 66.67130442383689 0.7185333014115222
 68.01871685827172 0.7134577237996076
 69.38500061531765 0.7081545445187538
 70.77069487562078 0.7026367848805696
 72.17633881982708 0.6969465454313246
 73.60193244793659 0.6911327596851375
 75.0474757599493 0.6852165674878171
 76.51350793651123 0.6791907347155396
 78.00002897762239 0.6730465669496348
 79.50811724457483 0.6667767303788997
 81.03723355672255 0.6603741296331535
 82.58791709471157 0.6538360482018764
 84.1607070391879 0.6471721328868028
 85.75560339015156 0.6404159203774629
 87.37314532824857 0.6335870568507119
 89.01333285347894 0.6266788448080741
 90.67670514648871 0.6196717696791941
 92.36380138792391 0.6125523309902869
 94.07462157778453 0.6053299891060874
 95.8097048967166 0.5979900145361503
 97.56851216407408 0.5905057401591406
 99.3526609217951 0.5828689517650805
 101.16215116987962 0.5750796295852058
 102.9969829083277 0.5671430883280864
 104.85715613713926 0.5590814375204499
 106.74428839825244 0.5509158773878683
 108.65730133037519 0.5426388645916875
 110.59727329479954 0.5342604299311242
 112.56474347217154 0.525808844224466
 114.5597118624912 0.5173126891129441
 116.58271764640455 0.5087727741883205
 118.6343000045576 0.5001551368864352
 120.71445893695035 0.4914108043776317
 122.82373362422888 0.4824992050710331
 124.96212406639313 0.47339045708969335
 127.13124780538125 0.4640704501601304
 129.33002647990114 0.454559391675129
 131.5600776318909 0.44487460342252466
 133.82086208070447 0.43500448197999275
 136.11345818763397 0.42496798537176433
 138.4378659526794 0.41486778205782504
 140.79516373713278 0.40479853548204026
 143.1848123603481 0.39479006124586163
 145.60789018361746 0.38484911183936577
 148.0649363875868 0.37500479263002845
 150.55595097225623 0.3652829266135514
 153.08201229891773 0.3556837629928245
 155.64258118692533 0.3462018594896122
 158.23927517821707 0.33686549908910024
 160.87155509214696 0.3277024740796293
 163.54049929000703 0.31871680701168775
 166.24664695244334 0.3099039462620561
 168.99053726010192 0.3012687810154254
 171.77163103233673 0.29283496085653804
 174.5920849917319 0.28464213812080563
 177.45082077699539 0.27673241657588715
 180.34945593006523 0.26912960801114005
 183.28799045094146 0.2618706429412709
 186.26750270091617 0.25500173416649774
 189.28745349934331 0.24856627556152266
 192.349460388161 0.24260578265639346
 195.45352336736914 0.23715280689811477
 198.60018161761388 0.23222826981072897
 201.78997431954122 0.22784520582930876
 205.02397983444317 0.22400326755665118
 208.3021981623198 0.22065601537576984
 211.6251684838171 0.2177393655532375
 214.99396916022718 0.21520196116951318
 218.40860019155 0.21298323461270177
 221.87067911972363 0.21102264468753035
 225.37912758345607 0.20927438139514443
 228.9361023053314 0.20771064560057412
 232.54160328534965 0.20632062843734486
 236.19616970415686 0.2051055977662514
 239.90034074239904 0.2040743680624622
 243.65519476136825 0.20322630981401493
 247.4607317610645 0.20253296401390022
 251.3185692834259 0.2019407423538808
 255.22816814780637 0.20139828013547073
 259.19114589614406 0.20089923876942828
 263.20750252843897 0.20049413173386293
 267.27831640598316 0.2002577468073152
 271.40466589006866 0.20025523468556405
 275.58601180004945 0.20052906369837523
 279.82397167786365 0.20109850360461956
 284.1190847041573 0.20194323350835225
 288.47242924022237 0.20298548098312202
 292.88400528605894 0.2041067913527127
 297.3543520223131 0.20519670589021644
 301.88508699092284 0.20618760519098275
 306.47674937253424 0.20705138279194255
 311.1298783477933 0.20777435223872145
 315.8450130973461 0.20833866283507604
 320.6226928018387 0.20873837130484624
 325.4650741838551 0.20900941798634046
 330.3710788821034 0.20922574357694232
 335.3428636191676 0.20946161468915236
 340.3804283950477 0.2097610617206931
 345.4853907516819 0.21015290902620154
 350.65721150842415 0.2106891775206497
 355.8980473878585 0.2114509553243753
 361.20789838998496 0.2124899115044408
 366.58838205674175 0.21375421667623712
 372.0389592074826 0.21512102700359698
 377.56178656479193 0.21644577721028993
 383.1574033093155 0.21757348553134725
 388.82634862169954 0.21835519823164512
 394.56970086323594 0.21867644467529052
 400.3879992145709 0.21851180731508732
 406.2823220369965 0.21801448678748347
 412.2537476918046 0.21738807654998119
 418.3028153596415 0.21668664743857327
 424.43060340179903 0.21589781800322097
 430.63819017956934 0.21507659019290373
 436.9261148735985 0.21435748848793376
 443.29545584517854 0.2138409161953961
 449.7472914556015 0.21343172613749853
 456.2821608855134 0.21289364105374203
 462.9011424962065 0.21213211861462444
 469.6053146489725 0.21134752950882058
 476.39575570510385 0.21086964928296242
 483.27300484524636 0.21097202539804016
 490.23867961133817 0.21157957207841294
 497.2927800033792 0.2121777192439221
 504.4369235633078 0.21234836103527416
 511.6721886524157 0.21195619073762567
 518.9991144513491 0.21109360129228197
 526.4187793214002 0.20982525238326385
 533.9322616238609 0.20824577028276092
 541.5422572619613 0.20676466889024347
 549.2471486937634 0.2057363004091443
 557.0437008353911 0.20517935508088167
 564.9426972997649 0.20485526652508618
 572.9441380868848 0.20441919413849724
 581.0426313902905 0.20365315561055963
 589.238177209982 0.20292236861554677
 597.5415591588801 0.2030965949526074
 605.9419936240639 0.20438114027608148
 614.4502642184543 0.20608416675921107
 623.066370942051 0.20769834908771587
 631.784921988394 0.20944258479208577
 640.6113091639434 0.21218665581863258
 649.5455324686993 0.2165505207777345
 658.5875919026616 0.2223182738502644
 667.7428792722907 0.22877353700531108
 677.0060027711263 0.23517996475555725
 686.3823542056286 0.24088866236439324
 695.8773253822583 0.24552445152707955
 705.480132688094 0.24924319844502532
 715.2015597360572 0.2522424824404035
 725.0416065261475 0.25449634703815144
 735.0002730583648 0.25514039982864495
 745.0721675262489 0.25380858262958167
 755.2680735427205 0.2497795117942442
 765.5879911077794 0.24284365215216655
 776.0265284149655 0.23448488851664812
 786.5836854642786 0.22644634237704248
 797.2702458686397 0.22059848481268834
 808.0862096280484 0.2172256693387451
 819.0207931295843 0.21473662366829122
 830.0901717926282 0.21148352855500335
 841.2835620042596 0.20935184568038903
 852.6063555709386 0.20892886325877483
 864.063944299126 0.2095537836075777
 875.6509363823609 0.2114394253943522
 887.3673318206436 0.2148648945602635
 899.2239142268949 0.21837167936056404
 911.2098999881937 0.22057427539599833
 923.3360727174611 0.22138891877289707
 935.5970406082364 0.22156451772303035
 947.9981954669803 0.22174154826934908
 960.5395372936924 0.22027389270910488
 973.221066088373 0.21601357620863354
 986.0373900445618 0.20969574416184392
 999.0046845816396 0.20298967506738924
 1012.1121660866856 0.19609205421993878
 1025.3598345597004 0.18966439904903307
 1038.7584736136039 0.18436720856698197
 1052.3026914419363 0.18008732628031954
 1065.9924880446974 0.17610207280060436
 1079.8332552283475 0.17243098006934932
 1093.8196011864263 0.167986902035437
 1107.9569177253945 0.16451778461786723
 1122.2505966517117 0.1623967918882821
 1136.6898543524578 0.16070613808303158
 1151.2854744405531 0.15768486957962333
 1166.0320651095378 0.15244872047757865
 1180.9350181658715 0.14427742754178388
 1195.999725416015 0.13469328908164785
 1211.2154032470478 0.12516738635419367
 1226.5874434654297 0.11578798678070532
 1242.1212378776215 0.10646408723813097
 1257.8113946771625 0.09644954100400059
 1273.657913864053 0.08362649097372593
 1289.6715790512135 0.0698691715695662
 1305.8469984321837 0.05801104934556363
 1322.1787802005033 0.0483295759352563
 1338.6777079690928 0.03958355378279577
 1355.338389931492 0.030914756194203738
 1372.1662178941617 0.0232860625681463
 1389.1558000506404 0.01779387938814498
 1406.3179200138497 0.014162588141136018
 1423.6364023644087 0.011677339173841752
 1441.1274225216978 0.009870256324752445
 1458.785588679257 0.008489300729355003
 1476.6109008370859 0.007392981015573297
 1494.6087508016456 0.006496190976776414
 1512.7683549600147 0.0057449592177110645
 1531.1058887315746 0.005103675485252334
 1549.605176696944 0.004548070585876183
 1568.2823942755044 0.004061156335907591
 1587.1267578543345 0.003630716495785071
 1606.1436592398952 0.0032477618811387614
 1625.3277066257258 0.002905477952999322
 1644.6896836247472 0.0025985731896112562
 1664.2188066240387 0.002322825867962939
 1683.9258592365204 0.0020747837935172816
 1703.8000578492727 0.0018515493748788195
 1723.8521860752153 0.0016506493337708733
 1744.071460301428 0.0014699172727487852
 1764.4686641408314 0.0013074448044607583
 1785.0384057869653 0.0011615203841013678
 1805.7806852398294 0.0010306057762281082
 1826.6955024994238 0.0009132925931900339
 1847.7882493722088 0.0008083030852515362
 1869.0481422452642 0.000714471824156686
 1890.48596473151 0.0006307283120221188
 1912.0909332180258 0.0005560929933219221
 1933.8738313177323 0.0004896697529778876
 1955.8292672241691 0.0004306396016779208
 1977.9572409373363 0.00037825468155434656
 2000.2523606507734 0.0003318319574572026
 2022.7254099774013 0.0002907515021162699
 2045.3656053042994 0.00025444844502035683
 2068.178338437928 0.00022241224850782834
 2091.1636093782863 0.00019417954214649388
 2114.321418125375 0.00016933257808464267
 2137.640981066274 0.00014749422861990585
 2161.133081813903 0.00012832526243603326
 2184.7977203682626 0.00011152172992774679
 2208.6241131164315 0.00009680996655369276
 2232.623043671331 0.00008394628292508016
 2256.78372842004 0.00007271237420276895
 2281.1115591690195 0.00006291390865421953
 2305.601144111808 0.00005437779752191486
 2330.257875054867 0.000046950302344145416
 2355.0763601917356 0.00004049505064431582
 2380.056599522414 0.000034891413579793854
 2405.198593046902 0.000030032706451244667
 2430.4969489587393 0.00002582450386996912
 2455.9570590643866 0.000022183943050383824
 2481.573531557383 0.000019037900084306246
 2507.3463664377286 0.00001632220392264036
 2533.275563705424 0.000013980479028655814
 2559.3611233604684 0.000011963436595690284
 2585.592261789942 0.0000102278480905184
 2611.979762606765 0.00000873601719001172
 2638.512842198016 0.000007455004599135059
 2665.191500563696 0.000006356140137495808
 2692.0211295102654 0.000005414466158521113
 2718.9963372312636 0.000004608287028191748
 2746.1117319202294 0.000003918779083549937
 2773.3673135771646 0.0000033296239308951504
 2800.7684740085283 0.0000028266944025684597
 2828.3044296013995 0.000002397765191385922
 2855.9751803557797 0.000002032284043819402
 2883.780726271667 0.0000017211470149503386
 2911.7156755426026 0.000001456508644396147
 2939.7854199750464 0.0000012316183096800012
 2967.979175956077 0.0000010406721521010644
 2996.3023352921564 8.786784199681237E-7
 3024.7495061768223 7.413659261024475E-7
 3053.320688610076 6.250675612077346E-7
 3082.0050989789966 5.266471738698518E-7
 3110.8135208965045 4.434221860464036E-7
 3139.7351707496787 3.731012237149573E-7
 3168.7646567320603 3.1372759120204837E-7
 3197.9127624565685 2.636351746560705E-7
 3227.163312503823 2.2140360103386287E-7
 3256.5216986802834 1.858246200371405E-7
 3285.9825291794905 1.5587140754018494E-7
 3315.5458040014437 1.3067135323795437E-7
 3345.2007395332225 1.0948429601694676E-7
 3374.9581193877475 9.168280089702138E-8
 3404.8071599520977 7.673537879213654E-8
 3434.742469419813 6.419205659366987E-8
 3464.7694395973544 5.3672540154632574E-8
 3494.88267867826 4.4855279758245796E-8
 3525.071403049611 3.7469095684404835E-8
 3555.3410045178666 3.128493594909638E-8
 3585.691483083027 2.610996069198116E-8
 3616.112055132172 2.178157736253251E-8
 3646.6027206653007 1.816300205158194E-8
 3677.1634796824137 1.5139110798701247E-8
 3707.78354857059 1.2613228656253761E-8
 3738.4683191362906 1.0504026473864052E-8
 3769.2123995730544 8.743318649123631E-9
 3800.015789880882 7.273807496434015E-9
 3830.8677064468525 6.047454040694972E-9
 3861.7681492709658 5.023969715807595E-9
 3892.7117265467623 4.169575186855338E-9
 3923.7038300807008 3.455943744813015E-9
 3954.733676259862 2.8592805585326557E-9
 3985.8012650842456 2.3596484908643093E-9
 4016.906596553851 1.9402463382628517E-9
 4048.038887055758 1.5869225392517956E-9
 4079.198136589967 1.2877019476184362E-9
 4110.378953350018 1.0323877842958103E-9
 4141.586729142369 8.122369843889121E-10
 4172.810680354102 6.196642758102527E-10
 4204.045415178755 4.479787207618946E-10
 4235.29632542279 2.9115848818349664E-10
 4266.552627473285 1.4362364364633337E-10
 4297.814321330239 9.468119770012686E-17
