 0. 0.
 0.26072308567520447 0.002977775098058572
 0.7859278935324734 0.01082107005020652
 1.3187014038653577 0.022699917309542055
 1.859160761559286 0.03788458958713303
 2.4074059683457216 0.05574001334495825
 2.963551311917765 0.07571468337526892
 3.5277110799685185 0.09733371114174091
 4.099999560191082 0.12019003891147684
 4.680538183259376 0.14393960234599099
 5.269434093885683 0.16829410473934908
 5.86681586572474 0.19301647614383927
 6.472797786469649 0.2179141082192796
 7.08750842977515 0.2428315362404812
 7.711062083334342 0.26764693593424677
 8.343644464648516 0.2922640946150584
 8.985227001794394 0.3166080853493675
 9.63616684381292 0.34062355339142947
 10.296392560895903 0.364266523302917
 10.96611844246791 0.38750161949404305
 11.645558777953502 0.41030248010120096
 12.334713567352683 0.4326475539076258
 13.033797100090016 0.4545186838551175
 13.742952235781875 0.4759029133882488
 14.462250404236451 0.4967912170824642
 15.191977324686496 0.5171767498326968
 15.932132997132008 0.5370555910131889
 16.682931710997554 0.5564273620974538
 17.444516325899507 0.5752915452061916
 18.217101131262435 0.5936501013496118
 19.000757556894527 0.611505661991795
 19.795699892220345 0.6288596991655419
 20.60199956704808 0.6457157704759436
 21.419942300610476 0.6620762752903394
 22.249599522715727 0.6779435920417446
 23.0911855227884 0.6933220057995834
 23.94484316044487 0.7082172130014808
 24.810786725109697 0.7226316326882908
 25.68915907639926 0.736572536893289
 26.580103073929937 0.7500428112076578
 27.483833007126293 0.7630500423265979
 28.40056316541289 0.7755976266888672
 29.330436408406104 0.7876963333337743
 30.2736670255305 0.7993499941058962
 31.230397876402456 0.8105669236559804
 32.20084325044653 0.8213515923495238
 33.1852174370873 0.8317128621857215
 34.18366329594113 0.8416532713052778
 35.19646654624078 0.8511823837942442
 36.223698617794426 0.8603087408476777
 37.26571665964302 0.869034882499842
 38.32266353140294 0.8773677239646249
 39.39475352249874 0.8853183708355844
 40.482129492546804 0.8928920939056733
 41.58514859058807 0.9001008575504235
 42.70388224643072 0.9069533642642403
 43.838687609115716 0.9134624593356224
 44.98970753825941 0.9196402299015441
 46.15715632328638 0.9255004581337248
 47.341319683429376 0.931049140095512
 48.54241190811297 0.9362918146891697
 49.76071871656989 0.9412312527229871
 50.99638296841653 0.9458652114737923
 52.24976181269384 0.9502004807528048
 53.52099810901817 0.9542434422039647
 54.8103775766223 0.9579931934419023
 56.11818593473896 0.9614554584302791
 57.444637472792735 0.9646264753988962
 58.790089339824554 0.9675159449374661
 60.15468439545079 0.9701309284025419
 61.5387083589042 0.972482709375582
 62.94251837922573 0.9745754557392727
 64.36632874583994 0.9764198657939879
 65.81049660778777 0.9780128355513076
 67.27516482468559 0.9793578433517438
 68.76076197538254 0.9804559096724133
 70.26743091949498 0.9813168511358633
 71.79552880606387 0.981948027856559
 73.34555564374652 0.982358860837145
 74.91772572196751 0.9825608468289654
 76.5120390407268 0.9825563587024797
 78.12920989810631 0.9823453936276791
 79.76923829410602 0.9819233275012911
 81.43212422872593 0.981298875748309
 83.1192962981298 0.9804761493464078
 84.83004020423577 0.9794614021541983
 86.56578454320758 0.9782607984095485
 88.32510071888149 0.9768759099647744
 90.11013162550313 0.9753104732844317
 91.92016296499061 0.97357041180037
 93.75590903542582 0.9716615950606944
 95.61808413489065 0.9695898486413834
 97.50668826338509 0.9673609637010339
 99.42172142090914 0.9649715664107003
 101.36389790554468 0.9624204612610867
 103.33321771729172 0.9596994661712457
 105.33110945231401 0.9568071317288732
 107.35685881252968 0.9537465228362089
 109.4111800960206 0.9505113745555985
 111.49478760086866 0.9471022263656469
 113.60768132707386 0.9435288766859117
 115.75057557271806 0.9397964910349902
 117.9234703378013 0.9359031667065086
 120.12707992040545 0.9318397878750849
 122.36211861861237 0.9276017427548465
 124.62858643242207 0.9231961793273749
 126.92719765991644 0.9186230876713657
 129.25723800301358 0.9138847782357687
 131.62085035595916 0.908966538632043
 134.01803471875314 0.9038605527919269
 136.44879109139558 0.898566074009118
 138.9131194738864 0.8930846877244013
 141.41316276047135 0.8874203844278592
 143.9474923549866 0.8815796427437564
 146.51753685359586 0.8755715231153852
 149.12401055438113 0.8694103084276552
 151.76691345734233 0.8630901653836319
 154.44695986056138 0.8565947060303228
 157.1648640621201 0.8499095336933248
 159.92062606201856 0.8430432124210944
 162.71496015833864 0.8359860036771062
 165.5478663510803 0.8287356914688266
 168.4214875344892 0.8212979004656717
 171.33439511240158 0.8136756189483032
 174.28873197906307 0.8058772922942488
 177.2837838363918 0.7978922318888436
 180.32097928055154 0.7897315255033116
 183.40031831154226 0.7813981352505646
 186.52322952552777 0.7729007395149912
 189.68899862442618 0.7642569484547594
 192.8990542044012 0.7554734115227992
 196.15411056353477 0.7465629169709017
 199.45416770182686 0.7375298321002765
 202.80065421544126 0.7283544597287321
 206.19285580629605 0.7190006869467003
 209.6329153686369 0.709442809973721
 213.12011860438193 0.6996661616034481
 216.65589410969488 0.6896806203758664
 220.24095618265767 0.6795029364830831
 223.87601912135213 0.6691441133850875
 227.56036862769645 0.6586243953689158
 231.29686189401806 0.6479471755294963
 235.0840703241533 0.6371104186269846
 238.92413681234774 0.6261213358785501
 242.81706135860136 0.6149882541415297
 246.76427255907802 0.6037053982701699
 250.76505611569578 0.5922783553089975
 254.8215549227003 0.580721395005161
 258.93376898009154 0.5690506254291992
 263.1024125859514 0.5572972750158582
 267.32820003836184 0.545490364383195
 271.6125599334865 0.5336420395784892
 275.95549227132545 0.52177018629235
 280.35771134996054 0.5098921882684351
 284.8206457655556 0.49799919352996935
 289.3442955181105 0.4860814827697971
 293.930803501871 0.4741460278991868
 298.5787411206733 0.46221196732940334
 303.290965566845 0.45029606070039074
 308.06747684038595 0.4384204087012585
 312.9089892393781 0.4266131824732678
 317.81621706190333 0.41489404185624873
 322.79058890412546 0.4032739468372421
 327.83210476604444 0.3917718416051695
 332.94290754190587 0.3803908939464729
 338.12228293362796 0.36911124875822593
 343.3723738354563 0.3578802616860401
 348.6931802473909 0.3466555964661379
 354.08613076559556 0.3354135657592935
 359.5526539862339 0.32420269458568124
 365.0920356112242 0.3131235214697842
 370.7064185348121 0.302216798190752
 376.39651705507936 0.2914610338181595
 382.16375976818983 0.2808594405562331
 388.00814667414346 0.2704301507862972
 393.9303920710222 0.2601879525563505
 399.9326388530717 0.2501417242232827
 406.01560131837374 0.2403105390358888
 412.17999376501024 0.2307161538992453
 418.42653049106315 0.22138338190579226
 424.7559257946143 0.2123124513956329
 431.1710368679912 0.20348485134079253
 437.67043511503016 0.19489348359771977
 444.25697772805853 0.18655443951412468
 450.9306647070765 0.17850222098505616
 457.69363894632966 0.17078876601514156
 464.54518614773616 0.16342736825889223
 471.4881635036234 0.15644940521549028
 478.52257101399147 0.14996093104724117
 485.6505515730861 0.14405796487200967
 492.8713908828252 0.13874944624045854
 500.1879461355365 0.13397340123439833
 507.6009316293016 0.12963410797335212
 515.1110616622028 0.12567225341097754
 522.7197648304035 0.12207184551020862
 530.4277554319857 0.11884643989405876
 538.2364620631132 0.11600165693309983
 546.1473133199498 0.11351658364696744
 554.1610235005774 0.11135986601126245
 562.2790212011595 0.10951929481366802
 570.5027350178601 0.10799510922863144
 578.8328792487611 0.10676327495184497
 587.2708824900261 0.1057723147705752
 595.8181733378191 0.1049620564056347
 604.4754660902216 0.1042764640395516
 613.2441893433978 0.10367654687917162
 622.1257716935112 0.10314285188585798
 631.1216417367257 0.1026727609720791
 640.232513771123 0.10229108052379102
 649.4605306909489 0.10204872644805722
 658.8056924962033 0.10197350783956124
 668.270142081132 0.10203619386395621
 677.8553080418985 0.10219274069662355
 687.561904676585 0.1024155948674542
 697.391360581355 0.1026618080081992
 707.3451043523725 0.10286478493082701
 717.4267074800465 0.10298689289619334
 727.6340270701319 0.10305559527851628
 737.962777334137 0.10314840985416669
 748.4272442336995 0.10332717395366622
 759.0274277688196 0.10360165882036909
 769.7561849586783 0.10396113853964979
 780.6135158032757 0.10442838577034048
 791.6137062642495 0.10509914170770436
 802.7424703799617 0.10604442123936314
 814.0140941120503 0.10713910768024809
 825.428577460515 0.10812896103967329
 836.9787774445375 0.10887253339488265
 848.6718370449361 0.10937605735378786
 860.507756261711 0.10976022005719599
 872.4865350948622 0.11024849108700564
 884.6153165252084 0.11096037776453355
 896.886957571931 0.11173799772988095
 909.3086012158486 0.11225223983452984
 921.8873904377803 0.11238965378935496
 934.609039276088 0.11242476553472634
 947.4878336924097 0.112624438952707
 960.5237736867455 0.11312237292775444
 973.7168592590949 0.1139972761764225
 987.0599474286397 0.11524745095206576
 1000.5673241570171 0.11683745534751903
 1014.2389894442272 0.1186635549766503
 1028.0678003094513 0.12045154201733925
 1042.053756752689 0.1219321423855297
 1056.2111447355785 0.12283261584051705
 1070.5399642581197 0.12303260263643623
 1085.0259293586746 0.12283189781295607
 1099.6904689796997 0.1222875019835246
 1114.5192971595577 0.12112003377672152
 1129.5195568790673 0.11936774093174167
 1144.6983911190473 0.11732070428324466
 1160.0486568986785 0.11526658144595812
 1175.5703542179615 0.11348142111943284
 1191.2777690385337 0.111945593163085
 1207.1566153987574 0.11029707936239098
 1223.2211792602702 0.10853216707645796
 1239.4643176422533 0.1068658683559398
 1255.8931735255258 0.1052465240002588
 1272.5077469100872 0.10350435115598722
 1289.3080377959377 0.10174946870458342
 1306.2869032022588 0.10003368068312733
 1323.4657720715065 0.0981146071657656
 1340.8303584420435 0.09595225412298186
 1358.3806623138698 0.09412687334970318
 1376.1309696486226 0.09354153617845228
 1394.0741374654835 0.09417277519154511
 1412.2101657644525 0.09407063650841167
 1430.5461975263484 0.09261911000001641
 1449.0750897703517 0.09022050888968966
 1467.8039854772824 0.08743669624857196
 1486.7400276279584 0.08479927760090887
 1505.8689302607424 0.08250238414059152
 1525.204979337272 0.08031969743387803
 1544.7410318767286 0.07851758152380625
 1564.4842308599307 0.07715930553630629
 1584.441719267697 0.07597226155378572
 1604.5992111383905 0.074947522848826
 1624.9638494528292 0.07400130040629166
 1645.5427771918326 0.07265995578215441
 1666.3288513745815 0.07057315158772036
 1687.3220720010759 0.06795288952409928
 1708.5367250329537 0.06504913211417682
 1729.9656674893959 0.06163813619241149
 1751.6017563895837 0.05667295718348051
 1773.4592776951547 0.05032255175858059
 1795.5310884252901 0.044317393046569765
 1817.824331560809 0.03963828086906444
 1840.3318641208919 0.03607160547254125
 1863.067972067177 0.03279508584054184
 1886.011226457208 0.02930408781324627
 1909.1830562334405 0.025715253068148158
 1932.576318415057 0.02222452148956036
 1956.191013002056 0.01874814796046665
 1980.0342829752574 0.01524036947156216
 2004.091842373023 0.011962182565199158
 2028.38512013781 0.00934073174839685
 2052.8926873271607 0.007478229695512565
 2077.6359728835328 0.006167035840403039
 2102.6006908452878 0.005197670906773317
 2127.793984193245 0.004444552083846256
 2153.2087099465853 0.0038376971973443216
 2178.8591540669468 0.0033359031211241076
 2204.7310305926912 0.0029131650511279384
 2230.8386254854563 0.0025521427551457865
 2257.1676527836053 0.0022406818687353653
 2283.7323984487743 0.0019699785656283383
 2310.5185765193273 0.0017333988287537266
 2337.540472956901 0.001525821210971893
 2364.790944780677 0.0013431775213654906
 2392.2699919906545 0.001182163895059279
 2419.977614586834 0.0010400460813542105
 2447.9209555500347 0.0009145142743738021
 2476.0857289186188 0.0008036059026867687
 2504.4862206542234 0.0007056159069583442
 2533.1081447952115 0.0006190684262393832
 2561.96578730322 0.0005426608353822899
 2591.052005197431 0.00047524826410438485
 2620.3667984778435 0.00041581560271010366
 2649.9030241636397 0.00036346239594208126
 2679.674968216457 0.00031738642318193086
 2709.668344674657 0.00027687445226303803
 2739.890296519059 0.0002412893861049472
 2770.3408237496637 0.00021006460172128948
 2801.01992636647 0.00018269478497101178
 2831.913318407841 0.00015872933253814825
 2863.035285835414 0.0001377673779818131
 2894.3858286491886 0.0001194524958893845
 2925.950660887528 0.00010346791710166927
 2957.744068512069 0.00008953211663636792
 2989.751765561175 0.00007739584010055064
 3021.9808950156644 0.00006683825025793091
 3054.4243138947177 0.00005766402268187723
 3087.0891651791544 0.000049700243671558336
 3119.9683058881556 0.000042794662283913404
 3153.061736021721 0.000036813147240345535
 3186.369455579851 0.000031637400152301636
 3219.884321581727 0.000027163579628339416
 3253.6134770081667 0.000023300608339102665
 3287.5497788783523 0.000019968379677335032
 3321.6932271922838 0.000017097005864005468
 3356.04382194996 0.000014625202762858747
 3390.6015631513824 0.00001249952973264046
 3425.352164834913 0.000010673311810961704
 3460.309912962189 0.000009105903393053744
 3495.4605215715733 0.000007761915592228393
 3530.803990663065 0.000006610637508561206
 3566.347463217484 0.000005625351461189423
 3602.083796254011 0.000004782922475012339
 3638.005846791826 0.000004063302124030227
 3674.1136148309315 0.0000034491479274079506
 3710.4142433521447 0.0000029254762220743184
 3746.893446393828 0.0000024793537112119415
 3783.551223955982 0.0000020996339197216984
 3820.387576038606 0.0000017767094796173469
 3857.3953596608817 0.0000015023210915616016
 3894.5817178036277 0.0000012693702656622052
 3931.932364505206 0.000001071761452919436
 3969.4544427464366 9.042702877115127E-7
 4007.1408095464994 7.624227372218988E-7
 4044.9914649053953 6.423822755463796E-7
 4082.992122861486 5.408790540543483E-7
 4121.15706937641 4.5511449570980864E-7
 4159.472018488527 3.827024576782264E-7
 4197.929827217023 3.216092771925187E-7
 4236.544781523532 2.7010218546558606E-7
 4275.295452465598 2.2670855773893217E-7
 4314.188983024041 1.9017417274586493E-7
 4353.218230218041 1.5943648082131472E-7
 4392.383194047598 1.335926823068525E-7
 4431.669588551075 1.1187761999384978E-7
 4471.0916996901105 9.364283920282929E-8
 4510.635241503065 7.834018427317259E-8
 4550.2930710091205 6.550590777704977E-8
 4590.072331189096 5.474786848625964E-8
 4629.9658790621725 4.573530862139332E-8
 4669.9594286667125 3.818915377226053E-8
 4710.060122983535 3.187410010972384E-8
 4750.267962012639 2.6591958226428497E-8
 4790.568659792388 2.2175854668273148E-8
 4830.962216322781 1.8485489812687363E-8
 4871.448631603819 1.540290047873456E-8
 4912.013619673865 1.2828973325142168E-8
 4952.664323513735 1.0680477831770415E-8
 4993.393600142613 8.887610793875328E-9
 5034.201449560497 7.391782524813157E-9
 5075.0735858057515 6.14387421185653E-9
 5116.010008878376 5.102751768673146E-9
 5157.003575797549 4.233903758047747E-9
 5198.061429544093 3.5084039174789037E-9
 5239.169284156367 2.9020023540687753E-9
 5280.327139634374 2.394354562503571E-9
 5321.534995978112 1.9683303213195265E-9
 5362.778567225944 1.609521786125883E-9
 5404.057853377871 1.3057316565176922E-9
 5445.365711453072 1.046582776948293E-9
 5486.709284432368 8.231857468401056E-10
 5528.074286354121 6.278276715364749E-10
 5569.453574237511 4.5371851531558467E-10
 5610.854291063357 2.947521711934311E-10
 5652.262150870022 1.4528728617944315E-10
 5693.677153657505 4.373357676428383E-17
