 0. 0.
 0.18499691031122653 0.006203129517859492
 0.5576576836469437 0.01759580784102182
 0.9356888543505336 0.028192158511571183
 1.3191735429550588 0.038087907244367315
 1.7081827060131336 0.047364387468871595
 2.102797436727746 0.05608888603436035
 2.503098828301884 0.06431677588927051
 2.9091679739385357 0.07209357018688899
 3.321091035165875 0.0794570926414563
 3.7389440368617035 0.08643904461535866
 4.162818208879383 0.09306629727945806
 4.5927946444219 0.09936270923453831
 5.028964573342617 0.10534902463328065
 5.471409088844522 0.11104652686881292
 5.920259967382471 0.11647579230417962
 6.375496935655715 0.12165797548386936
 6.8373734099235906 0.1266171905031966
 7.305838706934234 0.13138135601225173
 7.781044876443245 0.13598192667554768
 8.263143968206226 0.14045369110043052
 8.752135982223177 0.14483579900828403
 9.248172968249701 0.14916698463178915
 9.751356292789533 0.15348323589808893
 10.261736639094538 0.15781408691119922
 10.77951674017219 0.16217754208926405
 11.304696596022485 0.16658024113480385
 11.837428256401028 0.1710127510382102
 12.377813087811552 0.1754515969371928
 12.926003140009659 0.17985808485337754
 13.48204909624722 0.1841815190196814
 14.046103006279832 0.1883685717957696
 14.618215553359367 0.1923730610805817
 15.198589470493292 0.1961684394550725
 15.787275440933474 0.19975062155238557
 16.38442551443552 0.20313692343125858
 16.99014105750316 0.2063594865993618
 17.604574119891996 0.20946204427692044
 18.227826068105763 0.21249767374240422
 18.8599982686482 0.21553037442917963
 19.50124277127491 0.21863740058764453
 20.15171162574149 0.22190860291560408
 20.811506198551676 0.22544098069208499
 21.48077853946107 0.2293229346513998
 22.159630014973406 0.2336064083498265
 22.84821267484429 0.23827654855909516
 23.54667856882933 0.2432353012235644
 24.255129063432243 0.2483149903249279
 24.973766891660514 0.2533199729170353
 25.70264273676601 0.25807698077922514
 26.44201001500805 0.26247354553034996
 27.191970092890397 0.26646489308587723
 27.95267502016863 0.2700535843278874
 28.7242261633465 0.27325420192198757
 29.50687693868333 0.276065490009465
 30.300678029430998 0.27846967382975935
 31.105882851848836 0.2804664482203263
 31.92259277244058 0.28213013533899256
 32.75095984096183 0.28364606936647974
 33.59118679042007 0.28527939452562195
 34.44342567057088 0.28727701031361536
 35.307879214421746 0.2897562509938195
 36.18464878847639 0.29265145888106564
 37.07398780899416 0.2957505851211423
 37.97599764247879 0.2987878178285404
 38.890881021937744 0.3015322940790975
 39.818840680378486 0.3038415009663035
 40.76002866755664 0.3056278767125304
 41.714698399731525 0.30685060189420843
 42.68295124340688 0.30751070338155423
 43.66498993159018 0.3076929437743939
 44.661067880540756 0.3075306411844981
 45.6713371400142 0.30714874992698826
 46.696051126269886 0.3066421542499509
 47.735311205811506 0.30607463015578235
 48.78942147815029 0.30549314984827497
 49.85848330978996 0.30492635973679005
 50.942750116989856 0.3043872912623895
 52.04257668251306 0.3038746507448641
 53.158115056115165 0.30338712862286155
 54.289365237796176 0.3029161716378067
 55.43683406007476 0.3024662009821868
 56.60052152295092 0.30204166036979285
 57.780427626424654 0.30166007923440585
 58.977566035533314 0.30133470134324625
 60.19142991775823 0.3010875280709888
 61.42303293813675 0.30093185020077196
 62.67136143163151 0.30088527668644127
 63.93793589579856 0.30095367905455295
 65.2222494981192 0.30114279617312184
 66.52480907111212 0.30145530642920254
 67.84612144729599 0.30188212237570555
 69.18618662667079 0.30240972654901155
 70.54500460923656 0.30302024965589025
 71.92308222751194 0.30368435063179683
 73.32041948149696 0.3043714641735763
 74.73803003622892 0.30504410911366664
 76.1754070591892 0.305665131105772
 77.63305738289645 0.30619622884983644
 79.11148783986934 0.30659216286497765
 80.61069843010787 0.3068020719423078
 82.13119598613073 0.3067678108833379
 83.67298050793791 0.3064407106336674
 85.23655882804809 0.3057983500534578
 86.82243777897993 0.30484448276412746
 88.43061736073344 0.30361512101800997
 90.0616044058273 0.3021677807642059
 91.71489208174282 0.3005925717852133
 93.39200088603603 0.29900906456649773
 95.09293081870693 0.2975687562156536
 96.81768187975554 0.29642742714067855
 98.56625406918181 0.29571948657435915
 100.34016788454181 0.29553267838231007
 102.13840966079819 0.29588663983545715
 103.96199306298826 0.2967257167377825
 105.81142492363074 0.2979261786237484
 107.6867052427256 0.29931356049087526
 109.58834085279153 0.3006989104941058
 111.51683858634718 0.30191548729059486
 113.47219844339257 0.3028424280671182
 115.45492725644638 0.30340445051283205
 117.46502502550861 0.30358915584277313
 119.50401224813527 0.30347517130228224
 121.570875259289 0.3032210769962079
 123.66713455652585 0.3030072418586583
 125.79228330732712 0.30295375949112147
 127.94733517673019 0.30309828471615896
 130.13229016473502 0.3034073373983481
 132.348161936379 0.30380546449568324
 134.59444365914345 0.30422610423336854
 136.87214899806568 0.30465478844927324
 139.1817847856644 0.3051445909246992
 141.52335102193962 0.30584847118833675
 143.89786137192866 0.3069790264987237
 146.30480900311284 0.3086607105569686
 148.7457144130482 0.3108352706655134
 151.22007076921605 0.31334992396740724
 153.72889173665376 0.31604832103481395
 156.27268414788003 0.3187664669440193
 158.85195483541347 0.3213389936496256
 161.46619696673545 0.32361107263013045
 164.11743787192063 0.3254248505405376
 166.8046638859317 0.32660832744812046
 169.52939550632465 0.32707462770834794
 172.2916327330995 0.327011689211196
 175.09238923129362 0.32680940052356033
 177.9311581683883 0.32678795862344306
 180.8094600419396 0.3272111759931029
 183.72729485194745 0.3282201345830938
 186.68516943093056 0.32963944560657116
 189.68359061140765 0.3310248896898472
 192.723572058416 0.33202489732140844
 195.80511377195566 0.33266927511083916
 198.92872258454528 0.3332756150965593
 202.09541216122224 0.3341063888989481
 205.3051825019865 0.33497563408209724
 208.5595541043941 0.3357474217241547
 211.85751330340767 0.33641200813227845
 215.20108742910193 0.3364731882712005
 218.59027648147688 0.33561434652020233
 222.0255872930512 0.33433439154406924
 225.50752669634355 0.33339123361164524
 229.03710835639126 0.3333754698116312
 232.61433227319438 0.33450594616197676
 236.2407189443089 0.33605772560325453
 239.91576153721616 0.3370492979894073
 243.64098054947215 0.33710646506809183
 247.4163759810769 0.33658250379983873
 251.2429614970678 0.3363000326801188
 255.1217507624821 0.33679972809319664
 259.05223694480117 0.33798095226968033
 263.03594054158106 0.33960068373352953
 267.0733683853404 0.3413590149221862
 271.1655341411166 0.3430879120221494
 275.31243780890964 0.34479924941366363
 279.5145862212381 0.3464705354928686
 283.77349987565816 0.3485524574495052
 288.0896856046884 0.35136193132628774
 292.46365024084747 0.3541392251529656
 296.8959006166541 0.3558047964838796
 301.38694356462696 0.3562611561606002
 305.9388064148407 0.3561947681992647
 310.55047550225805 0.3555794761402301
 315.22397815695365 0.3545470873644083
 319.9593143789275 0.3541998162025199
 324.7580046657356 0.35446184588896823
 329.6195421848594 0.3537061300906243
 334.5459542663735 0.3528730975201026
 339.53724091027783 0.3545050868800621
 344.59492261412856 0.35698692854865416
 349.7184925454069 0.3577136770050562
 354.90997803418765 0.35621689889445324
 360.16988591298934 0.35350796705416426
 365.49872301433084 0.35134074132950543
 370.89750300324926 0.3495561958522221
 376.3667327122635 0.3482859819185569
 381.9074258064108 0.34747650673831293
 387.52059595072853 0.3476730688961333
 393.2067499777354 0.350222089305669
 398.96690155246864 0.35350920591810453
 404.8020643399657 0.3534175182569116
 410.7127451727452 0.3492691704089967
 416.69995771584456 0.34491227482565945
 422.76471563430107 0.3433737272212345
 428.9075257606334 0.3430891885119653
 435.129401759879 0.34160909998767397
 441.431357297075 0.34107664753084993
 447.814406037259 0.34220215955743016
 454.27905481294954 0.34134875110947666
 460.8268241217026 0.33837075733494043
 467.4577139635183 0.33538329658749017
 474.17324483595263 0.3332756150965593
 480.97443040404283 0.3332033331519202
 487.8617775003077 0.33135415527238904
 494.83629978978456 0.32730485263808845
 501.89901093751075 0.3250774548388455
 509.05244510607963 0.3250249092290512
 516.2950817979352 0.32671826272964744
 523.6238800179653 0.3288879470035233
 531.0489764165436 0.3325942278695908
 538.57037099367 0.3372415487319157
 546.1829954241579 0.34028348531051317
 553.886849708007 0.3425909967035215
 561.692070495591 0.3470136425840216
 569.5885211365363 0.35244341704378246
 577.5863382812166 0.357900945965263
 585.6855219296317 0.3608840334850921
 593.881003756595 0.3570691142146169
 602.177852087293 0.3476768478485412
 610.5760669217259 0.3390767019001783
 619.0756482598937 0.33253760207636324
 627.681664426983 0.3297483703408219
 636.3890470978073 0.33106325473920667
 645.2028645975531 0.33900694871218007
 654.1281852514073 0.34893547327366026
 663.1548724089963 0.3554131646566588
 672.2930627206937 0.35890416471129655
 681.5427561864994 0.3597013160830998
 690.9039528064135 0.3625572737817361
 700.3715842552492 0.3623446131927938
 709.9557871833799 0.36100415445595896
 719.6565615908058 0.3590334867998685
 729.4688391523399 0.35489278468460184
 739.3926198679824 0.3636620676039747
 749.4380403881069 0.373660987473329
 759.605100712713 0.38033365895655946
 769.8836641914276 0.37971365391285195
 780.2889357998107 0.37449221780547737
 790.8107788874888 0.3733162459950106
 801.4542617796488 0.3700606884373654
 812.2244528014775 0.36281447471571643
 823.1162836277878 0.3469745167860722
 834.1297542585801 0.32796518140242237
 845.2750013442277 0.3156323364370393
 856.5418882343571 0.31095782450796594
 867.9405515793418 0.29879954361977684
 879.465923053995 0.28546386091799747
 891.1230709835036 0.27911687382190875
 902.9119953678675 0.28352344939959284
 914.8326962070867 0.29428837725940543
 926.8801051759746 0.2990222462888984
 939.069427250091 0.2949192773208256
 951.3905257790628 0.2898003816663305
 963.8434007628902 0.29382728080315934
 976.4381888519462 0.2898115643996082
 989.1698217210443 0.2847178950860043
 1002.0382993701843 0.28758966417605464
 1015.0486901245533 0.2813986773771412
 1028.1959256589641 0.28209070430474587
 1041.485074298604 0.29230586567529304
 1054.9212043686593 0.28906878851220774
 1068.4941792187567 0.25773923232574114
 1082.2141354992696 0.20727596676627572
 1096.0760048850116 0.16587310116971996
 1110.0848557011686 0.13038555686421457
 1124.2457562729282 0.10336739291217789
 1138.5485699499166 0.08289033305946242
 1152.9983650573206 0.06458687644947586
 1167.6002099203267 0.05246102705320457
 1182.3490362137484 0.044340552848623184
 1197.2448439375855 0.03755444119776078
 1212.297769742212 0.03206704831757891
 1227.5027453024406 0.02786471750012326
 1242.8547022930848 0.02452228724935842
 1258.3637773645178 0.021742638750355738
 1274.0249021915533 0.01936557249723143
 1289.8431450993778 0.017297189656407853
 1305.8134377628044 0.015476731581452366
 1321.9459168322069 0.01386179157119069
 1338.2253773320253 0.012421400835558377
 1354.667024237819 0.01113179253641956
 1371.265789224402 0.00997427971364494
 1388.0216722917737 0.008933585095184111
 1404.9397417651214 0.007997039907813409
 1422.0098609940712 0.0071538205345670815
 1439.247234954184 0.00639456222121789
 1456.6366586698987 0.00571104890556445
 1474.193337116776 0.00509601089246209
 1491.9071336444422 0.004542915997230342
 1509.7831165780842 0.004045900254779133
 1527.8162175925154 0.0035996542427771247
 1546.016573338109 0.0031993624600979396
 1564.3740471644917 0.002840649555928597
 1582.8987757220368 0.0025195274926543645
 1601.580622360371 0.0022323618990438593
 1620.4297237298676 0.001975845473624754
 1639.4359431801536 0.001746956395214634
 1658.6094173616016 0.0015429487948202948
 1677.9450779490257 0.0013613256925722225
 1697.4429249424254 0.0011998149914255064
 1717.1029583418012 0.001056350622139553
 1736.9302464723391 0.0009290611602893896
 1756.9146526836664 0.0008162538018108589
 1777.0663136261558 0.0007163938985177581
 1797.3750926494347 0.0006280952313661588
 1817.8511264038757 0.0005501084286770906
 1838.4893465642926 0.00048130631888289104
 1859.2897531306853 0.00042067588477096756
 1880.2472777778669 0.0003673060106743594
 1901.3720571562112 0.00032037945079077323
 1922.6539546153447 0.000279165353335277
 1944.0980384804536 0.00024300688855396864
 1965.7043087515385 0.00021131904000939
 1987.4727654285991 0.00018357942399296139
 2009.393271861262 0.0001593226335437402
 2031.4759646999007 0.00013813431626347249
 2053.720843944515 0.00011964594724721107
 2076.1177729447318 0.00010353080499724191
 2098.676888350924 0.0000894992414787013
 2121.388053512719 0.00007729478178202583
 2144.256336755303 0.00006669052792844543
 2167.276669753489 0.00005748631027300868
 2190.454120832464 0.00004950562215345069
 2213.7836216670416 0.000042592855572704604
 2237.265172257221 0.00003661117416811126
 2260.8987726030027 0.00003144061540388422
 2284.6793543792005 0.000026975421259443532
 2308.6119859110004 0.00002312340769403607
 2332.6915988732158 0.000019803575784511253
 2356.9181932658466 0.000016945269670766303
 2381.291769088893 0.000014486663810136392
 2405.812326342355 0.000012373959253011277
 2430.469728375859 0.000010560189006026515
 2455.2741118397785 0.000009004577217864044
 2480.21534008374 0.00000767159901393093
 2505.293413107744 0.00000653046338418131
 2530.5133992369765 0.000005554459547710187
 2555.8702301462513 0.000004720461797757423
 2581.3588375103805 0.000004008436351348078
 2606.979221329366 0.000003401096942666748
 2632.7364499283935 0.000002883505275713702
 2658.620386657089 0.0000024427844396711056
 2684.6310315154537 0.000002067839270961728
 2710.7683845034862 0.000001749126045818446
 2737.027377296001 0.0000014784374804270445
 2763.4130782181846 0.0000012487263744424828
 2789.9153506196626 0.0000010539474308556217
 2816.539262825623 8.889222095066381E-7
 2843.2797465108783 7.492171195478604E-7
 2870.136801675429 6.310384651069203E-7
 2897.100291668901 5.311453521679869E-7
 2924.180353141668 4.4677361361489335E-7
 2951.3668494433564 3.755630702517208E-7
 2978.6547122487805 3.155046579391131E-7
 3006.054078208312 2.6488734357081824E-7
 3033.5497423463926 2.2225784485154487E-7
 3061.146772988207 1.863800009477647E-7
 3088.84010180857 1.5620437012204057E-7
 3116.629728807481 1.3084190142144583E-7
 3144.505517334567 1.0953841809412294E-7
 3172.4776040402007 9.165516035926052E-8
 3200.5358522740094 7.665265444418252E-8
 3228.6751937108056 6.407431812357686E-8
 3256.900696675777 5.353454285921689E-8
 3285.2072928437356 4.4708032602853376E-8
 3313.584845564309 3.7320360838027374E-8
 3342.038423162683 3.114039632283441E-8
 3370.5680256388587 2.5973384488395105E-8
 3399.163516342462 2.165559030380519E-8
 3427.824895273493 1.8049297843908696E-8
 3456.5521624319517 1.5038746345037926E-8
 3485.3351811674643 1.2526832027853538E-8
 3514.1790198052176 1.0432051995512028E-8
 3543.0786100200257 8.686021541006908E-9
 3572.0339518118876 7.231550299255325E-9
 3601.03490853043 6.020695915073998E-9
 3630.0814801756537 5.013389133740118E-9
 3659.1685984223714 4.176133890971438E-9
 3688.301331595769 3.4809605655735657E-9
 3717.469543045474 2.90459727837812E-9
 3746.6732327714867 2.4276328810998924E-9
 3775.9124007738064 2.033971930712658E-9
 3805.176910402059 1.7102811583520784E-9
 3834.466761656246 1.4455704223984511E-9
 3863.77688621118 1.230830841934926E-9
 3893.112352392048 1.0587442220863679E-9
 3922.4630235484756 9.234398124817935E-10
 3951.8238313552774 8.203015824410427E-10
 3981.199844137639 7.458220048012356E-10
 4010.5809252451872 6.974861522004309E-10
 4039.967074677922 6.73762627186214E-10
