 0. 0.
 0.19680417088568017 0.11620466628179765
 0.5932496812164626 0.3480413021829714
 0.9954083496726038 0.580725208855219
 1.403368601880053 0.8118633755617012
 1.8172059231292548 1.0377452803143081
 2.237006582323574 1.2543144537065842
 2.662856848366376 1.4581072049704877
 3.0948429901610264 1.646722505174129
 3.53305666841735 1.8188997737754082
 3.977578760232252 1.9743492101010236
 4.428506318122019 2.113493604941986
 4.8859256109900135 2.23724613848982
 5.3499336913525255 2.3468004057344856
 5.820616828112916 2.4434852967507172
 6.298115208239157 2.528656484279763
 6.782407264505404 2.6036314992361005
 7.273762587234675 2.6696436646335946
 7.772127258362366 2.727830494580122
 8.277663032082287 2.7792183598902467
 8.790531662588249 2.8247086476396484
 9.310733149880251 2.865107787860308
 9.838429248152101 2.9010527287136783
 10.373727793533009 2.9331030830304794
 10.916682704087574 2.9617642342137223
 11.467509652074213 2.9874316852655434
 12.026208637492923 3.0104519726609253
 12.592941414537515 3.0310896916284262
 13.167815819337195 3.049608943655739
 13.750993606085773 3.066161706095652
 14.342528692847855 3.0809178440540284
 14.942582833817246 3.093965602069117
 15.55120994705855 3.1053638995138813
 16.168625704830184 3.115168109783072
 16.794884025196744 3.1233560752267047
 17.430146662352048 3.1299528438819872
 18.074521452425294 3.1349437728055936
 18.7281701496103 3.1382995313212176
 19.39120059003627 3.140000713929085
 20.063720609832405 3.140025361974032
 20.745891963192523 3.1383241927270613
 21.43787640431043 3.13483267528111
 22.139781769315327 3.1295324520957024
 22.85176981240103 3.122463886022701
 23.573948369696748 3.113714360030095
 24.30647919539628 3.103394352893294
 25.049524043693452 3.0915757579154577
 25.803190750717455 3.0782915990317177
 26.56769498872671 3.063611232037052
 27.34309067578582 3.047565271629718
 28.129647402217792 3.0302086481138573
 28.92747300415185 3.011608647570685
 29.736729235781784 2.991845556067195
 30.55752393323682 2.971039439963887
 31.390126686839956 2.9492994363633516
 32.2345914146558 2.926736957384577
 33.091187707007386 2.9034927678872395
 33.96002340002389 2.879684743772561
 34.84126024789915 2.855420754528479
 35.735113922891564 2.8307984386494387
 36.641746179194946 2.8059324875633096
 37.5613726890677 2.780834456172931
 38.494101288639044 2.755496598504158
 39.440201568232 2.729902313879313
 40.39978136397575 2.703991369684877
 41.37305634812873 2.677757463891101
 42.36024219294933 2.651281504808136
 43.36150065263139 2.624637260227325
 44.3771013174979 2.597862750716721
 45.40715202367809 2.5709283181938387
 46.45186844343034 2.5437573837936145
 47.511520167077705 2.516280771649315
 48.58626894881396 2.488404381487894
 49.676384378962155 2.4601633857893446
 50.781974293651466 2.431750372990056
 51.90336220126953 2.4032767892851443
 53.04065593794554 2.3746866801358375
 54.19412509400252 2.3458454687572954
 55.3641470958927 2.316613486733807
 56.55088369780988 2.286897912426041
 57.75433489975406 2.2566059046340516
 58.97503988237128 2.22561482186132
 60.21299864566153 2.194002632598782
 61.46821118962482 2.162037437008247
 62.741755875553196 2.1297542166466514
 64.03309352280066 2.096985122677958
 65.34330249265923 2.0637932651043704
 66.67130442383689 2.03039806730011
 68.01871685827172 1.9971168206027488
 69.38500061531765 1.9642232729217186
 70.77069487562078 1.9319455566481658
 72.17633881982708 1.9003822518463251
 73.60193244793659 1.8695136551344926
 75.0474757599493 1.8391769708058572
 76.51350793651123 1.8090952327519763
 78.00002897762239 1.7790529927430767
 79.50811724457483 1.749085473092399
 81.03723355672255 1.7192888660717969
 82.58791709471157 1.6895714399314028
 84.1607070391879 1.6597532669470616
 85.75560339015156 1.629543872480034
 87.37314532824857 1.598495064430079
 89.01333285347894 1.5665495219101713
 90.67670514648871 1.5338480092661304
 92.36380138792391 1.5004932640242317
 94.07462157778453 1.466477656635021
 95.8097048967166 1.4318540860673787
 97.56851216407408 1.396826693315552
 99.3526609217951 1.3612705004592371
 101.16215116987962 1.3247866225722806
 102.9969829083277 1.2876478534800673
 104.85715613713926 1.250359214553161
 106.74428839825244 1.2129994039216274
 108.65730133037519 1.1755353010073777
 110.59727329479954 1.138051818648795
 112.56474347217154 1.1006489422106516
 114.5597118624912 1.0635316798660794
 116.58271764640455 1.026504842220864
 118.6343000045576 0.9894534352246156
 120.71445893695035 0.952252685297352
 122.82373362422888 0.914782854670752
 124.96212406639313 0.8771541713444856
 127.13124780538125 0.8394955582213233
 129.33002647990114 0.8019142784425477
 131.5600776318909 0.7644510988957893
 133.82086208070447 0.727345103908403
 136.11345818763397 0.6910834853687355
 138.4378659526794 0.6557779987350929
 140.79516373713278 0.6214832517363591
 143.1848123603481 0.5884371733333171
 145.60789018361746 0.5567300576521638
 148.0649363875868 0.526234794337385
 150.55595097225623 0.4968777881421009
 153.08201229891773 0.4687342167154232
 155.64258118692533 0.4418721743814045
 158.23927517821707 0.416155802510878
 160.87155509214696 0.391626017191561
 163.54049929000703 0.3686731229592789
 166.24664695244334 0.34741475666381305
 168.99053726010192 0.32787719711501967
 171.77163103233673 0.3099913426799872
 174.5920849917319 0.29356878497980254
 177.45082077699539 0.27843487632218183
 180.34945593006523 0.26446759716930063
 183.28799045094146 0.25177843773087477
 186.26750270091617 0.2404484136900007
 189.28745349934331 0.23053255636455494
 192.349460388161 0.2221037235683553
 195.45352336736914 0.21520717588290822
 198.60018161761388 0.2097376309249622
 201.78997431954122 0.20546997620774787
 205.02397983444317 0.20203040456288682
 208.3021981623198 0.19919928532597028
 211.6251684838171 0.1968894786983656
 214.99396916022718 0.19501098391175292
 218.40860019155 0.19364971050507682
 221.87067911972363 0.19293097644895213
 225.37912758345607 0.1928812268425509
 228.9361023053314 0.19337154309735113
 232.54160328534965 0.19419827428526865
 236.19616970415686 0.1952059510123134
 239.90034074239904 0.196337987971675
 243.65519476136825 0.1976077189414047
 247.4607317610645 0.1990377850502881
 251.3185692834259 0.2005985235574901
 255.22816814780637 0.20217956181327193
 259.19114589614406 0.2036307323529641
 263.20750252843897 0.20483184132462126
 267.27831640598316 0.20573235041482732
 271.40466589006866 0.20629774479260948
 275.58601180004945 0.2064515041266637
 279.82397167786365 0.20609824945284075
 284.1190847041573 0.20510899382605388
 288.47242924022237 0.2034364207365424
 292.88400528605894 0.20126315715558118
 297.3543520223131 0.19896564091576055
 301.88508699092284 0.19689891261983616
 306.47674937253424 0.19529989407862952
 311.1298783477933 0.19443744842378458
 315.8450130973461 0.19462941119126556
 320.6226928018387 0.1960502128269864
 325.4650741838551 0.19854547957885374
 330.3710788821034 0.2017453784637332
 335.3428636191676 0.20530850798594538
 340.3804283950477 0.20892534406848884
 345.4853907516819 0.2121375912076969
 350.65721150842415 0.21449572858368338
 355.8980473878585 0.21583041312552345
 361.20789838998496 0.21606910379093147
 366.58838205674175 0.2154384741669114
 372.0389592074826 0.21442734155531537
 377.56178656479193 0.21322021231403934
 383.1574033093155 0.21153036665404193
 388.82634862169954 0.2091062277586041
 394.56970086323594 0.2063059982030246
 400.3879992145709 0.2041012930287495
 406.2823220369965 0.2032731468136299
 412.2537476918046 0.20372155029803965
 418.3028153596415 0.20472053501773038
 424.43060340179903 0.205345070836431
 430.63819017956934 0.20524271615023162
 436.9261148735985 0.20502973777403286
 443.29545584517854 0.20466192843656242
 449.7472914556015 0.20365239554056033
 456.2821608855134 0.20220482531110842
 462.9011424962065 0.20056553312381073
 469.6053146489725 0.1989638904635133
 476.39575570510385 0.19796165909174704
 483.27300484524636 0.19745275636433218
 490.23867961133817 0.19635631711950993
 497.2927800033792 0.19476615616224163
 504.4369235633078 0.193548968498215
 511.6721886524157 0.19271884953384769
 518.9991144513491 0.1936019445410711
 526.4187793214002 0.19584462608029424
 533.9322616238609 0.1971599350487025
 541.5422572619613 0.19639612292405714
 549.2471486937634 0.1947287993387362
 557.0437008353911 0.1938769870210964
 564.9426972997649 0.1935493683717103
 572.9441380868848 0.19295965688361594
 581.0426313902905 0.19334492525168331
 589.238177209982 0.19536626119486306
 597.5415591588801 0.1980091550906249
 605.9419936240639 0.2008329659078852
 614.4502642184543 0.20585044129614008
 623.066370942051 0.21183894610020018
 631.784921988394 0.2151807413772672
 640.6113091639434 0.213920887502714
 649.5455324686993 0.20929361148229003
 658.5875919026616 0.2051218228778835
 667.7428792722907 0.202450023470123
 677.0060027711263 0.19969908678930456
 686.3823542056286 0.19941713233605515
 695.8773253822583 0.2038726970957662
 705.480132688094 0.20948969448621105
 715.2015597360572 0.21397099003252684
 725.0416065261475 0.21777597369572288
 735.0002730583648 0.22137598359336058
 745.0721675262489 0.22405077003046106
 755.2680735427205 0.22552284531007027
 765.5879911077794 0.2265864294824073
 776.0265284149655 0.22576157301627245
 786.5836854642786 0.22474109652390362
 797.2702458686397 0.22474367932047384
 808.0862096280484 0.22430762711685442
 819.0207931295843 0.22238423429264595
 830.0901717926282 0.21804448223940753
 841.2835620042596 0.21427280399123194
 852.6063555709386 0.21097092484381902
 864.063944299126 0.20689002652028224
 875.6509363823609 0.20727946023154553
 887.3673318206436 0.2122956881960308
 899.2239142268949 0.2147204041958585
 911.2098999881937 0.21330549612003966
 923.3360727174611 0.210308449904854
 935.5970406082364 0.20506484066175892
 947.9981954669803 0.19678508576670584
 960.5395372936924 0.18874955792089845
 973.221066088373 0.18206796433790845
 986.0373900445618 0.17783763833374897
 999.0046845816396 0.17775797864324527
 1012.1121660866856 0.17877909807856412
 1025.3598345597004 0.17775340692234304
 1038.7584736136039 0.1745176135085696
 1052.3026914419363 0.1705338136219564
 1065.9924880446974 0.1643862450102098
 1079.8332552283475 0.161325479087619
 1093.8196011864263 0.16539586338130252
 1107.9569177253945 0.16560653574987222
 1122.2505966517117 0.15571094502528462
 1136.6898543524578 0.14837759604287887
 1151.2854744405531 0.1421557917396641
 1166.0320651095378 0.13511610793176626
 1180.9350181658715 0.12688843369125338
 1195.999725416015 0.12071984376272973
 1211.2154032470478 0.11594762947107191
 1226.5874434654297 0.10934919347948419
 1242.1212378776215 0.10299447124884155
 1257.8113946771625 0.09409615439810162
 1273.657913864053 0.08346465189417143
 1289.6715790512135 0.07453410846860595
 1305.8469984321837 0.06364591059602304
 1322.1787802005033 0.050207798298470795
 1338.6777079690928 0.03701323904830417
 1355.338389931492 0.027778130819112675
 1372.1662178941617 0.022059480094241007
 1389.1558000506404 0.01774725648720532
 1406.3179200138497 0.01434103602425435
 1423.6364023644087 0.01174326547735753
 1441.1274225216978 0.009731709149095881
 1458.785588679257 0.00812856586448952
 1476.6109008370859 0.006823988849810669
 1494.6087508016456 0.005748305995583647
 1512.7683549600147 0.004853858763728268
 1531.1058887315746 0.004105923236835372
 1549.605176696944 0.0034780661895679296
 1568.2823942755044 0.0029495093639880328
 1587.1267578543345 0.0025035857741460355
 1606.1436592398952 0.0021267540568228995
 1625.3277066257258 0.0018078712776985154
 1644.6896836247472 0.001537715798202815
 1664.2188066240387 0.0013086163555214331
 1683.9258592365204 0.0011141654053946196
 1703.8000578492727 0.0009490001588907856
 1723.8521860752153 0.0008086103849807795
 1744.071460301428 0.0006892056435402068
 1764.4686641408314 0.0005875921653811253
 1785.0384057869653 0.0005010750079834045
 1805.7806852398294 0.00042737607423752735
 1826.6955024994238 0.00036457032359889165
 1847.7882493722088 0.00031102698677617585
 1869.0481422452642 0.00026536595547440217
 1890.48596473151 0.00022641472537619837
 1912.0909332180258 0.0001931793319810801
 1933.8738313177323 0.0001648150671553606
 1955.8292672241691 0.00014060411030823925
 1977.9572409373363 0.00011993577957881117
 2000.2523606507734 0.00010229058755385023
 2022.7254099774013 0.00008722522880948384
 2045.3656053042994 0.00007436283757750306
 2068.178338437928 0.00006338166647343104
 2091.1636093782863 0.00005400726342945145
 2114.321418125375 0.000046005465296118066
 2137.640981066274 0.00003917633426508811
 2161.133081813903 0.00003334919447963774
 2184.7977203682626 0.000028378025880740173
 2208.6241131164315 0.000024138182005178254
 2232.623043671331 0.00002052315916640452
 2256.78372842004 0.000017441824555638982
 2281.1115591690195 0.000014816305938881515
 2305.601144111808 0.00001258001968250366
 2330.257875054867 0.000010675991263194758
 2355.0763601917356 0.00000905552415423919
 2380.056599522414 0.000007677036918002787
 2405.198593046902 0.00000650492397645585
 2430.4969489587393 0.000005508772427752602
 2455.9570590643866 0.000004662583790254303
 2481.573531557383 0.000003944164256381934
 2507.3463664377286 0.0000033345481071004493
 2533.275563705424 0.0000028175208727573402
 2559.3611233604684 0.0000023792874368994194
 2585.592261789942 0.0000020080386829640798
 2611.979762606765 0.0000016937210917787821
 2638.512842198016 0.0000014277618751720245
 2665.191500563696 0.000001202853482190716
 2692.0211295102654 0.0000010127737230381243
 2718.9963372312636 8.522275937573534E-7
 2746.1117319202294 7.167079449189292E-7
 2773.3673135771646 6.023834038385317E-7
 2800.7684740085283 5.059988863307587E-7
 2828.3044296013995 4.2478947024761284E-7
 2855.9751803557797 3.5640761940809665E-7
 2883.780726271667 2.9886231664293147E-7
 2911.7156755426026 2.5046551609223567E-7
 2939.7854199750464 2.0978854805823897E-7
 2967.979175956077 1.7562039172655807E-7
 2996.3023352921564 1.4693669485227641E-7
 3024.7495061768223 1.2287148104400854E-7
 3053.320688610076 1.0269345140676274E-7
 3082.0050989789966 8.578414597103716E-8
 3110.8135208965045 7.162250801098894E-8
 3139.7351707496787 5.976877294898211E-8
 3168.7646567320603 4.985238132350222E-8
 3197.9127624565685 4.156133275648558E-8
 3227.163312503823 3.463303798021962E-8
 3256.5216986802834 2.884652568514841E-8
 3285.9825291794905 2.4016193207163507E-8
 3315.5458040014437 1.9986140804920867E-8
 3345.2007395332225 1.6625440896422088E-8
 3374.9581193877475 1.3824323641059772E-8
 3404.8071599520977 1.1490699775687812E-8
 3434.742469419813 9.547486477494517E-9
 3464.7694395973544 7.930087931912915E-9
 3494.88267867826 6.5844749771524125E-9
 3525.071403049611 5.465463369657766E-9
 3555.3410045178666 4.53527270293705E-9
 3585.691483083027 3.76235919239904E-9
 3616.112055132172 3.1203935207020714E-9
 3646.6027206653007 2.5873831787990577E-9
 3677.1634796824137 2.1450132128101793E-9
 3707.78354857059 1.7780107766114998E-9
 3738.4683191362906 1.4736561280284803E-9
 3769.2123995730544 1.221354579093918E-9
 3800.015789880882 1.0123036369251203E-9
 3830.8677064468525 8.391765115936407E-10
 3861.7681492709658 6.958874442108574E-10
 3892.7117265467623 5.773884539354816E-10
 3923.7038300807008 4.794918674727947E-10
 3954.733676259862 3.9873237357270617E-10
 3985.8012650842456 3.322445288276512E-10
 4016.906596553851 2.776701169098746E-10
 4048.038887055758 2.330744057004809E-10
 4079.198136589967 1.9688063398643841E-10
 4110.378953350018 1.678211909123822E-10
 4141.586729142369 1.4489808668950253E-10
 4172.810680354102 1.2735540355464153E-10
 4204.045415178755 1.1466628961119472E-10
 4235.29632542279 1.0652477114232577E-10
 4266.552627473285 1.0287905902953597E-10
 4297.814321330239 1.0386994673564013E-10
