 0. 0.
 0.24370726048068408 0.12451349830315915
 0.7346351143863035 0.37319754730346677
 1.2326377071511563 0.6232570137518442
 1.7378245383196849 0.8723954372625295
 2.2502890831127553 1.1167718030457197
 2.7701381703542136 1.3518392849508396
 3.297478628867907 1.5732943414347502
 3.832417287477681 1.777778266180452
 4.375067651808874 1.9631525494637934
 4.92552987388384 2.128477457875136
 5.483924136129408 2.2737834467498264
 6.050357267369423 2.3998320079204607
 6.624949450030714 2.5078467000283737
 7.207807512937126 2.5993382904160667
 7.799105052927412 2.675936060107892
 8.398815362795606 2.73929526757297
 9.007272282616231 2.791023220051304
 9.624409044374385 2.8326127886800476
 10.250425952114776 2.865439289439429
 10.88552330988212 2.8907530736968026
 11.529701117676412 2.9096524318107866
 12.18315967954237 2.9231166270549633
 12.846032531509799 2.9319866838743684
 13.518386441593602 2.93697452192786
 14.200488481853398 2.938701090517875
 14.892338652289185 2.9376790157402572
 15.594137256945674 2.934344063942162
 16.306017831852678 2.9290674455265457
 17.028180681054902 2.9221581899165012
 17.760692572567258 2.9138558503042793
 18.503753810434453 2.9043657094973114
 19.257431162671395 2.8938156133714736
 20.021991701337694 2.8823164998670174
 20.797502194448256 2.8699361005067834
 21.584162946047798 2.85675129565531
 22.38210749216612 2.842795278463178
 23.191536136847944 2.8281101710560557
 24.01258241612307 2.8127114698535585
 24.84537986602131 2.7966054346569873
 25.69012879058738 2.7798251618205514
 26.547029493865985 2.7623949061945035
 27.416215511886932 2.7443482608312113
 28.297887148694937 2.7257285330220284
 29.19217794031981 2.7065518670555093
 30.09928819080626 2.686862691930297
 31.019418204199003 2.666687508898783
 31.952701516527842 2.6460247381645803
 32.899405199852396 2.624920548976528
 33.85959602218757 2.603402979987597
 34.83360782360788 2.5815105724022067
 35.821574140143134 2.559273149118328
 36.82369527583805 2.536731377672373
 37.84010476672244 2.5139272631822918
 38.87113645287081 2.490904256539619
 39.91685710229807 2.4677175898107593
 40.977600555078745 2.4444039015114707
 42.05350034724263 2.4210012170478192
 43.14475678283446 2.39762271144422
 44.25163693391384 2.374354128095477
 45.37434110452547 2.351263128411114
 46.513136366728986 2.328398349168047
 47.66815625655418 2.3057446308941794
 48.83973461407558 2.2833303600984833
 50.02800497532299 2.261207299092563
 51.23323441235603 2.2394054896279756
 52.455689997234316 2.217930991811617
 53.695572034002566 2.196792255702475
 54.953214362735295 2.1760245805009784
 56.2287505194623 2.1556820056332606
 57.52244757624321 2.13580858013277
 58.83463937315255 2.1164163277755295
 60.16552621423501 2.097505360031034
 61.51544193956514 2.07905725123409
 62.88452008517273 2.0610403516151066
 64.2731612591472 2.043448777579271
 65.68149899751837 2.0263347049374096
 67.10986714036075 2.009774371614243
 68.55873306377867 1.9937651212781335
 70.02829707181687 1.9782756856718327
 71.5185591644753 1.9633376482470726
 73.03018702190305 1.9490141854037402
 74.56318064410009 1.9353163348343871
 76.11754003106641 1.9221944545459053
 77.69460054310011 1.909583770421008
 79.29369450005215 1.897422656044863
 80.91615726222062 1.8856702933057563
 82.56065346930743 1.874221271465427
 84.22918616175969 1.8629416625435544
 85.92108765942837 1.8517596099615439
 87.6370256424625 1.840638503223602
 89.37766779101113 1.829565660479495
 91.14301410507427 1.8185086584969063
 92.93306458465192 1.807340730085213
 94.74848690989309 1.7959080531523195
 96.5892810807978 1.7840810673066716
 98.45678245766413 1.771816269845748
 100.35032336034304 1.7591159798670009
 102.27057146898359 1.7459576856376682
 104.21819446373478 1.7323600853133307
 106.19319234459664 1.7183700255300012
 108.19623279171819 1.7039793207487894
 110.22731580509945 1.689222549627001
 112.28710906488946 1.674067420202969
 114.37628025123725 1.6584817096340947
 116.49482936414282 1.6424439414266696
 118.64342408375522 1.625923665929505
 120.82139672992538 1.608957779745471
 123.03075034310048 1.5915431315079187
 125.27148492328045 1.5736086949342065
 127.54360047046536 1.555087804173141
 129.84709698465514 1.53601839127534
 132.18397750629697 1.5165328617774956
 134.55290667509274 1.4966554305047206
 136.9552198513405 1.4763360816241926
 139.39158471518937 1.4555112297326203
 141.86200126663928 1.4341219019239875
 144.36713718583934 1.4122603890320278
 146.90766015293852 1.3899988208102911
 149.48357016793682 1.3673250397855117
 152.09553491098336 1.344218186954874
 154.74355438207806 1.3206517090875483
 157.42963162166808 1.2965090653139835
 160.15243126945532 1.2717316464021544
 162.91395636588692 1.2465144324042217
 165.71353923081378 1.2211215962241646
 168.5525152245341 1.195624266543493
 171.43088434704777 1.170047964521684
 174.3499819586529 1.144356522403465
 177.3091403792005 1.1185735916802366
 180.3096949689886 1.0927342663073776
 183.35231340816625 1.066758750642603
 186.43699569673345 1.0406659462326697
 189.5650771949883 1.0145562526401837
 192.73589022278173 0.9885023690318678
 195.95143782056087 0.962459010746313
 199.21105230817668 0.9364297508460134
 202.51606904592725 0.9105488395152668
 205.86715571396164 0.8848635181196972
 209.26497999242883 0.8592033698736726
 212.70887420117987 0.8334405301597879
 216.2015090608108 0.8076307914074918
 219.74154921102365 0.7818146996254124
 223.3309976922655 0.7560349979542085
 226.9698545045363 0.7302817178337208
 230.65945500813422 0.7045756652594871
 234.39913152291018 0.6789117970347212
 238.1908870893113 0.6529678205250048
 242.03472170733758 0.6267971282378235
 245.93130305713802 0.6005486888658143
 249.88129881886178 0.5742843509017066
 253.8860443528068 0.5481229276342479
 257.94553965897313 0.5221233918400575
 262.06045241750985 0.4963320325151431
 266.23211798871506 0.47093045219704743
 270.4605363725887 0.44602656127909923
 274.74771060957784 0.4215780668727494
 279.0923053393845 0.39772861759449135
 283.4969912826048 0.37451112572977635
 287.96176843923877 0.35194023724897056
 292.4873044894354 0.33033352237847297
 297.0742671133438 0.3098324558132119
 301.72399167126196 0.2902749126080481
 306.43647816319 0.27163893881561385
 311.21372962957486 0.25433481974126554
 316.0550783902677 0.23849059931400604
 320.9625274857155 0.22409251532717112
 325.93607691591836 0.2111019892653132
 330.9770620411743 0.19940752013910173
 336.08681822178136 0.1887548315539981
 341.2646777775906 0.178925062449112
 346.5126437490491 0.17005488635088936
 351.8313838163059 0.16247389936540507
 357.22223333965906 0.1563099944141317
 362.6851923191086 0.151530097182209
 368.2209284348035 0.14789610151505742
 373.831444727191 0.14505336358435097
 379.5174088764201 0.1428433949126916
 385.27948856263976 0.1412288979179946
 391.1183514659991 0.1401454750754651
 397.03466526664715 0.1394544712767761
 403.0311006851801 0.13905179627335915
 409.1063223612998 0.13895321536990085
 415.2630010156024 0.1391914690135066
 421.501136648088 0.13969042476908675
 427.8227322992036 0.14028675723257963
 434.22712028880034 0.1407240995038145
 440.7169713374742 0.14070401338008356
 447.29228544522516 0.14006009684211237
 453.9550656525006 0.13883111777355078
 460.7046442791512 0.13719074343704477
 467.54369204577324 0.13539377710762693
 474.47287663251575 0.1336359143433871
 481.4928657195278 0.13192350070882092
 488.60499466710735 0.13027440776528684
 495.8099311554036 0.12893810883767873
 503.1090105447146 0.12823925747124743
 510.50356819533835 0.12827467409334478
 517.9942717874239 0.1287122463270574
 525.5824566812695 0.12888505791496563
 533.2694582371729 0.12825106409864934
 541.0559441352835 0.1269155323943678
 548.9432497358991 0.12539163061030523
 556.9327103993181 0.12410931732646217
 565.0249938056891 0.12332726865390292
 573.2214353153106 0.12301646246697033
 581.5233702884804 0.12291569699152166
 589.9321340854967 0.12285593751001837
 598.4483943865085 0.12296249856121043
 607.074154231963 0.12341767930346555
 615.8094136218601 0.12393941667263515
 624.6561755966471 0.12403528146288068
 633.6157755166217 0.12345223058303098
 642.6888810619333 0.12247801994183789
 651.87682759288 0.12152029731224176
 661.1809504697598 0.12060247494522856
 670.6045880933176 0.11992028332031934
 680.1457374231065 0.11966622668857013
 689.8003923782326 0.11964914385084682
 699.5819065616761 0.12035237462676368
 709.4902799734374 0.1231040264877388
 719.518835812026 0.1273322107307586
 729.667574077442 0.13051438958552317
 739.949848372666 0.13226756624534675
 750.3523050947173 0.13351689257533614
 760.8882978465767 0.13474358727319524
 771.5578266282441 0.13575916282868686
 782.3542146382295 0.13561334997952315
 793.2841386780227 0.1340079763638931
 804.3475987476241 0.13159522032459567
 815.5445948470336 0.12838872786109604
 826.8818037777417 0.12531271375033182
 838.3525487382578 0.12335386690017625
 849.9635065300724 0.12256699810967821
 861.721353954676 0.12394226722607654
 873.6127374090876 0.1269248774671276
 885.6510104962882 0.12977969659972788
 897.8361732162778 0.1329674508718671
 910.1682255690562 0.13620529947111282
 922.6404907531331 0.13848258546945375
 935.2663223714893 0.13987619479818328
 948.0457204241249 0.14048108010732954
 960.9720081095493 0.14021298431135543
 974.0451854277626 0.14106494712711823
 987.2786059817458 0.14356519925746594
 1000.6722697714987 0.14445417263029225
 1014.2128231940404 0.14271543068836273
 1027.9202966538423 0.14046886420499657
 1041.7813365479235 0.13959916440009534
 1055.8026196777744 0.14008585989162428
 1069.9908228448855 0.139149581912239
 1084.3392692477662 0.13668155519386377
 1098.8479588864168 0.1347497676003993
 1113.5302453638178 0.13388155736020124
 1128.3727750769885 0.13396898948496352
 1143.38890162891 0.1333616270179452
 1158.5719482180914 0.12979175196456705
 1173.9285916460233 0.12367606850409582
 1189.4588319127058 0.11778725902854632
 1205.1626690181388 0.11601190183971484
 1221.033426160832 0.11702744076803766
 1237.0911337452565 0.11833041150573034
 1253.3224381684313 0.11873024731820199
 1269.727339430357 0.11771246264184673
 1286.3191911340139 0.11452735314140353
 1303.091316477912 0.10965312676327157
 1320.0437154620506 0.10529654002079836
 1337.1830648879209 0.10051276138476654
 1354.502687954032 0.09759128721526913
 1372.0092614618743 0.09883415217359952
 1389.7094622129384 0.10318478122748628
 1407.5899366042436 0.10765806354125136
 1425.6640382387704 0.10857583662569821
 1443.9250903150287 0.10528000195594493
 1462.3797696345086 0.0988801016021482
 1481.0347529987007 0.08830306789936938
 1499.8766868046243 0.07852126846704692
 1518.9122478537695 0.072728299977912
 1538.148112947627 0.06939677922155522
 1557.577605284706 0.0660726247958058
 1577.2007248650068 0.0617216179573844
 1597.0308252915104 0.05862311974519415
 1617.0612297627258 0.05793680139457796
 1637.2852614771632 0.05573264520762885
 1657.7162740378033 0.0494622240375841
 1678.3475906431552 0.038925280907843834
 1699.1858880947102 0.02832078198944157
 1720.2244895909766 0.022228204364305535
 1741.4767487349363 0.0182958083302602
 1762.9226351221182 0.014766351871363973
 1784.5821791569924 0.012016897291121003
 1806.4487040380695 0.009914797004130177
 1828.522209765349 0.00802989836046875
 1850.8093731403217 0.006478855781180462
 1873.2968405600063 0.005288481354040482
 1896.0046424288746 0.004364386133642171
 1918.9127483424547 0.003628328169061994
 1942.0411887052185 0.003031199760709466
 1965.3766099141844 0.002541084919434629
 1988.9256887708436 0.0021357305962003427
 2012.6817484737053 0.0017986839457291208
 2036.6581426257503 0.0015173430328628973
 2060.8415176239982 0.001281800111446959
 2085.245227071429 0.001084125516569013
 2109.855917365063 0.000917896880473466
 2134.6869421078795 0.0007778797458143408
 2159.724947696899 0.0006597615295747833
 2184.983287735102 0.0005599884422158495
 2210.455285420998 0.00047561158253334537
 2236.1409407545866 0.0004041792546302095
 2262.0402537358686 0.0003436481570488432
 2288.1599011663334 0.0002923099360697458
 2314.4865294430015 0.0002487335536817366
 2341.0334921688523 0.00021171971922770693
 2367.787435740906 0.00018025982931219617
 2394.7617137621432 0.00015350536881598157
 2421.949649431073 0.00013074099920650252
 2449.351242747696 0.0001113633186046011
 2476.959816910521 0.00009486175584162571
 2504.78872552253 0.0000808055633385181
 2532.8246149807414 0.00006882873358075689
 2561.074162086646 0.000058621914406320384
 2589.5373668402435 0.000049922175220701244
 2618.2142292415338 0.0000425062491187217
 2647.0913956875365 0.00003618445294124811
 2676.1822197812317 0.00003079542377587648
 2705.48670152262 0.000026201766113390123
 2734.9914873087205 0.0000222865277578098
 2764.709930742514 0.000018949951839698847
 2794.62867822102 0.000016107056531801227
 2824.754406545728 0.000013685333912387739
 2855.0804389151485 0.00001162294423437748
 2885.6134521307717 0.000009867085888754661
 2916.346769391107 0.000008372680856190755
 2947.280390696154 0.000007101254842357224
 2978.4143160459134 0.0000060199709024764896
 3009.7418686388946 0.000005100761570219294
 3041.2697252765884 0.000004319680555555862
 3072.9912091575034 0.000003656277757713056
 3104.90632028164 0.0000030930910770576336
 3137.0150586489985 0.000002615221436283379
 3169.317424259579 0.0000022099565773233666
 3201.8000635104004 0.0000018664427653623595
 3234.4763300044433 0.0000015754310286700256
 3267.3328701387277 0.000001329032868247314
 3300.3696839132526 0.0000011205278902292635
 3333.5934481295085 9.441911962869536E-7
 3366.9974859860063 7.95145001975381E-7
 3400.5751206812533 6.692394415344675E-7
 3434.326352215252 5.629463385341035E-7
 3468.2578573894916 4.732632078549353E-7
 3502.3562826009907 3.9764041289737166E-7
 3536.6216278497504 3.3391081267415086E-7
 3571.0538931357696 2.8023746485523195E-7
 3605.646401657559 2.350608334440043E-7
 3640.4058302166086 1.9705736743950263E-7
 3675.318825209937 1.6510807967366356E-7
 3710.392063439036 1.3826410129885612E-7
 3745.6188681024137 1.1572310164960268E-7
 3780.999239200071 9.680616583214517E-8
 3816.5198231290265 8.094005344557312E-8
 3852.1939734922616 6.764018435289277E-8
 3888.0083366867943 5.649783071928704E-8
 3923.9562359111364 4.7168221256553214E-8
 3960.0510247682673 3.9360651021627175E-8
 3996.2726728537154 3.2830359103812956E-8
 4032.627856968971 2.73712947765538E-8
 4069.1099003125455 2.2810082274163446E-8
 4105.7188028844375 1.9001060278086576E-8
 4142.441211081666 1.582168332653197E-8
 4179.290478507212 1.3169164415552954E-8
 4216.253251558095 1.0957277800946911E-8
 4253.322853432825 9.113632915119509E-9
 4290.505960932892 7.577653893037302E-9
 4327.795897256805 6.2985116283583815E-9
 4365.179308801584 5.233737156971973E-9
 4402.662872368718 4.347753771172659E-9
 4440.246587958209 3.61083542832347E-9
 4477.917101967076 2.998142812064977E-9
 4515.6744143953165 2.4889177598763428E-9
 4553.518525242934 2.065852811253947E-9
 4591.436080906945 1.7144944666902674E-9
 4629.43375818884 1.4228012998097159E-9
 4667.504880287131 1.180733614674596E-9
 4705.649447201816 9.799410818459529E-10
 4743.854105329914 8.134622263069502E-10
 4782.118854671427 6.75514058610052E-10
 4820.437018424862 5.612942468362281E-10
 4858.815273391711 4.668130531501041E-10
 4897.240265968993 3.887643238843474E-10
 4935.711996156708 3.2441414130360744E-10
 4974.230463954856 2.715069863808487E-10
 5012.782315760455 2.2818931280305442E-10
 5051.367551573507 1.9295154593096314E-10
 5089.97949459252 1.6457762447161218E-10
 5128.624821618985 1.4211135443625682E-10
 5167.290179049922 1.2483331332371648E-10
 5205.968890083839 1.1225147570714174E-10
 5244.667631522228 1.0409859914971537E-10
 5283.373049762106 1.0036175503235089E-10
 5322.0851448034755 1.0105236824427166E-10
