 0. 0.
 0.19680417088568017 0.05672822655527031
 0.5932496812164626 0.15663864773396524
 0.9954083496726038 0.2450100977566891
 1.403368601880053 0.3226303284565947
 1.8172059231292548 0.3903095968768291
 2.237006582323574 0.4489908459491348
 2.662856848366376 0.49975032181024603
 3.0948429901610264 0.543715347008747
 3.53305666841735 0.5819653258140072
 3.977578760232252 0.6154628077546305
 4.428506318122019 0.6450141247755663
 4.8859256109900135 0.6712785377384669
 5.3499336913525255 0.6947877418350407
 5.820616828112916 0.7159797422063657
 6.298115208239157 0.7352197476173213
 6.782407264505404 0.7528111821098591
 7.273762587234675 0.7690046007454056
 7.772127258362366 0.7839942595186434
 8.277663032082287 0.7979222139473346
 8.790531662588249 0.8108866056613342
 9.310733149880251 0.8229569573752264
 9.838429248152101 0.8341887802711713
 10.373727793533009 0.8446311052270398
 10.916682704087574 0.8543346251558145
 11.467509652074213 0.8633506980116494
 12.026208637492923 0.8717312858009629
 12.592941414537515 0.8795244744321874
 13.167815819337195 0.8867684436735138
 13.750993606085773 0.8935025385881604
 14.342528692847855 0.8997519707611857
 14.942582833817246 0.9055609621204929
 15.55120994705855 0.910980418741175
 16.168625704830184 0.9160806205253663
 16.794884025196744 0.9209509142177242
 17.430146662352048 0.9256492782669117
 18.074521452425294 0.9302115992186469
 18.7281701496103 0.9346357289205176
 19.39120059003627 0.9389071347288189
 20.063720609832405 0.9430032703130442
 20.745891963192523 0.9469018899519305
 21.43787640431043 0.9505647145684039
 22.139781769315327 0.9539579520716682
 22.85176981240103 0.9570440362004374
 23.573948369696748 0.9598299614092693
 24.30647919539628 0.962358546634024
 25.049524043693452 0.9646799540923984
 25.803190750717455 0.9668397044826748
 26.56769498872671 0.9688748262562596
 27.34309067578582 0.9708060340695319
 28.129647402217792 0.972618032214752
 28.92747300415185 0.9742955985174873
 29.736729235781784 0.9758394262836333
 30.55752393323682 0.9772818275872917
 31.390126686839956 0.9786311594545756
 32.2345914146558 0.9798720094919146
 33.091187707007386 0.9809811209262939
 33.96002340002389 0.9819589401495677
 34.84126024789915 0.9828412955444694
 35.735113922891564 0.9836913886831603
 36.641746179194946 0.9845564697792988
 37.5613726890677 0.9854011561835612
 38.494101288639044 0.9860920818157886
 39.440201568232 0.9865432775192776
 40.39978136397575 0.9867433069695474
 41.37305634812873 0.9867158543478728
 42.36024219294933 0.9864687463735177
 43.36150065263139 0.9860175165650238
 44.3771013174979 0.9853147564136102
 45.40715202367809 0.9842812991756047
 46.45186844343034 0.9828924793510089
 47.511520167077705 0.9812138356089988
 48.58626894881396 0.9793624237898596
 49.676384378962155 0.9773649780995811
 50.781974293651466 0.9751531414257055
 51.90336220126953 0.972618032214752
 53.04065593794554 0.9696014754910857
 54.19412509400252 0.9659507446618466
 55.3641470958927 0.9616183759276125
 56.55088369780988 0.9566881464828944
 57.75433489975406 0.9513297567160405
 58.97503988237128 0.9457159874413713
 60.21299864566153 0.9399657780125721
 61.46821118962482 0.9340434650834624
 62.741755875553196 0.9278706860682377
 64.03309352280066 0.9213626100438982
 65.34330249265923 0.9144655309692455
 66.67130442383689 0.9071705762956719
 68.01871685827172 0.899463763119964
 69.38500061531765 0.8913213835559158
 70.77069487562078 0.8827094650901225
 72.17633881982708 0.8737199829344995
 73.60193244793659 0.8645412608475643
 75.0474757599493 0.8552653954721923
 76.51350793651123 0.8458887335697081
 78.00002897762239 0.8363819755766959
 79.50811724457483 0.8267462504192815
 81.03723355672255 0.8169765211844424
 82.58791709471157 0.8070506598453132
 84.1607070391879 0.7969453522588668
 85.75560339015156 0.7866433524597222
 87.37314532824857 0.7761363295524282
 89.01333285347894 0.7654921785744836
 90.67670514648871 0.7547968743764885
 92.36380138792391 0.7441225809579389
 94.07462157778453 0.7335029258570267
 95.8097048967166 0.7228814336498872
 97.56851216407408 0.7120835987300864
 99.3526609217951 0.7009472612655558
 101.16215116987962 0.689340947193391
 102.9969829083277 0.6771827800907713
 104.85715613713926 0.664522251694895
 106.74428839825244 0.651391260728921
 108.65730133037519 0.6377055297741078
 110.59727329479954 0.6235042498425195
 112.56474347217154 0.6089038869917172
 114.5597118624912 0.5940496139712376
 116.58271764640455 0.5790929822024536
 118.6343000045576 0.5642083208437476
 120.71445893695035 0.5496050015750894
 122.82373362422888 0.5354339892556733
 124.96212406639313 0.5217668542849524
 127.13124780538125 0.5085125802093295
 129.33002647990114 0.49542707430518523
 131.5600776318909 0.48224569891031416
 133.82086208070447 0.46864504598120704
 136.11345818763397 0.45445807319586184
 138.4378659526794 0.4396359439290932
 140.79516373713278 0.42426168331185243
 143.1848123603481 0.4086679781931061
 145.60789018361746 0.3931654564430327
 148.0649363875868 0.37778890406870314
 150.55595097225623 0.3625724938182511
 153.08201229891773 0.34772761410417913
 155.64258118692533 0.3334246362196762
 158.23927517821707 0.3197653380219621
 160.87155509214696 0.3067801978885149
 163.54049929000703 0.2944374971347549
 166.24664695244334 0.2827365135502324
 168.99053726010192 0.27166985551860695
 171.77163103233673 0.2612901355550331
 174.5920849917319 0.2518431358564891
 177.45082077699539 0.24355618451973501
 180.34945593006523 0.23643276136268715
 183.28799045094146 0.23027659300470738
 186.26750270091617 0.22490840043037713
 189.28745349934331 0.22031605173709162
 192.349460388161 0.21648492792139754
 195.45352336736914 0.21339237795064506
 198.60018161761388 0.21107288516273964
 201.78997431954122 0.2095327305540764
 205.02397983444317 0.20863527010918628
 208.3021981623198 0.20823685041774118
 211.6251684838171 0.20824577028276092
 214.99396916022718 0.20859000817154344
 218.40860019155 0.20920965177172737
 221.87067911972363 0.21007481908786077
 225.37912758345607 0.21114290850188608
 228.9361023053314 0.21230717162433177
 232.54160328534965 0.21337351726128423
 236.19616970415686 0.2140577825333545
 239.90034074239904 0.21407423297703032
 243.65519476136825 0.21326576173884557
 247.4607317610645 0.21169330439198045
 251.3185692834259 0.20963520577358044
 255.22816814780637 0.2074796849445677
 259.19114589614406 0.2054744962451358
 263.20750252843897 0.20361590884400455
 267.27831640598316 0.2018698273762417
 271.40466589006866 0.20033135730801865
 275.58601180004945 0.19911806569996296
 279.82397167786365 0.198222843863546
 284.1190847041573 0.19751800827175955
 288.47242924022237 0.19690539817865885
 292.88400528605894 0.1964987531504483
 297.3543520223131 0.19664226676307164
 301.88508699092284 0.19754210487663043
 306.47674937253424 0.1987879887302103
 311.1298783477933 0.19977793948220937
 315.8450130973461 0.20046401974231312
 320.6226928018387 0.20110908703252164
 325.4650741838551 0.20170566905443846
 330.3710788821034 0.2020263821113751
 335.3428636191676 0.20196852656762665
 340.3804283950477 0.20154809719734634
 345.4853907516819 0.20084703145349161
 350.65721150842415 0.20011875979060403
 355.8980473878585 0.19959616334633745
 361.20789838998496 0.19923017117995429
 366.58838205674175 0.19860394259919734
 372.0389592074826 0.1971989899307928
 377.56178656479193 0.19481264347808208
 383.1574033093155 0.19156623485425583
 388.82634862169954 0.18784385815374147
 394.56970086323594 0.18447044756428643
 400.3879992145709 0.18256909284985381
 406.2823220369965 0.18240984041976863
 412.2537476918046 0.1829963309530869
 418.3028153596415 0.1837162271269993
 424.43060340179903 0.1847389759994981
 430.63819017956934 0.1859555618467392
 436.9261148735985 0.18715224762087446
 443.29545584517854 0.18867245434009916
 449.7472914556015 0.19073783381770357
 456.2821608855134 0.19315529214276542
 462.9011424962065 0.1957082391944941
 469.6053146489725 0.1982062492426506
 476.39575570510385 0.20077071885962897
 483.27300484524636 0.20315965319607393
 490.23867961133817 0.20586867540866324
 497.2927800033792 0.20993606417759514
 504.4369235633078 0.2145307256456497
 511.6721886524157 0.21688996355532308
 518.9991144513491 0.21636047922417986
 526.4187793214002 0.214626667688654
 533.9322616238609 0.213239268038056
 541.5422572619613 0.2125479982365882
 549.2471486937634 0.21283910318917273
 557.0437008353911 0.21377521602852154
 564.9426972997649 0.21398798966917315
 572.9441380868848 0.21299522602193172
 581.0426313902905 0.21130687754772223
 589.238177209982 0.20908161308006376
 597.5415591588801 0.2059177303127356
 605.9419936240639 0.2013513913957313
 614.4502642184543 0.19559807200471094
 623.066370942051 0.19033041405247525
 631.784921988394 0.18861665763415064
 640.6113091639434 0.1898554807021063
 649.5455324686993 0.18984590061165565
 658.5875919026616 0.1893327612703633
 667.7428792722907 0.1912413351709505
 677.0060027711263 0.19593885542837072
 686.3823542056286 0.19993826125797548
 695.8773253822583 0.2013394753039809
 705.480132688094 0.2043182696186595
 715.2015597360572 0.21027201396108006
 725.0416065261475 0.2142238558980045
 735.0002730583648 0.2147695994847822
 745.0721675262489 0.2125913253352881
 755.2680735427205 0.21069780990296283
 765.5879911077794 0.21330077918346058
 776.0265284149655 0.21887490685454056
 786.5836854642786 0.22125201225647534
 797.2702458686397 0.21900570149114718
 808.0862096280484 0.21435893270940357
 819.0207931295843 0.2111777282179864
 830.0901717926282 0.21282492105516398
 841.2835620042596 0.21423830668302185
 852.6063555709386 0.21223133304770506
 864.063944299126 0.21009710714781207
 875.6509363823609 0.20784641777968058
 887.3673318206436 0.20264757245462447
 899.2239142268949 0.19302903387259068
 911.2098999881937 0.185244159473562
 923.3360727174611 0.17771290940321743
 935.5970406082364 0.1722041629965933
 947.9981954669803 0.17095898616570923
 960.5395372936924 0.17029560781773503
 973.221066088373 0.1688354810589716
 986.0373900445618 0.16659644898223755
 999.0046845816396 0.16740376826493733
 1012.1121660866856 0.16987036953492002
 1025.3598345597004 0.16643470120883852
 1038.7584736136039 0.15926500657791204
 1052.3026914419363 0.15029902290320368
 1065.9924880446974 0.14486122666571066
 1079.8332552283475 0.143427898652104
 1093.8196011864263 0.13856030654637266
 1107.9569177253945 0.13693738197057861
 1122.2505966517117 0.1394220091665735
 1136.6898543524578 0.13779097932707124
 1151.2854744405531 0.13728424986225274
 1166.0320651095378 0.13970289173782574
 1180.9350181658715 0.14300015922323306
 1195.999725416015 0.1403222739406685
 1211.2154032470478 0.12817952686030692
 1226.5874434654297 0.11372116253900258
 1242.1212378776215 0.09881110492845649
 1257.8113946771625 0.07887322784879044
 1273.657913864053 0.05906800321208843
 1289.6715790512135 0.04845871678093125
 1305.8469984321837 0.040429442454312986
 1322.1787802005033 0.03329821502617231
 1338.6777079690928 0.02790263138665845
 1355.338389931492 0.024220668409869677
 1372.1662178941617 0.02076249274818898
 1389.1558000506404 0.017118180161910867
 1406.3179200138497 0.014034102549251097
 1423.6364023644087 0.011765685074167259
 1441.1274225216978 0.010083316780242421
 1458.785588679257 0.008774408863241118
 1476.6109008370859 0.007713966947078178
 1494.6087508016456 0.006828597667582126
 1512.7683549600147 0.006072715678859396
 1531.1058887315746 0.005416652721710483
 1549.605176696944 0.004840326441872919
 1568.2823942755044 0.004329634206435818
 1587.1267578543345 0.0038743468429129745
 1606.1436592398952 0.0034667658853701857
 1625.3277066257258 0.003100911941389767
 1644.6896836247472 0.002771964281605976
 1664.2188066240387 0.0024759665767563033
 1683.9258592365204 0.0022095552830466688
 1703.8000578492727 0.0019698222597039406
 1723.8521860752153 0.0017542108409542739
 1744.071460301428 0.0015604435308833459
 1764.4686641408314 0.0013864741558053987
 1785.0384057869653 0.0012304426361735613
 1805.7806852398294 0.001090667784165547
 1826.6955024994238 0.0009656061529129392
 1847.7882493722088 0.0008538511844243783
 1869.0481422452642 0.0007541203346359378
 1890.48596473151 0.0006652363954917503
 1912.0909332180258 0.0005861249952073237
 1933.8738313177323 0.0005158061663040764
 1955.8292672241691 0.00045338560728933503
 1977.9572409373363 0.00039805048869938006
 2000.2523606507734 0.00034906050449816655
 2022.7254099774013 0.00030574535690978103
 2045.3656053042994 0.00026749813383247415
 2068.178338437928 0.00023376887519963027
 2091.1636093782863 0.000204062231704972
 2114.321418125375 0.00017793139951054247
 2137.640981066274 0.00015497482258869358
 2161.133081813903 0.00013483169731778402
 2184.7977203682626 0.00011717930238320341
 2208.6241131164315 0.00010172838660696233
 2232.623043671331 0.00008822051661382445
 2256.78372842004 0.00007642521308676724
 2281.1115591690195 0.00006613777623391147
 2305.601144111808 0.000057175730474535366
 2330.257875054867 0.000049377386094091145
 2355.0763601917356 0.00004259929955969288
 2380.056599522414 0.00003671469290278181
 2405.198593046902 0.00003161139287115892
 2430.4969489587393 0.000027190734738491526
 2455.9570590643866 0.000023365429494407837
 2481.573531557383 0.000020058907071299447
 2507.3463664377286 0.000017203891505768128
 2533.275563705424 0.000014741313498053816
 2559.3611233604684 0.000012619424527433063
 2585.592261789942 0.000010793044567099466
 2611.979762606765 0.000009222567845096232
 2638.512842198016 0.000007873528919439243
 2665.191500563696 0.000006715851529025662
 2692.0211295102654 0.000005723370442699353
 2718.9963372312636 0.00000487333646539692
 2746.1117319202294 0.000004146018575928849
 2773.3673135771646 0.0000035242777525364756
 2800.7684740085283 0.000002993293853232316
 2828.3044296013995 0.000002540225569760665
 2855.9751803557797 0.000002154005704910288
 2883.780726271667 0.0000018250591743731295
 2911.7156755426026 0.0000015451443655990642
 2939.7854199750464 0.0000013071606339541773
 2967.979175956077 0.0000011049965416689998
 2996.3023352921564 9.334093680550678E-7
 3024.7495061768223 7.878943275360893E-7
 3053.320688610076 6.645909639116353E-7
 3082.0050989789966 5.601933311941855E-7
 3110.8135208965045 4.718724596542455E-7
 3139.7351707496787 3.972096388269876E-7
 3168.7646567320603 3.341422813980028E-7
 3197.9127624565685 2.8090751549881837E-7
 3227.163312503823 2.3600748452502645E-7
 3256.5216986802834 1.9816290144304517E-7
 3285.9825291794905 1.6628792321248576E-7
 3315.5458040014437 1.3945919688030014E-7
 3345.2007395332225 1.1689329353798188E-7
 3374.9581193877475 9.792517810147526E-8
 3404.8071599520977 8.199150850903062E-8
 3434.742469419813 6.861517197629938E-8
 3464.7694395973544 5.7392645420781734E-8
 3494.88267867826 4.7982667806187976E-8
 3525.071403049611 4.00970892093196E-8
 3555.3410045178666 3.349277198247366E-8
 3585.691483083027 2.79645561909576E-8
 3616.112055132172 2.3339545469172816E-8
 3646.6027206653007 1.947232349433317E-8
 3677.1634796824137 1.6240441700103423E-8
 3707.78354857059 1.3540906649668146E-8
 3738.4683191362906 1.1287238714904687E-8
 3769.2123995730544 9.40685962225666E-9
 3800.015789880882 7.838861546860768E-9
 3830.8677064468525 6.532172672787995E-9
 3861.7681492709658 5.444052827104411E-9
 3892.7117265467623 4.538744135692279E-9
 3923.7038300807008 3.786350673097492E-9
 3954.733676259862 3.161947133427784E-9
 3985.8012650842456 2.644730110507606E-9
 4016.906596553851 2.217446895467239E-9
 4048.038887055758 1.8657799159731803E-9
 4079.198136589967 1.5779183246895342E-9
 4110.378953350018 1.3441748451604233E-9
 4141.586729142369 1.1566760833107469E-9
 4172.810680354102 1.0091027777562183E-9
 4204.045415178755 8.965032136744295E-10
 4235.29632542279 8.151038586646124E-10
 4266.552627473285 7.622260872230183E-10
 4297.814321330239 7.362301533774543E-10
