 0.24370726048068408 0.9999717604756556
 0.7346351143863035 1.0002505039119085
 1.2326377071511563 1.001009307690304
 1.7378245383196849 1.0022689583299706
 2.2502890831127553 1.0039999376766924
 2.7701381703542136 1.0060697209171716
 3.297478628867907 1.0083479750345579
 3.832417287477681 1.0106740458384076
 4.375067651808874 1.012953162126553
 4.92552987388384 1.015118817680747
 5.483924136129408 1.0170816655594677
 6.050357267369423 1.0188544076379027
 6.624949450030714 1.0204611717223007
 7.207807512937126 1.0218588659822807
 7.799105052927412 1.0231829054098318
 8.398815362795606 1.024352406690351
 9.007272282616231 1.0253755399604783
 9.624409044374385 1.0264071794317056
 10.250425952114776 1.027340542100691
 10.88552330988212 1.0282363250156008
 11.529701117676412 1.0291713340471684
 12.18315967954237 1.0301103888522258
 12.846032531509799 1.0310546573932153
 13.518386441593602 1.0320314392215328
 14.200488481853398 1.0330625596433907
 14.892338652289185 1.0340996049346372
 15.594137256945674 1.0351618046063047
 16.306017831852678 1.0362335605015374
 17.028180681054902 1.0372797272912222
 17.760692572567258 1.0383508479592485
 18.503753810434453 1.0394181966646507
 19.257431162671395 1.0404253140671318
 20.021991701337694 1.0413924970590358
 20.797502194448256 1.0423140712548957
 21.584162946047798 1.0431580756870922
 22.38210749216612 1.0439364410015137
 23.191536136847944 1.0446227732896023
 24.01258241612307 1.0452045816801239
 24.84537986602131 1.0456708767094411
 25.69012879058738 1.0459868779255974
 26.547029493865985 1.0461483522492647
 27.416215511886932 1.0461719152029523
 28.297887148694937 1.0460210733710928
 29.19217794031981 1.045706744548098
 30.09928819080626 1.0452518140430502
 31.019418204199003 1.0446302774677467
 31.952701516527842 1.0438262396125795
 32.899405199852396 1.042851480194432
 33.85959602218757 1.041681795326248
 34.83360782360788 1.040122430700028
 35.821574140143134 1.03885458431945
 36.82369527583805 1.0372101540703456
 37.84010476672244 1.0353766056168352
 38.87113645287081 1.033373159749005
 39.91685710229807 1.0311882051114694
 40.977600555078745 1.0288120619645036
 42.05350034724263 1.0262785628980193
 43.14475678283446 1.0235397912956676
 44.25163693391384 1.0205972137298163
 45.37434110452547 1.0175026167009822
 46.513136366728986 1.0142089265329368
 47.66815625655418 1.0107228336400453
 48.83973461407558 1.0070442666412853
 50.02800497532299 1.0031674095037617
 51.23323441235603 0.9990781880444648
 52.455689997234316 0.9947561854796367
 53.695572034002566 0.9901817569778635
 54.953214362735295 0.9853555437576009
 56.2287505194623 0.9802971565718602
 57.52244757624321 0.9749825090413325
 58.83463937315255 0.9693885282028015
 60.16552621423501 0.9635196539506113
 61.51544193956514 0.9573157880390606
 62.88452008517273 0.9507932156817294
 64.2731612591472 0.9439738621804782
 65.68149899751837 0.936839792152139
 67.10986714036075 0.9293962484961888
 68.55873306377867 0.9216564531474062
 70.02829707181687 0.9136009701375603
 71.5185591644753 0.9052088830237879
 73.03018702190305 0.8964828929729226
 74.56318064410009 0.8874585513224905
 76.11754003106641 0.87812853632064
 77.69460054310011 0.8685292223332849
 79.29369450005215 0.8586650741622004
 80.91615726222062 0.8485859687450602
 82.56065346930743 0.8382763622865287
 84.22918616175969 0.8277204465906729
 85.92108765942837 0.8169369702116276
 87.6370256424625 0.8058643521307587
 89.37766779101113 0.7945460513136166
 91.14301410507427 0.7829952716320393
 92.93306458465192 0.7712347867179993
 94.74848690989309 0.7592566072717727
 96.5892810807978 0.7470566987220199
 98.45678245766413 0.7346753134959565
 100.35032336034304 0.7221289818375748
 102.27057146898359 0.7094264143831209
 104.21819446373478 0.6965726309012343
 106.19319234459664 0.6836109375399414
 108.19623279171819 0.6705034342849774
 110.22731580509945 0.6573240127245309
 112.28710906488946 0.6440504238019353
 114.37628025123725 0.6306879161971435
 116.49482936414282 0.6172564016584885
 118.64342408375522 0.6037401099459715
 120.82139672992538 0.5901290533753738
 123.03075034310048 0.5764293509137177
 125.27148492328045 0.5626686869520754
 127.54360047046536 0.5488194887423297
 129.84709698465514 0.5349095346593846
 132.18397750629697 0.5210225799990436
 134.55290667509274 0.5072171590081513
 136.9552198513405 0.4935042705039785
 139.39158471518937 0.4798763492454466
 141.86200126663928 0.4662999409100744
 144.36713718583934 0.4527707689070718
 146.90766015293852 0.43929298736444805
 149.48357016793682 0.4258165280519139
 152.09553491098336 0.4123352187384365
 154.74355438207806 0.3989172696705582
 157.42963162166808 0.38556979348525144
 160.15243126945532 0.3722455570879638
 162.91395636588692 0.3589122903095191
 165.71353923081378 0.3455709229032054
 168.5525152245341 0.33226850804693725
 171.43088434704777 0.31908621584587044
 174.3499819586529 0.30606723504645744
 177.3091403792005 0.29325670114727337
 180.3096949689886 0.2806436178763267
 183.35231340816625 0.26823286719111106
 186.43699569673345 0.25603322465085177
 189.5650771949883 0.2440749304513275
 192.73589022278173 0.23237545956556216
 195.95143782056087 0.22090992929027645
 199.21105230817668 0.20970835188404138
 202.51606904592725 0.19883478317101821
 205.86715571396164 0.18826866936993775
 209.26497999242883 0.17794728907292756
 212.70887420117987 0.16786645490382582
 216.2015090608108 0.15801500031828533
 219.74154921102365 0.14839165096403353
 223.3309976922655 0.1390741865767714
 226.9698545045363 0.13008755326277538
 230.65945500813422 0.12144347971248136
 234.39913152291018 0.11316212228067514
 238.1908870893113 0.10521415549125022
 242.03472170733758 0.09760439267915677
 245.93130305713802 0.09031290798479731
 249.88129881886178 0.08347990290051446
 253.8860443528068 0.07657344932380603
 257.94553965897313 0.07006829481641695
 262.06045241750985 0.06378994042295598
 266.23211798871506 0.057769275530647674
 270.4605363725887 0.052037157224676604
 274.74771060957784 0.046633059158026034
 279.0923053393845 0.04159614989071307
 283.4969912826048 0.03690732733416012
 287.96176843923877 0.03257813419651553
 292.4873044894354 0.028631564914218817
 297.0742671133438 0.02504839404544956
 301.72399167126196 0.021791507724237148
 306.43647816319 0.018823042811043394
 311.21372962957486 0.01613640370577433
 316.0550783902677 0.013737120644835376
 320.9625274857155 0.011594997423115266
 325.93607691591836 0.009688274081172463
 330.9770620411743 0.00800168029266431
 336.08681822178136 0.00652245071294878
 341.2646777775906 0.005214456166075918
 346.5126437490491 0.004041066839604479
 351.8313838163059 0.002989473239200882
 357.22223333965906 0.002053409514667767
 362.6851923191086 0.0012376289648494362
 368.2209284348035 0.0005320608550338099
 373.831444727191 -0.0000780712321129934
 379.5174088764201 -0.0006243079925395401
 385.27948856263976 -0.0011222278041793275
 391.1183514659991 -0.0015520610877992366
 397.03466526664715 -0.0019081994211725035
 403.0311006851801 -0.0021939198773580203
 409.1063223612998 -0.002402849446007254
 415.2630010156024 -0.002538878086663211
 421.501136648088 -0.0026269126727647713
 427.8227322992036 -0.002693105710864449
 434.22712028880034 -0.0027471481358523537
 440.7169713374742 -0.0027919907956441723
 447.29228544522516 -0.002828539619843661
 453.9550656525006 -0.002846492550970377
 460.7046442791512 -0.002867011654437571
 467.54369204577324 -0.002872479334271053
 474.47287663251575 -0.0028702019733814967
 481.4928657195278 -0.002869750914184564
 488.60499466710735 -0.002887741287279185
 495.8099311554036 -0.002931512108045712
 503.1090105447146 -0.0029842673567243585
 510.50356819533835 -0.0029818978923611913
 517.9942717874239 -0.0029644885281690002
 525.5824566812695 -0.0028413072746149817
 533.2694582371729 -0.0013801600537582536
 541.0559441352835 -0.0017488219704480652
 548.9432497358991 -0.0017903393874470022
 556.9327103993181 -0.0016571466806997886
 565.0249938056891 -0.0015040906139312674
 573.2214353153106 -0.0011519961369032498
 581.5233702884804 -0.0008013329104268702
 589.9321340854967 -0.0004915744127823963
 598.4483943865085 -0.0002395720931541068
 607.074154231963 -0.000054809773282726904
 615.8094136218601 0.00006229595660126107
 624.6561755966471 0.0001211910826550335
 633.6157755166217 0.00014582286854154344
 642.6888810619333 0.00014988136930152077
 651.87682759288 0.00015193503660498048
 661.1809504697598 0.00018826319625122315
 670.6045880933176 0.0002610488603885256
 680.1457374231065 0.00035075969289073846
 689.8003923782326 0.000424624795749364
 699.5819065616761 0.00047604622437392205
 709.4902799734374 0.0005730306558922411
 719.518835812026 0.0007633170491047993
 729.667574077442 0.000956202940537354
 739.949848372666 0.0010628871567899183
 750.3523050947173 0.0010512220103922345
 760.8882978465767 0.0008743407239404028
 771.5578266282441 0.0005901494115028618
 782.3542146382295 0.0003736903300877165
 793.2841386780227 0.00033751852231198016
 804.3475987476241 0.00031094119376855433
 815.5445948470336 0.00022885061637120308
 826.8818037777417 0.0000345457232057185
 838.3525487382578 -0.00020697205277415607
 849.9635065300724 -0.000431514943497389
 861.721353954676 -0.0005311298357082487
 873.6127374090876 -0.0005384046267624241
 885.6510104962882 -0.0005663999100830405
 897.8361732162778 -0.0005410228319512292
 910.1682255690562 -0.0005127142845181928
 922.6404907531331 -0.00043194146311745067
 935.2663223714893 -0.0004324331628641176
 948.0457204241249 -0.00044704861443618614
 960.9720081095493 -0.0006641165602341748
 974.0451854277626 -0.0011056978924216837
 987.2786059817458 -0.0015868673167245915
 1000.6722697714987 -0.001884599030426782
 1014.2128231940404 -0.0021146565280353675
 1027.9202966538423 -0.0026983774399600416
 1041.7813365479235 -0.0034758992016135893
 1055.8026196777744 -0.002929973448955352
 1069.9908228448855 -0.002344444508410562
 1084.3392692477662 -0.003017221290064274
 1098.8479588864168 -0.0036837712511022954
 1113.5302453638178 -0.003610715764519662
 1128.3727750769885 -0.0035596337335699665
 1143.38890162891 -0.0032894564509060227
 1158.5719482180914 -0.0027321773120137214
 1173.9285916460233 -0.0019572897703864544
 1189.4588319127058 -0.0012143904518418952
 1205.1626690181388 -0.0006868033661215939
 1221.033426160832 -0.00020571981561718
 1237.0911337452565 0.0004560589241448747
 1253.3224381684313 0.001162829510011671
 1269.727339430357 0.001664073385413804
 1286.3191911340139 0.001759095061623092
 1303.091316477912 0.0014026674177491625
 1320.0437154620506 0.0008479509090014965
 1337.1830648879209 0.0004276202559861307
 1354.502687954032 0.00034603274115953736
 1372.0092614618743 0.00031133001350149426
 1389.7094622129384 0.00006695200093515842
 1407.5899366042436 -0.00022381063711842335
 1425.6640382387704 -0.00016481805574037302
 1443.9250903150287 -0.00010986923599710839
 1462.3797696345086 0.00009364899795142805
 1481.0347529987007 0.00012391677433398274
 1499.8766868046243 0.0000866082241229314
 1518.9122478537695 0.000039283374687749357
 1538.148112947627 -0.000006757732847056326
 1557.577605284706 0.00002340684318755862
 1577.2007248650068 -0.00011185661576977776
 1597.0308252915104 -0.0004310835016139137
 1617.0612297627258 -0.0005003751405184291
 1637.2852614771632 -0.000457029374951513
 1657.7162740378033 -0.00038992225953511287
 1678.3475906431552 -0.00025345131276488525
 1699.1858880947102 -0.00017751897765385082
 1720.2244895909766 -0.00013555799445320147
 1741.4767487349363 -0.00009365575839356766
 1762.9226351221182 -0.00003590137439699193
 1784.5821791569924 0.000014057857267755206
 1806.4487040380695 0.00003817708645989132
 1828.522209765349 0.00004511023237431749
 1850.8093731403217 0.00004560007151981026
 1873.2968405600063 0.00004408567922142985
 1896.0046424288746 0.00004253960092941284
 1918.9127483424547 0.00004071756863390531
 1942.0411887052185 0.0000396178406348986
 1965.3766099141844 0.000038767291894728044
 1988.9256887708436 0.00003762993667770278
 2012.6817484737053 0.00003667060534533182
 2036.6581426257503 0.00003584585029274393
 2060.8415176239982 0.00003560593235231741
 2085.245227071429 0.000035447403731096644
 2109.855917365063 0.000034907756125761005
 2134.6869421078795 0.00003442040257409329
 2159.724947696899 0.00003398898079351761
 2184.983287735102 0.00003358432516196733
 2210.455285420998 0.00003365978781423755
 2236.1409407545866 0.000033749393651860856
 2262.0402537358686 0.0000334212756207943
 2288.1599011663334 0.000033107123995112124
 2314.4865294430015 0.00003281378835051892
 2341.0334921688523 0.0000325249700925602
 2367.787435740906 0.00003266915569547328
 2394.7617137621432 0.000032807698674022506
 2421.949649431073 0.00003254432725744006
 2449.351242747696 0.000032284898760688504
 2476.959816910521 0.00003243731407556436
 2504.78872552253 0.00003218496868134788
 2532.8246149807414 0.00003194129012915192
 2561.074162086646 0.00003209298467867842
 2589.5373668402435 0.0000322457866380563
 2618.2142292415338 0.00003201250989831872
 2647.0913956875365 0.000031782921572364836
 2676.1822197812317 0.00003154959970807547
 2705.48670152262 0.00003170760927971879
 2734.9914873087205 0.00003186629087075447
 2764.709930742514 0.00003164476910969921
 2794.62867822102 0.00003142990591179713
 2824.754406545728 0.0000315883152542929
 2855.0804389151485 0.00003174721785097206
 2885.6134521307717 0.00003153606040694903
 2916.346769391107 0.00003169425386085302
 2947.280390696154 0.00003149196425805902
 2978.4143160459134 0.00003129101852428291
 3009.7418686388946 0.000031809772163553915
 3041.2697252765884 0.000031613726813119594
 3072.9912091575034 0.00003141927380840853
 3104.90632028164 0.000032630849366453904
 3137.0150586489985 0.00003070174692744342
 3169.317424259579 0.000031199777944714965
 3201.8000635104004 0.000034478861990102205
 3234.4763300044433 0.00003086388946157763
 3267.3328701387277 0.00003067549541959615
 3300.3696839132526 0.00003390555403102617
 3333.5934481295085 0.000030355567151076902
 3366.9974859860063 0.000030177643205673743
 3400.5751206812533 0.000033367553296559517
 3434.326352215252 0.000033193095634761556
 3468.2578573894916 0.0000330236807718286
 3502.3562826009907 0.00003286241840957621
 3536.6216278497504 0.000032702716052602764
 3571.0538931357696 0.000032547694954735955
 3605.646401657559 0.00003239415102143885
 3640.4058302166086 0.00003224512043861101
 3675.318825209937 0.00003530375361476772
 3710.392063439036 0.000035159598084419704
 3745.6188681024137 0.000031818225496129425
 3780.999239200071 0.00003484830586770471
 3816.5198231290265 0.00003471762060461625
 3852.1939734922616 0.00003456212453495979
 3888.0083366867943 0.00003444291416306536
 3923.9562359111364 0.00003429671888854197
 3960.0510247682673 0.000037279360368109465
 3996.2726728537154 0.00003405587032250833
 4032.627856968971 0.00003392289109214779
 4069.1099003125455 0.000036884320873792565
 4105.7188028844375 0.000036763405096061906
 4142.441211081666 0.00003664329776822714
 4179.290478507212 0.000039563023806739
 4216.253251558095 0.00003945436961898633
 4253.322853432825 0.000036307191587540696
 4290.505960932892 0.000039212223649409264
 4327.795897256805 0.000042119768303164824
 4365.179308801584 0.00003901387008518123
 4402.662872368718 0.000038902485168454275
 4440.246587958209 0.000041794632181087576
 4477.917101967076 0.00004169844092506001
 4515.6744143953165 0.000044570995852177395
 4553.518525242934 0.000044483167478114
 4591.436080906945 0.000044387300415794075
 4629.43375818884 0.0000472537803751701
 4667.504880287131 0.00004716270977192015
 4705.649447201816 0.000047080217859232766
 4743.854105329914 0.00004700622493154222
 4782.118854671427 0.00004986771898101725
 4820.437018424862 0.00005272546640013086
 4858.815273391711 0.000052652119611205025
 4897.240265968993 0.000055508291797032674
 4935.711996156708 0.00005544360707143664
 4974.230463954856 0.00005829660903016193
 5012.782315760455 0.00006116311872128493
 5051.367551573507 0.00006111284064602864
 5089.97949459252 0.00006688149405226893
 5128.624821618985 0.00006974202462665155
 5167.290179049922 0.00007261577245141167
 5205.968890083839 0.00007548866373820183
 5244.667631522228 0.00008126646143383844
