 0. 0.
 0.18499691031122653 0.00016648925089307107
 0.5576576836469437 0.000622842381556711
 0.9356888543505336 0.0013366490295289124
 1.3191735429550588 0.0022792417067651594
 1.7081827060131336 0.0034256542887556177
 2.102797436727746 0.004754121798532596
 2.503098828301884 0.006245592070177433
 2.9091679739385357 0.007883330248309863
 3.321091035165875 0.009652468842003572
 3.7389440368617035 0.011539693973857585
 4.162818208879383 0.013532979335713765
 4.5927946444219 0.0156213622033707
 5.028964573342617 0.01779484267824346
 5.471409088844522 0.020044137358550578
 5.920259967382471 0.022360823316405536
 6.375496935655715 0.024737316091895934
 6.8373734099235906 0.02716690048216793
 7.305838706934234 0.02964407236598388
 7.781044876443245 0.03216441356683481
 8.263143968206226 0.03472571330714647
 8.752135982223177 0.03732775306486355
 9.248172968249701 0.03997320444723693
 9.751356292789533 0.04266754181909494
 10.261736639094538 0.045419325839853524
 10.77951674017219 0.048239153693342994
 11.304696596022485 0.05113803699599417
 11.837428256401028 0.05412568737384798
 12.377813087811552 0.057207872052550866
 12.926003140009659 0.06038476558864216
 13.48204909624722 0.06364920518731224
 14.046103006279832 0.06698754343439138
 14.618215553359367 0.07038036902527224
 15.198589470493292 0.07380622647693036
 15.787275440933474 0.07724399810941694
 16.38442551443552 0.08067544303898093
 16.99014105750316 0.08408519120236571
 17.604574119891996 0.08745900637078366
 18.227826068105763 0.09078174398872536
 18.8599982686482 0.09403478869147787
 19.50124277127491 0.09719702423011856
 20.15171162574149 0.10024559182463467
 20.811506198551676 0.1031621270154556
 21.48077853946107 0.10593934527775892
 22.159630014973406 0.10858350001249789
 22.84821267484429 0.11110961029054933
 23.54667856882933 0.11353327153703688
 24.255129063432243 0.1158601572426966
 24.973766891660514 0.11808300778196108
 25.70264273676601 0.12019010569390441
 26.44201001500805 0.12216844157189771
 27.191970092890397 0.12401005186151064
 27.95267502016863 0.1257132812025023
 28.7242261633465 0.12728265266993982
 29.50687693868333 0.12873326864850484
 30.300678029430998 0.13009334301022274
 31.105882851848836 0.1314006884170943
 31.92259277244058 0.1326941640313277
 32.75095984096183 0.13399737880424564
 33.59118679042007 0.13531102231975528
 34.44342567057088 0.1366200488260342
 35.307879214421746 0.13790775977664407
 36.18464878847639 0.1391690825608396
 37.07398780899416 0.1404150213030431
 37.97599764247879 0.141671332918835
 38.890881021937744 0.14298308264552367
 39.818840680378486 0.1444112452804456
 40.76002866755664 0.1460241009457892
 41.714698399731525 0.14787455215605666
 42.68295124340688 0.14998300603482126
 43.66498993159018 0.15234392487143056
 44.661067880540756 0.15493531034089084
 45.6713371400142 0.1577244258813701
 46.696051126269886 0.16067999071928452
 47.735311205811506 0.16377775326701924
 48.78942147815029 0.16700245850858475
 49.85848330978996 0.1703409842055648
 50.942750116989856 0.17377996661583683
 52.04257668251306 0.1773044218728217
 53.158115056115165 0.18089967098853446
 54.289365237796176 0.18455279683173625
 55.43683406007476 0.18825368382900162
 56.60052152295092 0.19199272704933007
 57.780427626424654 0.1957581205227909
 58.977566035533314 0.19953344807468149
 60.19142991775823 0.20329876931988597
 61.42303293813675 0.20703178541124878
 62.67136143163151 0.2107103124277752
 63.93793589579856 0.21431549609360548
 65.2222494981192 0.21783429143229965
 66.52480907111212 0.22126171518392132
 67.84612144729599 0.2246017553871656
 69.18618662667079 0.22786844128627437
 70.54500460923656 0.23107758254965358
 71.92308222751194 0.2342405189160295
 73.32041948149696 0.23736131160555546
 74.73803003622892 0.2404375944322992
 76.1754070591892 0.2434613409974126
 77.63305738289645 0.2464213339646448
 79.11148783986934 0.24930438570400262
 80.61069843010787 0.2520983699304251
 82.13119598613073 0.25479470066458637
 83.67298050793791 0.2573891304329673
 85.23655882804809 0.2598820148057517
 86.82243777897993 0.262276917225596
 88.43061736073344 0.26457865031430555
 90.0616044058273 0.26678946138860354
 91.71489208174282 0.2689084986025053
 93.39200088603603 0.27093096459852944
 95.09293081870693 0.27285162350581293
 96.81768187975554 0.27466718985270866
 98.56625406918181 0.2763825869882417
 100.34016788454181 0.2780144771732293
 102.13840966079819 0.2795887597426201
 103.96199306298826 0.2811345999963572
 105.81142492363074 0.2826770993898753
 107.6867052427256 0.2842363433175833
 109.58834085279153 0.2858290657246755
 111.51683858634718 0.2874640035712911
 113.47219844339257 0.28913756287411163
 115.45492725644638 0.29083552478497376
 117.46502502550861 0.2925329131178607
 119.50401224813527 0.29419922279798455
 121.570875259289 0.2958053698438979
 123.66713455652585 0.29733318177225615
 125.79228330732712 0.29877755738370965
 127.94733517673019 0.3001493314933505
 130.13229016473502 0.3014567592083567
 132.348161936379 0.3027122485303849
 134.59444365914345 0.30392653009604076
 136.87214899806568 0.3051230618937071
 139.1817847856644 0.3063406539589802
 141.52335102193962 0.30763458165044155
 143.89786137192866 0.30907332557667705
 146.30480900311284 0.3107394478018731
 148.7457144130482 0.3127161540755562
 151.22007076921605 0.31504764514707134
 153.72889173665376 0.3177219756401731
 156.27268414788003 0.32069506535905296
 158.85195483541347 0.3239167783475713
 161.46619696673545 0.3273222467775302
 164.11743787192063 0.3308065211129525
 166.8046638859317 0.3342308923794522
 169.52939550632465 0.33744926416280513
 172.2916327330995 0.34032852776089156
 175.09238923129362 0.34278652749001776
 177.9311581683883 0.34480941051669645
 180.8094600419396 0.34642123482772597
 183.72729485194745 0.3476566929610386
 186.68516943093056 0.34855748333153325
 189.68359061140765 0.3491625725379602
 192.723572058416 0.3494860279984822
 195.80511377195566 0.3495211136861641
 198.92872258454528 0.3492541232701769
 202.09541216122224 0.34869817861791935
 205.3051825019865 0.34790728632592927
 208.5595541043941 0.34694296050923124
 211.85751330340767 0.3459506292139575
 215.20108742910193 0.3451585165588034
 218.59027648147688 0.34476876430774317
 222.0255872930512 0.34495544329689337
 225.50752669634355 0.34588732695705454
 229.03710835639126 0.34764409556297454
 232.61433227319438 0.35014580113818755
 236.2407189443089 0.3531286705410129
 239.91576153721616 0.35622550490461274
 243.64098054947215 0.3592078758451942
 247.4163759810769 0.3620556297981565
 251.2429614970678 0.3647443045294323
 255.1217507624821 0.3672404268092937
 259.05223694480117 0.369553823885212
 263.03594054158106 0.37163134632874306
 267.0733683853404 0.3733643412875919
 271.1655341411166 0.3746266801445802
 275.31243780890964 0.3753554447167753
 279.5145862212381 0.3756143757265572
 283.77349987565816 0.37556423636307507
 288.0896856046884 0.37541727780805073
 292.46365024084747 0.37527259574181004
 296.8959006166541 0.3749748886315037
 301.38694356462696 0.37437759439495455
 305.9388064148407 0.3735894856344575
 310.55047550225805 0.37293360903716855
 315.22397815695365 0.37285609486256116
 319.9593143789275 0.37359183017402825
 324.7580046657356 0.3750461263459915
 329.6195421848594 0.376955161579541
 334.5459542663735 0.3789978920228891
 339.53724091027783 0.3811112688413467
 344.59492261412856 0.3835180062337168
 349.7184925454069 0.38636227340065493
 354.90997803418765 0.3893770077738085
 360.16988591298934 0.39204810841180676
 365.49872301433084 0.3940070407178122
 370.89750300324926 0.39518017714271103
 376.3667327122635 0.39547817764101995
 381.9074258064108 0.39484202346244796
 387.52059595072853 0.3933473535862824
 393.2067499777354 0.39123402907531035
 398.96690155246864 0.38878606931125853
 404.8020643399657 0.3862681798525753
 410.7127451727452 0.3836127743521926
 416.69995771584456 0.38048332274329716
 422.76471563430107 0.3768889327784195
 428.9075257606334 0.37358127963008714
 435.129401759879 0.3716372385331129
 441.431357297075 0.3716490226616037
 447.814406037259 0.37319539389104417
 454.27905481294954 0.3751745536094023
 460.8268241217026 0.3764587432388629
 467.4577139635183 0.3767285411482844
 474.17324483595263 0.3766459942067384
 480.97443040404283 0.37733488112531843
 487.8617775003077 0.37914346271031246
 494.83629978978456 0.38158327184121066
 501.89901093751075 0.38448172256130225
 509.05244510607963 0.38768170381056066
 516.2950817979352 0.3899311117834622
 523.6238800179653 0.39058087117194096
 531.0489764165436 0.3895231969130723
 538.57037099367 0.3866602740165528
 546.1829954241579 0.382477442278648
 553.886849708007 0.37875746244397696
 561.692070495591 0.3765983180135996
 569.5885211365363 0.37637148272010323
 577.5863382812166 0.3780804345371111
 585.6855219296317 0.38192513792247595
 593.881003756595 0.3864076115070093
 602.177852087293 0.3906032960524617
 610.5760669217259 0.3942203959293694
 619.0756482598937 0.39658623131313886
 627.681664426983 0.3980632390655324
 636.3890470978073 0.39922665036648225
 645.2028645975531 0.4005507198126723
 654.1281852514073 0.4006053844452002
 663.1548724089963 0.39924529882042936
 672.2930627206937 0.3973143989341986
 681.5427561864994 0.39639293220620103
 690.9039528064135 0.3953696384123977
 700.3715842552492 0.39108847944679376
 709.9557871833799 0.38460586042662726
 719.6565615908058 0.3798831609662597
 729.4688391523399 0.376955161579541
 739.3926198679824 0.37286549137833214
 749.4380403881069 0.36844886705622815
 759.605100712713 0.3648667555298704
 769.8836641914276 0.3621100585211253
 780.2889357998107 0.3611048311434823
 790.8107788874888 0.36150604606269876
 801.4542617796488 0.36514032104562455
 812.2244528014775 0.3687150238396894
 823.1162836277878 0.3685593929837177
 834.1297542585801 0.3623808709800469
 845.2750013442277 0.3561418948608213
 856.5418882343571 0.35432838328067273
 867.9405515793418 0.3545680857408882
 879.465923053995 0.3507618847715719
 891.1230709835036 0.3437434028300992
 902.9119953678675 0.33546294193668724
 914.8326962070867 0.332477014969432
 926.8801051759746 0.3321066667838774
 939.069427250091 0.3309243257000604
 951.3905257790628 0.3304793603009313
 963.8434007628902 0.33549296724175026
 976.4381888519462 0.3405626524717437
 989.1698217210443 0.3436605790805342
 1002.0382993701843 0.34195763110705474
 1015.0486901245533 0.33569393705145656
 1028.1959256589641 0.3240965500276228
 1041.485074298604 0.3049809321734692
 1054.9212043686593 0.2765870800173715
 1068.4941792187567 0.2445454293194258
 1082.2141354992696 0.21248736869642298
 1096.0760048850116 0.18058612834908702
 1110.0848557011686 0.15118096612568635
 1124.2457562729282 0.12436728443715817
 1138.5485699499166 0.10114804759373139
 1152.9983650573206 0.0808023165858767
 1167.6002099203267 0.06384685512035278
 1182.3490362137484 0.050461888007997
 1197.2448439375855 0.04088647748299381
 1212.297769742212 0.034295385415131434
 1227.5027453024406 0.029446943098800527
 1242.8547022930848 0.02564063361570759
 1258.3637773645178 0.02252880436162896
 1274.0249021915533 0.019916261020719618
 1289.8431450993778 0.01768119529550568
 1305.8134377628044 0.015742481604405507
 1321.9459168322069 0.014043404567919608
 1338.2253773320253 0.01254290372167447
 1354.667024237819 0.011210317967372655
 1371.265789224402 0.010021937583015996
 1388.0216722917737 0.008959177538675296
 1404.9397417651214 0.008006847583364377
 1422.0098609940712 0.007152406238122151
 1439.247234954184 0.00638526167290514
 1456.6366586698987 0.005696306449818847
 1474.193337116776 0.005077603766190422
 1491.9071336444422 0.004522170987474664
 1509.7831165780842 0.004023779422727852
 1527.8162175925154 0.0035768919015657014
 1546.016573338109 0.0031764891186090317
 1564.3740471644917 0.002818047420085125
 1582.8987757220368 0.002497484313177483
 1601.580622360371 0.0022110806614654677
 1620.4297237298676 0.0019554681529443062
 1639.4359431801536 0.0017275781780617683
 1658.6094173616016 0.0015246317986839504
 1677.9450779490257 0.0013440953632092223
 1697.4429249424254 0.0011836824269647356
 1717.1029583418012 0.001041310130569443
 1736.9302464723391 0.0009150916485290928
 1756.9146526836664 0.000803323905816621
 1777.0663136261558 0.0007044654640017863
 1797.3750926494347 0.0006171248765021286
 1817.8511264038757 0.0005400491082584777
 1838.4893465642926 0.00047210833609700396
 1859.2897531306853 0.0004122877163314646
 1880.2472777778669 0.00035967574693356605
 1901.3720571562112 0.00031345612628327387
 1922.6539546153447 0.00027289832737469695
 1944.0980384804536 0.00023734710411523445
 1965.7043087515385 0.00020621936969214042
 1987.4727654285991 0.000178994274646852
 2009.393271861262 0.00015520897175888825
 2031.4759646999007 0.00013445123632543777
 2053.720843944515 0.0001163550336878246
 2076.1177729447318 0.00010059622699665404
 2098.676888350924 0.00008688733712548657
 2121.388053512719 0.00007497436071046789
 2144.256336755303 0.0000646329015089687
 2167.276669753489 0.00005566502104885366
 2190.454120832464 0.00004789621222279593
 2213.7836216670416 0.000041173178932600026
 2237.265172257221 0.00003536107779910973
 2260.8987726030027 0.000030341455449196677
 2284.6793543792005 0.000026010688959209646
 2308.6119859110004 0.000022277920683860975
 2332.6915988732158 0.000019063778000661775
 2356.9181932658466 0.000016298888201356667
 2381.291769088893 0.000013922760231048818
 2405.812326342355 0.00001188272486026947
 2430.469728375859 0.000010132887087004606
 2455.2741118397785 0.000008633384938041808
 2480.21534008374 0.000007349600985014082
 2505.293413107744 0.000006251514512091077
 2530.5133992369765 0.000005313127068309623
 2555.8702301462513 0.000004511942286027166
 2581.3588375103805 0.000003828493969281594
 2606.979221329366 0.0000032460153977145923
 2632.7364499283935 0.0000027500134728599787
 2658.620386657089 0.0000023280132412616307
 2684.6310315154537 0.0000019692803328617533
 2710.7683845034862 0.0000016645873436140096
 2737.027377296001 0.000001406004770380875
 2763.4130782181846 0.0000011867345979838949
 2789.9153506196626 0.0000010009519362234125
 2816.539262825623 8.436670256463379E-7
 2843.2797465108783 7.106100408935319E-7
 2870.136801675429 5.981374876722641E-7
 2897.100291668901 5.031352264643659E-7
 2924.180353141668 4.229496622822221E-7
 2951.3668494433564 3.553195032039832E-7
 2978.6547122487805 2.9831987629889264E-7
 3006.054078208312 2.503133158198202E-7
 3033.5497423463926 2.0990837861438412E-7
 3061.146772988207 1.7592447451598818E-7
 3088.84010180857 1.473601114554237E-7
 3116.629728807481 1.2336669842962092E-7
 3144.505517334567 1.0322493759720987E-7
 3172.4776040402007 8.632730529975187E-8
 3200.5358522740094 7.215969368276927E-8
 3228.6751937108056 6.028793772221986E-8
 3256.900696675777 5.034563163782335E-8
 3285.2072928437356 4.202373697517237E-8
 3313.584845564309 3.50619519461341E-8
 3342.038423162683 2.9240847820593847E-8
 3370.5680256388587 2.437597662487811E-8
 3399.163516342462 2.031214001402504E-8
 3427.824895273493 1.6918939091113373E-8
 3456.5521624319517 1.408687210061095E-8
 3485.3351811674643 1.1724032327384765E-8
 3514.1790198052176 9.75330257185798E-9
 3543.0786100200257 8.110073306559922E-9
 3572.0339518118876 6.740154316825951E-9
 3601.03490853043 5.59818907491539E-9
 3630.0814801756537 4.646166006391009E-9
 3659.1685984223714 3.852282234269295E-9
 3688.301331595769 3.189889589579106E-9
 3717.469543045474 2.6366418871476327E-9
 3746.6732327714867 2.173840843372662E-9
 3775.9124007738064 1.7857564048423595E-9
 3805.176910402059 1.4591579125067824E-9
 3834.466761656246 1.182860767024545E-9
 3863.77688621118 9.473681894525529E-10
 3893.112352392048 7.445590358529235E-10
 3922.4630235484756 5.673935703513249E-10
 3951.8238313552774 4.0969513178385005E-10
 3981.199844137639 2.659275670819029E-10
 4010.5809252451872 1.309954460639189E-10
 4039.967074677922 1.5387337049990494E-16
