 0. 0.
 0.1770977556543278 0.09205532725798868
 0.5338463438720015 0.27623048499792136
 0.895736019685258 0.4617123915988426
 1.2628463544762862 0.6469661304667983
 1.6352452750347597 0.8293888268806778
 2.0130104119774486 1.005846807814066
 2.3962193959211224 1.173361465760062
 2.7849498574825513 1.3296455885359384
 3.179284279192053 1.4733336716316006
 3.5792954397528494 1.6039287734523167
 3.9850706736088064 1.7216041055807727
 4.396687611376693 1.8269781580102198
 4.814233587500378 1.920918694122712
 5.237786232596628 2.0044064763788993
 5.667471696417697 2.078434643741966
 6.103270571309389 2.1439699205220384
 6.545425452949112 2.201927073523869
 6.993887822201386 2.2531710198094834
 7.448803236472652 2.2985043533917997
 7.910317253169354 2.338642812562673
 8.378429872291493 2.3742183013202602
 8.853286651245512 2.4057849030881133
 9.334984628302374 2.4338520857900527
 9.823572322597558 2.458897333779702
 10.31924381067299 2.481364632387685
 10.82199909252867 2.5016272069881307
 11.331983725571042 2.519948757767056
 11.849294748071067 2.536537147252147
 12.37407771743519 2.5515928744227017
 12.906381152798891 2.5653161805687033
 13.446350611568615 2.5778859241595153
 13.99403461287984 2.589440712675474
 14.549627233274494 2.600052894511148
 15.113176991888054 2.6097156568675657
 15.684829446126969 2.618382932276271
 16.264681634262196 2.6260227220337087
 16.852879113700183 2.6326348950571976
 17.44951892271189 2.6382308006834605
 18.054698099568277 2.642795195327697
 18.668562201675794 2.6462629873278654
 19.29125678644088 2.648562703137359
 19.92287889213449 2.649657705560054
 20.563574076163082 2.6495458809235863
 21.213439376797613 2.64819459407949
 21.87262035144452 2.645482724009318
 22.541262557510255 2.6412504826258982
 23.219463033265775 2.6353744929106027
 23.907415855253006 2.6278091755695767
 24.60516954260743 2.6185143381723073
 25.31296669100645 2.6074073375826683
 26.030904338721037 2.5944225348194956
 26.75912804315762 2.579600118597316
 27.497734842587175 2.563059236775403
 28.2469673326871 2.5448546406927908
 29.006874032592872 2.524868959178152
 29.77769753798191 2.5028838752549705
 30.559534887125167 2.4788057054016734
 31.352531637429088 2.4528670123152034
 32.1568818654356 2.425461305441079
 32.972731128551146 2.3968752324455775
 33.80027350331765 2.3672820423985086
 34.639606028006064 2.336774359302484
 35.490971298293815 2.305121008529917
 36.354466352451844 2.2720448597565195
 37.23028526702209 2.2378458769351584
 38.11862211854647 2.2029425484510856
 39.019622464431436 2.1675036949986994
 39.93352890035439 2.131679718116461
 40.86043846458628 2.0956059405997953
 41.80054523366905 2.0592761966468567
 42.754091803280105 2.0225467438050915
 43.72122373082587 1.985361700030689
 44.70218361198378 1.9479206903255644
 45.697068485024765 1.9105063497991908
 46.70616946476173 1.8730462875214746
 47.72958358946563 1.8351887975983232
 48.76755345481388 1.7969353558722918
 49.82041869475484 1.7587492840664247
 50.88832486669497 1.721009975087444
 51.97127197063425 1.6835516201600922
 53.06974519792749 1.6454381511468825
 54.1837445485747 1.6067092033386334
 55.313270022575885 1.568264081667043
 56.45929200264065 1.530289700719682
 57.6213252974142 1.4925146342221627
 58.800340289606154 1.4544649251096953
 59.99536659650689 1.4156661620795148
 61.20785979218084 1.3761209696738235
 62.437334685273186 1.3361851507042926
 63.68427646713876 1.2961470855026216
 64.94917032913236 1.2559475319837776
 66.23201627125397 1.2155704687430746
 67.5328142935036 1.1753717139334516
 68.8520495872361 1.1355175160351856
 70.18972215245141 1.0964247261338
 71.54680237185917 1.057716987813953
 72.9228050541046 1.0181998416815414
 74.31821539054249 0.9788937544215007
 75.73351857252764 0.940759849313332
 77.16871460006007 0.9039538889661861
 78.62428866449459 0.8683128854420878
 80.10024076583117 0.8324697721816582
 81.59705609542466 0.7964890651582905
 83.11521984462986 0.7618487528797492
 84.65473201344678 0.7279539650477712
 86.2160777932302 0.6942897812876548
 87.7987719926253 0.6623995466457407
 89.40427018569659 0.6335405429888786
 91.032572372444 0.6069134127755244
 92.68367855286755 0.5810355332256205
 94.35758872696722 0.5554603204356677
 96.05575846880748 0.5304325206092776
 97.77721739567872 0.5055893094952484
 99.52293589029048 0.48085296333318095
 101.29339914399768 0.4572097718734359
 103.08860715680024 0.43556062764380543
 104.90904512005301 0.41612264205739713
 106.75519822511077 0.3985947748115081
 108.62706647197355 0.38263019376087337
 110.52513505199616 0.3680908800673711
 112.44940396517859 0.35465774616566603
 114.40132878558528 0.3424735463460303
 116.37993913050659 0.33237401636111524
 118.38669057400696 0.32332938734764066
 120.42109792473158 0.31412630537385317
 122.4841315653901 0.3057209539836263
 124.5757914959825 0.29825579793137685
 126.69704809921839 0.29152019924087663
 128.84741618374298 0.2854909721624867
 131.02786613226587 0.2801205837810817
 133.2388831361419 0.2754508692231094
 135.48046719537103 0.2714097172484345
 137.75358869266293 0.2678584420367237
 140.05776243666278 0.26481422606965915
 142.39444400143498 0.26222548156173453
 144.76314819562475 0.2601557776584762
 147.16484540194168 0.258715863549846
 149.60002081174062 0.25784753649557707
 152.06915961637637 0.25738247584882307
 154.5717766244941 0.2571426610080466
 157.10981260151308 0.2569600958215028
 159.68229716472368 0.25667092386027174
 162.29068588819032 0.25614664391211706
 164.934978771913 0.2553450117201956
 167.61614619860137 0.25431564878044305
 170.3337029769006 0.2531516921793474
 173.08910468087515 0.25197135906174895
 175.882351310525 0.25089806440225704
 178.7139280572049 0.2500125252538446
 181.58432011226978 0.24931616723239058
 184.49449785842918 0.24873815815137545
 187.4444612956831 0.24819596670113767
 190.4346956153864 0.2476547108519964
 193.46617120024868 0.24714301644226128
 196.53888805026995 0.24675385284647888
 199.65430173951464 0.24659305430963202
 202.81144188527307 0.24667540400454185
 206.01224925296455 0.24692344953029116
 209.25672384258908 0.24726113428654603
 212.54535084550145 0.2476714982873956
 215.87861545305648 0.24820655643679704
 219.2574880479638 0.24893347264775315
 222.6819686302234 0.24983813951147735
 226.1535127738997 0.2507997620540264
 229.6716352876379 0.2516817718324005
 233.23779174550248 0.2524219670939557
 236.85198214749337 0.25300478222940403
 240.51517687632025 0.25338981484028134
 244.22834631469266 0.25359341896337323
 247.99100527125586 0.2539028480401671
 251.8046093200743 0.25483244401497085
 255.66964365250274 0.2568925770681032
 259.5870786512508 0.2603026906891392
 263.55691431631857 0.2645316527095801
 267.5796358390607 0.26855494420610593
 271.6566987935418 0.2716684261787504
 275.7885883711166 0.2735577998179684
 279.97578976313986 0.27396470826588853
 284.2187881609664 0.27306839429105345
 288.51806875595116 0.27186748186881377
 292.87557231351326 0.2713283577812488
 297.2903284509432 0.27148682773488925
 301.76427793366 0.2718492001471961
 306.29742076166394 0.2724714936661122
 310.8912125090192 0.274052434654445
 315.5451679843712 0.2767788806411086
 320.26122795313904 0.27953224573666513
 325.0393924153227 0.28099236277950584
 329.88111694498673 0.2809411665520934
 334.7859163507762 0.2802280417551978
 339.75573139811047 0.27949634183154715
 344.7910472783442 0.27835115231194457
 349.8923491828324 0.2762299659870303
 355.0606074942845 0.2732760484335309
 360.2963074040554 0.27000167994220153
 365.6004192948548 0.2673101598198964
 370.9739135493922 0.2659855391387078
 376.4172753590225 0.26641298288194826
 381.93147510645525 0.2684273251230365
 387.51748317440007 0.2707630989381876
 393.1757847542118 0.27223742258795813
 398.90735022860014 0.2728829991312943
 404.7131499802746 0.27374622945407834
 410.59366920059 0.2750616226118532
 416.549878272256 0.27641432650759207
 422.5827475779822 0.2783274587168931
 428.6932475004784 0.2813931059413035
 434.8818632310991 0.2844939197913112
 441.1500503439089 0.28685546931504974
 447.4978088389078 0.28829341615706716
 453.92659429016027 0.2875039589835198
 460.4373770803758 0.2849179172614497
 467.0306424009093 0.28307938466722316
 473.70736063447043 0.28253780563241226
 480.4685021637688 0.28091343845476013
 487.3164929455783 0.27671257099398977
 494.2498774058347 0.27165927877385193
 501.26574439640905 0.2667623630021842
 508.37379774439756 0.2619503320972075
 515.5740374498002 0.2570011935930694
 522.8616115990691 0.2530635186753377
 530.236520192204 0.2524611535423963
 537.7084670563012 0.25665453886671147
 545.2677483642643 0.263236985562127
 552.9240679431899 0.2677947418162242
 560.6774257930776 0.27169094155563267
 568.5229700003797 0.27871128701469294
 576.465552478644 0.2861387129614898
 584.5051732278707 0.2889284239039242
 592.6418322480596 0.2892596960821853
 600.8803814527589 0.29158396093852595
 609.2159689284206 0.2942988442978428
 617.6534465885926 0.2935838197011507
 626.1976663468232 0.288253132554089
 634.838924376016 0.28311550936604407
 643.5869245032674 0.283459644530643
 652.4416667285775 0.2863812797662232
 661.4031510519459 0.28891006389349033
 670.4665255598248 0.29162329282119354
 679.6414940793104 0.29679189034268716
 688.9280566104026 0.3030919961813459
 698.3213612395532 0.3066259300817451
 707.8214079667624 0.3073956612335954
 717.4379006191265 0.30890771237671744
 727.1708391966453 0.3127984243525609
 737.0105198722226 0.3139543485411596
 746.9714983865027 0.30559212311480116
 757.0440709123895 0.2898782448907033
 767.2330893634311 0.2758664187891181
 777.5434056531757 0.27330752391198887
 787.9701678680748 0.28190060812858797
 798.5133760081288 0.2862878165568636
 809.1827339004338 0.2877174720606769
 819.9685377178936 0.28215376285415594
 830.8804912876043 0.26990520066297785
 841.9137426960178 0.260995186958702
 853.0731438566825 0.253430171615009
 864.3586947695981 0.25230380300238264
 875.7703954347645 0.2528456909622067
 887.303393938634 0.24572895281763518
 898.9722460218507 0.24222041850672155
 910.7672478573184 0.241795269663687
 922.688399445037 0.24469390119333162
 934.7454046121028 0.24261291447467595
 946.9334114449679 0.23570370678864214
 959.2524199436319 0.23047042658281858
 971.7072820216433 0.22550578831981374
 984.2931457654536 0.2157169476956032
 997.0148630886113 0.2011396649684834
 1009.8772859046642 0.18867861888407608
 1022.8707103865164 0.18178841701530257
 1036.0048403612636 0.17726741810472543
 1049.2748239153584 0.17425041683068257
 1062.6855129623484 0.17145640815329766
 1076.2417594157816 0.1638718348805897
 1089.9338594485625 0.15422627567529537
 1103.7666649742384 0.13810365078018205
 1117.7450279063578 0.11450686349596327
 1131.8640963313726 0.0951789501844277
 1146.1238702492826 0.07879097509185756
 1160.5340534871843 0.06084257136896859
 1175.0897941315295 0.04521310239178919
 1189.78624026877 0.03423912077219181
 1204.633095726002 0.02694717691700505
 1219.6255085896773 0.021801860062829737
 1234.7683307733446 0.017917525665777045
 1250.0567103634548 0.014882500139768197
 1265.500351187105 0.012451136235105856
 1281.0846975036507 0.010467671429713757
 1296.8243050537358 0.008830271324811022
 1312.7143219238126 0.007467966424389384
 1328.7547481138809 0.006328295805499849
 1344.9504355374888 0.005371017027389906
 1361.2916803675403 0.004564450709288965
 1377.7930383446796 0.0038832181977788405
 1394.4399537282623 0.0033066872091422807
 1411.2469822589328 0.0028179887555680266
 1428.2044201095948 0.0024031554412950328
 1445.3171191937965 0.0020506088507646634
 1462.5802275979897 0.0017506851510187956
 1480.003449149271 0.001495300888741507
 1497.5770800205437 0.0012776614208359295
 1515.310824038904 0.0010920617983791242
 1533.1949773772562 0.0009336824483546678
 1551.239243862696 0.0007984522247309902
 1569.4339196681274 0.0006829298592372138
 1587.7887086206465 0.0005842000317822297
 1606.2987588067053 0.0004997864436804476
 1624.9640702263039 0.0004275902011552806
 1643.7846428794423 0.0003658248824796911
 1662.765328679668 0.0003129694893447788
 1681.896423799886 0.0002677313834308985
 1701.1876320671913 0.00022900642334333104
 1720.6292496544884 0.00019585343005138674
 1740.2309803888731 0.00016746946852534388
 1759.9879723567974 0.00014316777668237708
 1779.9002255582614 0.0001223622807224563
 1799.9628880797172 0.00010455109113988768
 1820.1856637482606 0.0000893046763553062
 1840.5588487367957 0.00007625597504262916
 1861.0872949588704 0.00006509022968873436
 1881.7710024144849 0.00005553777210344251
 1902.6099711036388 0.00004736776086846588
 1923.5944971992367 0.000040382024046760826
 1944.7342845283738 0.00003441078489631781
 1966.0293330910506 0.00002930859495953474
 1987.469939060171 0.000024950604944194334
 2009.0658062628308 0.00002122979319611435
 2030.8072308719345 0.000018054335210277457
 2052.6990648010296 0.000015345558290645254
 2074.736456136568 0.000013035991944146734
 2096.9242567920983 0.000011067755014564702
 2119.2576148540716 0.00000939127305161699
 2141.7365303224888 0.00000796408061907212
 2164.361003197349 0.000006749762341337861
 2187.126181565105 0.000005717161546402529
 2210.036917339304 0.000004839586057729488
 2233.0883586063987 0.0000040942039798255054
 2256.2805053663888 0.000003461488501790106
 2279.6133576192738 0.0000029247402139196324
 2303.086915365054 0.0000024696776553411554
 2326.691474776634 0.000002084115275673001
 2350.436739681109 0.000001757645752437053
 2374.3130062513833 0.0000014813881821494476
 2398.3202744874566 0.000001247774428856794
 2422.463396302877 0.0000010503402974438977
 2446.7375197840965 8.836000702556788E-7
 2471.1377930175668 7.428687371194739E-7
 2495.6642160032884 6.241675020186328E-7
 2520.321640654809 5.241126104509119E-7
 2545.1003631450326 4.398307660666506E-7
 2570.000383473959 3.68879395173758E-7
 2595.021701641588 3.091903794346892E-7
 2620.159465734372 2.5900718060621526E-7
 2645.418527665859 2.1684295076636162E-7
 2670.7891836089525 1.8143871099062647E-7
 2696.276285477201 1.5172902248898325E-7
 2721.8749813570557 1.26813668546602E-7
 2747.5852712485175 1.059319703097115E-7
 2773.39745132449 8.844082599271632E-8
 2799.321225412068 7.379893557617348E-8
 2825.346889684157 6.154929956051774E-8
 2851.4695922272085 5.130701287335036E-8
 2877.6990368683187 4.2747954130812015E-8
 2904.020667866843 3.559959475452174E-8
 2930.4393371363285 2.963266668024177E-8
 2956.9501927632296 2.4654595730104037E-8
 2983.553234747544 2.0503687982650316E-8
 3010.2387592621767 1.7044304287973356E-8
 3037.0164701342237 1.4162702858692826E-8
 3063.8766635365887 1.1763552377471547E-8
 3090.814487555723 9.767061616578928E-9
 3117.834794105176 8.106402013112838E-9
 3144.9327312713986 6.725725162570682E-9
 3172.0985952272945 5.578332494587894E-9
 3199.3372378864124 4.625210804770501E-9
 3226.648659248752 3.83381328069913E-9
 3254.023155487217 3.176963465165169E-9
 3281.460726601808 2.631999481847424E-9
 3308.9613725925237 2.1800522925480126E-9
 3336.515389632269 1.8053911694114394E-9
 3364.127629634592 1.4949301144109758E-9
 3391.7932406859436 1.2377804290448824E-9
 3419.512222786325 1.0248848548670006E-9
 3447.274872108639 8.487274392111264E-10
 3475.0811886528863 7.030626512197016E-10
 3502.926320505519 5.82711790670016E-10
 3530.8151195800842 4.833855414185788E-10
 3558.737882049486 4.0153569777303035E-10
 3586.694607913725 3.3423078478242097E-10
 3614.685297172801 2.790610247255859E-10
 3642.7002459996165 2.3404954814833567E-10
 3670.739454394173 1.9758672195526907E-10
 3698.7980704429224 1.6837758524478543E-10
 3726.8809460594125 1.4539818522659462E-10
 3754.9783774165467 1.2786634380001167E-10
 3783.0855126007773 1.152212160852698E-10
 3811.207203525652 1.0711454175356523E-10
 3839.3337463640746 1.0341916105332562E-10
 3867.4651411160457 1.0433695563870639E-10
