 0. 0.
 0.25702720371392596 0.06527307881268947
 0.7747869670700165 0.18134128764656915
 1.3000081427057757 0.285272849471857
 1.8328062149184732 0.3779860258580253
 2.373279767864314 0.460350633364329
 2.9215414691503905 0.533285819223185
 3.477703986383794 0.5977935695654139
 4.041879987171618 0.6549227980204136
 4.614189180846396 0.7057036272761568
 5.194737193289778 0.7510890059975749
 5.783650775559742 0.7919153521243141
 6.381042595263381 0.8288894682138918
 6.987039403458672 0.8625858212968981
 7.6017538677527074 0.8934642611806461
 8.225369073007013 0.9218867684296271
 8.857856852319815 0.9481388596463148
 9.499569291963272 0.9724336673482484
 10.15043597468296 0.9949442311079015
 10.810668152242169 1.0158070459900124
 11.4804770764042 1.0351370901769523
 12.159862747169052 1.0530230864074352
 12.849036416300025 1.069550211681068
 13.54813891830598 1.084791034145475
 14.257240670441352 1.0988238570576927
 14.976623341723869 1.1117127941881713
 15.706286932153533 1.123525485984589
 16.44644269349364 1.134327559751925
 17.197231460253057 1.1441813497420856
 17.958864484195082 1.1531485492081615
 18.731412182574147 1.161292678833991
 19.515085807153547 1.1686678327243494
 20.309955775187714 1.1753290253051976
 21.116303755694382 1.1813344282149743
 21.93420016592798 1.1867456166345722
 22.763856257651806 1.1916239977127074
 23.605412865374728 1.1960292067964584
 24.45908124086004 1.2000156125860488
 25.32500221861661 1.2036307312030936
 26.203316633153303 1.206907976913212
 27.094235736233415 1.2098725983908158
 27.997970779620246 1.212553084208695
 28.914662597822655 1.214966254034208
 29.844522442603942 1.2171286103919303
 30.787691148472973 1.2190600990956046
 31.744379967193048 1.2207748254377446
 32.714800150527466 1.2222922636122038
 33.699092532985084 1.2236298350491868
 34.69753878358364 1.2248177669838176
 35.71020931957756 1.225876852853441
 36.73745622723901 1.2268222210224056
 37.77942034107686 1.227646741898793
 38.83631291285439 1.2283451177586437
 39.908274777080486 1.2289064865935513
 40.9956580200273 1.2293347271863508
 42.09853305894926 1.229631823728506
 43.21725198011854 1.2297997161126912
 44.351955618043995 1.2298439916032906
 45.50285522448893 1.2297609737507853
 46.67023246847108 1.2295432558727548
 47.85429860175373 1.2291815375628323
 49.05533529335462 1.2286609192881448
 50.2734833777826 1.2279793513669772
 51.50909494130985 1.227147658662686
 52.762310818445215 1.2261858889680528
 54.033412678206446 1.2251215145936585
 55.32268218961126 1.2239653897443072
 56.630330604422966 1.222722820741021
 57.95671000891372 1.221406546482601
 59.30196123759238 1.2200181880453473
 60.666365959476686 1.2185537753060334
 62.05027626083879 1.217009305257346
 63.453903393442005 1.215369538794125
 64.8775994435585 1.2135780057889938
 66.3215052456971 1.2115872195137487
 67.78604330338443 1.2093699321400886
 69.27135445112935 1.2069098567487284
 70.77779077520404 1.2041960850479159
 72.3058451963895 1.201236341212447
 73.85572896644904 1.1980401647751286
 75.42744208538265 1.194620851476959
 77.02168872573466 1.191014578486216
 78.63846888750508 1.187250217878193
 80.2777825706939 1.1833531028251056
 81.94103812038978 1.1793257648629802
 83.62753136404838 1.1751552814332222
 85.33867064675836 1.170805242962782
 87.07304762343107 1.1662600228990203
 88.8327748116995 1.1615388159918227
 90.61714803901928 1.15666496688771
 92.42687147793478 1.1516365375939623
 94.2626493009903 1.1464653467974213
 96.12448150818587 1.1411454773700522
 98.01236809952144 1.1356488689376503
 99.92701324754138 1.1299448324020667
 101.86841695224567 1.1240241545620595
 103.83798755872296 1.1179097769347226
 105.83502089442894 1.1116229950931793
 107.8602211319079 1.1051690784318917
 109.91429244370421 1.0985450812199014
 111.99723482981784 1.0917499857805144
 114.10975246279313 1.0848056742227465
 116.25184534263008 1.0777345241573695
 118.42421764187299 1.0705170675950628
 120.62757353306623 1.0631033752226824
 122.86191301620975 1.055439871997419
 125.12794026384792 1.0475145775821242
 127.42495110343637 1.0393433324701633
 129.75505805260812 1.0309444962250631
 132.11826111136313 1.0223080209632325
 134.51456027970144 1.0134233537254962
 136.943955557623 1.0042884256572664
 139.40855946276085 0.9949054649294541
 141.9069636500263 0.9852765961445732
 144.44057646450798 0.9753898846304444
 147.01010207875026 0.9652773650108859
 149.6155404927531 0.9549579977070057
 152.2575958790609 0.9444274046037258
 154.93697241021786 0.9337075976525823
 157.65367008622408 0.9227870655066995
 160.40839307962386 0.9116361968455458
 163.2011413904172 0.9002237505683485
 166.03402753623706 0.8885549678069616
 168.9056431719948 0.8766739609288318
 171.8181008153234 0.8645536113466498
 174.7706962936785 0.85220234289959
 177.7648379521488 0.83966130484445
 180.8005257907343 0.8269657604816792
 183.87916815452363 0.8140945472173072
 187.00006087097245 0.8010108734891648
 190.16461228516943 0.7878020751829793
 193.37352656965888 0.7745554886700924
 196.62680372444083 0.7611916502787579
 199.92585209460393 0.7475677152042972
 203.2699675076038 0.7336537318187092
 206.66126248107344 0.7195274727598366
 210.09903284246857 0.7052276566028848
 213.5846869368778 0.6907566425868169
 217.11892893684546 0.6762041011348765
 220.70246301491585 0.6616493536740176
 224.33458499854473 0.6470719154682903
 228.01811157790928 0.6324289635426381
 231.75163440792096 0.617697106983807
 235.53726600621266 0.6028434845546489
 239.3750063727844 0.5878507614097794
 243.2662638527249 0.572738119953717
 247.21033427348976 0.5575405719134792
 251.209330152712 0.5422124839894272
 255.26325149039158 0.5267782088880913
 259.37280245907283 0.5112907000040768
 263.5386872313001 0.49579256174842234
 267.76231415216205 0.48037770540533026
 272.04368322165857 0.4651670933292188
 276.38349861233417 0.45022426446922503
 280.78316866927736 0.4356215718306904
 285.2426933924882 0.4214762063533653
 289.76418529959966 0.40766438018422174
 294.346236045523 0.3939499928288514
 298.9916623204357 0.38026185399781354
 303.7004641243376 0.3666975785583437
 308.4733456297731 0.3533465665401715
 313.3110110092865 0.3402619304880509
 318.2148686079665 0.327397304848637
 323.184918425813 0.3146888371385144
 328.22327298045906 0.30209014817339597
 333.32922809936036 0.28964376520724866
 338.50489630014977 0.2773693742314811
 343.75027758282744 0.2653421568857536
 349.06678029248195 0.2535919153932094
 354.4558127742019 0.24218988784264395
 359.916670855443 0.2313592758908493
 365.45146705383826 0.22132964441829758
 371.06090554193196 0.21208775764137844
 376.7463946648128 0.2033398979527113
 382.50793442248073 0.19482159578262978
 388.34622898748006 0.18636986520536578
 394.2633908774439 0.1779567111206931
 400.2601242649164 0.16960807486237006
 406.33713332244196 0.16142338661261352
 412.49512222256493 0.15357092577157994
 418.73479513782956 0.14623015190750177
 425.05896875841324 0.13946935169476346
 431.46623473922733 0.13333591884767573
 437.95940977044904 0.12795116127313882
 444.5384938520784 0.12335133173285909
 451.2055995017484 0.11935283281093165
 457.96002254691473 0.11582585629154918
 464.8045796777547 0.11289042729904891
 471.7392708942682 0.11075867908767033
 478.7662087140884 0.1094122701508621
 485.8846889646708 0.10862122916347453
 493.09752833619274 0.10822490309732588
 500.4054310011985 0.10821945240804495
 507.8091011322326 0.1085988775902189
 515.3099470743834 0.10912386478906445
 522.9086730001956 0.10929089629824928
 530.6066872547575 0.10869117866524092
 538.405398183158 0.10745341583079852
 546.3055099579412 0.10624864355120309
 554.308430924196 0.10586165228888188
 562.4155694270108 0.1066927243722265
 570.6276296389301 0.1087420986373031
 578.9460199050425 0.11187375037102487
 587.3721485704366 0.1156270639576233
 595.9067198076567 0.11909631444731435
 604.5511419617916 0.12143648123701593
 613.3068233779297 0.12223757887034904
 622.1751724011601 0.12153322032344745
 631.1568932040267 0.1197236944921478
 640.2540983041625 0.11715065177317655
 649.4667877015678 0.11417695918167008
 658.7970739138754 0.11148878361393567
 668.2463652861738 0.10972204456606312
 677.8153659910075 0.1091558781764086
 687.5054843734652 0.10958776467448525
 697.3181287786355 0.11034350791890597
 707.2568200692398 0.1107207770444709
 717.3194457276454 0.11056390902347601
 727.5017807185862 0.1100583674692943
 737.817908492949 0.10924355509661933
 748.2678290507333 0.10831375255119087
 758.8445006664963 0.10780923398506784
 769.5479233402378 0.10758867256674264
 780.3921805228442 0.10705573343084995
 791.3631887634292 0.10623027787427497
 802.4750315128792 0.1052413172298412
 813.7277087711942 0.10430781254139557
 825.1141788129311 0.103733530079531
 836.6414833635329 0.10348301958248186
 848.3096224229997 0.10336697509888966
 860.1185959913316 0.10288098166317985
 872.0754457939717 0.10160839604403885
 884.173130105477 0.10054489337023159
 896.4186906512903 0.10078154681299258
 908.8191691568553 0.10165215100729894
 921.3604821712851 0.10223035823887015
 934.0567131454666 0.1019327618718907
 946.9078620793997 0.10074417002685161
 959.9139289730841 0.09980565592942836
 973.067872101077 0.09984611083453855
 986.3837749142646 0.10087605273847049
 999.8616374126469 0.10274747698114135
 1013.4944178707807 0.10489149654889791
 1027.282116288666 0.10680897901988712
 1041.2388161171896 0.10981939294989937
 1055.364517356351 0.11250470449494399
 1069.645136555264 0.11237193267824228
 1084.1017988902581 0.11167097023372821
 1098.720420910447 0.11235174085589109
 1113.508044341274 0.11263329124662522
 1128.4717109081823 0.11116127901915576
 1143.6043788857287 0.11004001909926434
 1158.906048273913 0.11060842882992103
 1174.390802523622 0.11088356160522453
 1190.0445581839688 0.10975946466911855
 1205.8813987058402 0.10798376197627231
 1221.8942823637929 0.10465980095996967
 1238.09025088327 0.1023374939083144
 1254.4693042642718 0.10233705051360628
 1271.031442506798 0.10088459890727842
 1287.7696238854057 0.09897176940953183
 1304.7049735764242 0.09802508139117026
 1321.8234081289672 0.09691571335648412
 1339.1249275430348 0.09454958201316435
 1356.6236152695133 0.09074080429781804
 1374.3124295829598 0.08636714189126049
 1392.191370483374 0.08329224194999862
 1410.2674796961992 0.0821336116884302
 1428.533715495992 0.07946837753776508
 1446.9971196081963 0.07537425062746848
 1465.6647337582544 0.07313524293419647
 1484.5224744952807 0.07340927289121466
 1503.5844252701609 0.07398587857876347
 1522.8435443574524 0.07289816197870741
 1542.306873482598 0.07135685373993443
 1561.981454371041 0.07005181779916118
 1581.8532035718954 0.06901092927359198
 1601.9291628106039 0.06909635351079972
 1622.2163738126098 0.06991598325630947
 1642.70779485247 0.0693758721033774
 1663.4034259301845 0.06674691608498157
 1684.3173504966398 0.06122451139224931
 1705.4425268263929 0.055529305322618176
 1726.771913194 0.04937189183995545
 1748.319593050348 0.039185734353050734
 1770.0785246699934 0.028509464541222915
 1792.0557497783798 0.021365618944196665
 1814.2442266500634 0.018398168785711794
 1836.658038735931 0.01724269241212293
 1859.2760608596534 0.016185794153387403
 1882.1194181975593 0.015294265044836258
 1905.1810690242064 0.013871691127603818
 1928.461013339594 0.011763362337116001
 1951.9662928691657 0.009762896448752351
 1975.6828241620349 0.00802264649356287
 1999.6317323945316 0.006647955174319992
 2023.7918923903255 0.005625085993027471
 2048.184429325747 0.004842069086379263
 2072.795259749909 0.0042145198232989844
 2097.631425388255 0.003694031107062016
 2122.685884515342 0.003252245398455373
 2147.9727205820564 0.002871341542655805
 2173.4778501375113 0.002539352331673779
 2199.2153566325933 0.002247848473366916
 2225.1711566164163 0.0019905883970532325
 2251.3593335398664 0.001762764777259893
 2277.765803952058 0.0015605699086347017
 2304.404651303876 0.0013808808741600461
 2331.2688338698786 0.0012210870108004452
 2358.358351650065 0.0010789548189091593
 2385.6732046444354 0.0009525530344841838
 2413.220434578433 0.0008401880355309972
 2440.9859580011716 0.0007403645883540634
 2468.9838583635374 0.0006517456858106732
 2497.2000522146445 0.0005731471766598524
 2525.6486230053783 0.0005035010039035345
 2554.322529010296 0.0004418507930370253
 2583.221770229398 0.00038733661580233697
 2612.3393049372403 0.0003391853820019436
 2641.6892165847103 0.00029670150679439016
 2671.2574217209212 0.00025926153037699866
 2701.050962071316 0.00022630378310313463
 2731.069837635895 0.00019732478042957895
 2761.314048414658 0.0001718741924664233
 2791.7695109567185 0.00014954813685284584
 2822.450308712963 0.0001299854818027146
 2853.356441683391 0.00011286389577499805
 2884.473826417117 0.0000978960788713897
 2915.816546365027 0.00008482557112644508
 2947.3705180762345 0.00007342503328204094
 2979.142783276183 0.00006349244738801705
 3011.126300239429 0.000054848159298244606
 3043.3281106914155 0.0000473334722416449
 3075.7411729067 0.00004080793432359036
 3108.3654868852814 0.00003514750651697636
 3141.2010526271606 0.000030242867341525136
 3174.2408284068943 0.000025997550165312178
 3207.491855949925 0.00002232687882177248
 3240.9470935308104 0.000019156366723002027
 3274.60654114955 0.000016420740833593302
 3308.470198806144 0.000014062749265944287
 3342.538066500592 0.000012032367110312187
 3376.7960607820078 0.000010285804443146716
 3411.258265101278 0.000008784914073899684
 3445.9105960075162 0.000007496407098562255
 3480.7530535007218 0.000006391306361735112
 3515.7926793063384 0.000005444419087651051
 3551.0224316989234 0.000004633873518994651
 3586.435268953032 0.000003940686120563661
 3622.031191068666 0.0000033484186779583524
 3657.8172397712674 0.000002842849603206665
 3693.77933160995 0.000002411666342995529
 3729.917466584714 0.000002044265365227055
 3766.231644695559 0.0000017314831455793803
 3802.7148242170424 0.0000014654322383812942
 3839.374046874607 0.0000012393264941218399
 3876.195229217366 0.0000010473282953900188
 3913.1854129707635 8.84429392918351E-7
 3950.3375564093553 7.463345303114173E-7
 3987.6516595331423 6.293592894506617E-7
 4025.1136388912373 5.303524532203018E-7
 4062.737577934527 4.466198786136255E-7
 4100.509393212124 3.758582193318052E-7
 4138.422042998588 3.1610379039610105E-7
 4176.489610744803 2.656813922095413E-7
 4214.69097127444 2.2316409817244774E-7
 4253.033166312941 1.873385567054642E-7
 4291.509154134864 1.5717186959563735E-7
 4330.11893474021 1.3178752728407833E-7
 4368.848424678089 1.1044174652101224E-7
 4407.711707399391 9.250339747374569E-8
 4446.694699453229 7.743797196461946E-8
 4485.7903591141585 6.479352773399141E-8
 4525.005728107623 5.4187177333919526E-8
 4564.333764708179 4.52956817309997E-8
 4603.7603854649415 3.7846051096650496E-8
 4643.292632103353 3.160801042254188E-8
 4682.930504623412 2.638725429522616E-8
 4722.659919574234 2.2020329851338608E-8
 4762.4808769558185 1.83694507181505E-8
 4802.393376768165 1.531882568441767E-8
 4842.3833355603865 1.2771084852609237E-8
 4882.457795057928 1.064444890325777E-8
 4922.609713535345 8.870293091321425E-9
 4962.8390909926375 7.391040374031262E-9
 5003.131843978919 6.158482995184969E-9
 5043.487972494191 5.132208661872515E-9
 5083.900434813008 4.278440541984383E-9
 5124.376272660815 3.5689616950628122E-9
 5164.901402586724 2.980222127922553E-9
 5205.475824590736 2.4925963804349418E-9
 5246.099538672851 2.0897920105124493E-9
 5286.758461382182 1.7582994464925543E-9
 5327.452592718729 1.4869720360222597E-9
 5368.174890957049 1.2666732953823957E-9
 5408.932397822586 1.0899717428123024E-9
 5449.711029864452 9.50908172729675E-10
 5490.503745357205 8.448064190078326E-10
 5531.317586026288 7.681138611865178E-10
 5572.138468420813 7.182966849870977E-10
 5612.966392540782 6.937750722769508E-10
