 0. 0.
 0.24370726048068408 0.06479957997345377
 0.7346351143863035 0.1798159143465779
 1.2326377071511563 0.282563737131497
 1.7378245383196849 0.3739494033997959
 2.2502890831127553 0.4548487980400071
 2.7701381703542136 0.5262041376824641
 3.297478628867907 0.5890521920409421
 3.832417287477681 0.6444785450154291
 4.375067651808874 0.6935476563605238
 4.92552987388384 0.7372392808414934
 5.483924136129408 0.7764119978583677
 6.050357267369423 0.8117759512986863
 6.624949450030714 0.8439118284128302
 7.207807512937126 0.8732772626719378
 7.799105052927412 0.9002359473561642
 8.398815362795606 0.9250665397373224
 9.007272282616231 0.9479975146968399
 9.624409044374385 0.9691975694137914
 10.250425952114776 0.9888035681710904
 10.88552330988212 1.00692366857613
 11.529701117676412 1.0236515740949101
 12.18315967954237 1.0390788133149738
 12.846032531509799 1.0532865000395968
 13.518386441593602 1.0663470491502587
 14.200488481853398 1.0783349083082518
 14.892338652289185 1.0893156107188189
 15.594137256945674 1.099353770272145
 16.306017831852678 1.1085205251591268
 17.028180681054902 1.1168780039860846
 17.760692572567258 1.1244958691617313
 18.503753810434453 1.1314292090937046
 19.257431162671395 1.1377349009892703
 20.021991701337694 1.1434608477795725
 20.797502194448256 1.1486552660338598
 21.584162946047798 1.1533625343766307
 22.38210749216612 1.15763001544812
 23.191536136847944 1.161503838473228
 24.01258241612307 1.1650247548853074
 24.84537986602131 1.1682305188074997
 25.69012879058738 1.171164659317205
 26.547029493865985 1.1738593109803719
 27.416215511886932 1.1763418631552676
 28.297887148694937 1.1786350672579329
 29.19217794031981 1.1807549873916208
 30.09928819080626 1.182730293561374
 31.019418204199003 1.184589403885928
 31.952701516527842 1.18635626364669
 32.899405199852396 1.1880504017411917
 33.85959602218757 1.1896806137450906
 34.83360782360788 1.1912535173725596
 35.821574140143134 1.1927566449262046
 36.82369527583805 1.19417758057739
 37.84010476672244 1.1955060630347416
 38.87113645287081 1.1967339653582303
 39.91685710229807 1.197855276647806
 40.977600555078745 1.1988576661760615
 42.05350034724263 1.199728811379391
 43.14475678283446 1.2004605893306168
 44.25163693391384 1.201038546757087
 45.37434110452547 1.2014587048040257
 46.513136366728986 1.2017359286442018
 47.66815625655418 1.2019060116158433
 48.83973461407558 1.201985795333444
 50.02800497532299 1.2019794968114377
 51.23323441235603 1.201880815657328
 52.455689997234316 1.2016834290382878
 53.695572034002566 1.2013725843783867
 54.953214362735295 1.2009145720546666
 56.2287505194623 1.2002713791835433
 57.52244757624321 1.19939641999505
 58.83463937315255 1.198259702737209
 60.16552621423501 1.1968436135376301
 61.51544193956514 1.1951366017192178
 62.88452008517273 1.193097231578707
 64.2731612591472 1.190694124014453
 65.68149899751837 1.1879293202627015
 67.10986714036075 1.1848364968887284
 68.55873306377867 1.1814622061265387
 70.02829707181687 1.17783402496957
 71.5185591644753 1.1739453001251428
 73.03018702190305 1.169765388263444
 74.56318064410009 1.165263002587706
 76.11754003106641 1.1604343895919675
 77.69460054310011 1.1552994867970117
 79.29369450005215 1.1498893052903938
 80.91615726222062 1.1442418446043539
 82.56065346930743 1.1383557901215478
 84.22918616175969 1.1322029030742884
 85.92108765942837 1.125781050011999
 87.6370256424625 1.1191442298131014
 89.37766779101113 1.1123430445818985
 91.14301410507427 1.1054224023790575
 92.93306458465192 1.0984030203467612
 94.74848690989309 1.0912922430206256
 96.5892810807978 1.0841115499889482
 98.45678245766413 1.0768782900942713
 100.35032336034304 1.0695913968650614
 102.27057146898359 1.0622378880551144
 104.21819446373478 1.0547852684487624
 106.19319234459664 1.0472241927923893
 108.19623279171819 1.0395401567065106
 110.22731580509945 1.0316790464314172
 112.28710906488946 1.0235751480576663
 114.37628025123725 1.0152052472445887
 116.49482936414282 1.0065602011990604
 118.64342408375522 0.9976277979540181
 120.82139672992538 0.9884027999827709
 123.03075034310048 0.9788743569961997
 125.27148492328045 0.96902570509513
 127.54360047046536 0.9588654003895998
 129.84709698465514 0.9484472863573723
 132.18397750629697 0.9378246628351036
 134.55290667509274 0.9270204443830022
 136.9552198513405 0.9160529993021134
 139.39158471518937 0.9049359136978411
 141.86200126663928 0.8936748983743281
 144.36713718583934 0.8822587214063259
 146.90766015293852 0.8707044662695512
 149.48357016793682 0.8590006856525162
 152.09553491098336 0.8470875598407774
 154.74355438207806 0.8349319485420074
 157.42963162166808 0.8224985561001461
 160.15243126945532 0.8097558888037978
 162.91395636588692 0.7966827715015768
 165.71353923081378 0.7832111065144577
 168.5525152245341 0.7692740320160439
 171.43088434704777 0.7548290532256093
 174.3499819586529 0.739870297514842
 177.3091403792005 0.7244321256684086
 180.3096949689886 0.7085615565365815
 183.35231340816625 0.6923174321199576
 186.43699569673345 0.6758419804322517
 189.5650771949883 0.6593670567201476
 192.73589022278173 0.643024971869645
 195.95143782056087 0.6268212845969514
 199.21105230817668 0.6107517222137028
 202.51606904592725 0.5947223554830926
 205.86715571396164 0.5786641357704279
 209.26497999242883 0.5626535360649586
 212.70887420117987 0.5468525863999513
 216.2015090608108 0.5313232159842451
 219.74154921102365 0.5159407810656609
 223.3309976922655 0.5006205360717935
 226.9698545045363 0.48535693138169445
 230.65945500813422 0.47024940582138514
 234.39913152291018 0.4553561711906768
 238.1908870893113 0.4405626467832359
 242.03472170733758 0.4258543353934594
 245.93130305713802 0.4113238280008837
 249.88129881886178 0.39694233457685413
 253.8860443528068 0.38277280659266755
 257.94553965897313 0.3689306600739331
 262.06045241750985 0.3552837133619342
 266.23211798871506 0.34173352004767843
 270.4605363725887 0.3283251130941301
 274.74771060957784 0.31502372820199614
 279.0923053393845 0.30192710788841415
 283.4969912826048 0.2892132054152463
 287.96176843923877 0.27709142771284095
 292.4873044894354 0.2657966996913087
 297.0742671133438 0.255335987801092
 301.72399167126196 0.24555489240577874
 306.43647816319 0.23649078986884134
 311.21372962957486 0.22820590086953857
 316.0550783902677 0.2206364635309527
 320.9625274857155 0.21359988017210865
 325.93607691591836 0.20680565588147212
 330.9770620411743 0.2000043390549697
 336.08681822178136 0.19316618016969017
 341.2646777775906 0.1863729882555342
 346.5126437490491 0.1796446155902351
 351.8313838163059 0.17296236521905517
 357.22223333965906 0.16632906505003645
 362.6851923191086 0.15980925077586083
 368.2209284348035 0.15349681997061942
 373.831444727191 0.1475074043749986
 379.5174088764201 0.14204972183821057
 385.27948856263976 0.13726816293609206
 391.1183514659991 0.1331548300358653
 397.03466526664715 0.12961314018049777
 403.0311006851801 0.12653039406352734
 409.1063223612998 0.12389624313308034
 415.2630010156024 0.1217992887050016
 421.501136648088 0.12040163978866121
 427.8227322992036 0.11978637035840313
 434.22712028880034 0.11980490811846435
 440.7169713374742 0.12007275351499029
 447.29228544522516 0.120181992324347
 453.9550656525006 0.12007863813620558
 460.7046442791512 0.12004143407153976
 467.54369204577324 0.12036600317821512
 474.47287663251575 0.12125377638906286
 481.4928657195278 0.12279142214822486
 488.60499466710735 0.12487515245596553
 495.8099311554036 0.1271132228898991
 503.1090105447146 0.1289140330803291
 510.50356819533835 0.12991127282124593
 517.9942717874239 0.1303977439145671
 525.5824566812695 0.13106968626519727
 533.2694582371729 0.13236216569919587
 541.0559441352835 0.13408026982879762
 548.9432497358991 0.13571826176997331
 556.9327103993181 0.1366244921639949
 565.0249938056891 0.13632401031784133
 573.2214353153106 0.1354357078125666
 581.5233702884804 0.134922888862259
 589.9321340854967 0.1349595433407983
 598.4483943865085 0.1350802830949745
 607.074154231963 0.13466171800985724
 615.8094136218601 0.1337265264921844
 624.6561755966471 0.13295966930926367
 633.6157755166217 0.13268626635202677
 642.6888810619333 0.13251307965359443
 651.87682759288 0.1319856554829213
 661.1809504697598 0.13054049000832812
 670.6045880933176 0.12802891732748162
 680.1457374231065 0.12518860103076657
 689.8003923782326 0.12311181605249992
 699.5819065616761 0.12283375133602076
 709.4902799734374 0.12428467117590197
 719.518835812026 0.12620008272794075
 729.667574077442 0.12728582629465196
 739.949848372666 0.12673824332422334
 750.3523050947173 0.12432162036079768
 760.8882978465767 0.12043286555802911
 771.5578266282441 0.11587869888269406
 782.3542146382295 0.11146343392185175
 793.2841386780227 0.10908018910007522
 804.3475987476241 0.11033818872867084
 815.5445948470336 0.11327822698333231
 826.8818037777417 0.11512382061162123
 838.3525487382578 0.11548450538917882
 849.9635065300724 0.11463923457011455
 861.721353954676 0.11321828427621405
 873.6127374090876 0.1116593272324151
 885.6510104962882 0.11036105760044501
 897.8361732162778 0.11195500403383728
 910.1682255690562 0.11755156438972204
 922.6404907531331 0.12404321599045376
 935.2663223714893 0.12799165821342168
 948.0457204241249 0.12771809258479794
 960.9720081095493 0.12611746976894125
 974.0451854277626 0.12668506798248796
 987.2786059817458 0.12853017104827288
 1000.6722697714987 0.1288196440645179
 1014.2128231940404 0.12757990298464705
 1027.9202966538423 0.1278780396702076
 1041.7813365479235 0.12983860170263406
 1055.8026196777744 0.13068829394313156
 1069.9908228448855 0.13039116377066712
 1084.3392692477662 0.131395630549586
 1098.8479588864168 0.13364271238563094
 1113.5302453638178 0.13410492352775596
 1128.3727750769885 0.13252507679387243
 1143.38890162891 0.1278713298646538
 1158.5719482180914 0.12045926492554303
 1173.9285916460233 0.11280741317650347
 1189.4588319127058 0.10964300007818795
 1205.1626690181388 0.10975089323423833
 1221.033426160832 0.1096936241548634
 1237.0911337452565 0.10737194221558659
 1253.3224381684313 0.10355293327501539
 1269.727339430357 0.10012612354872026
 1286.3191911340139 0.09968256010928346
 1303.091316477912 0.09882393828809011
 1320.0437154620506 0.09387875027564177
 1337.1830648879209 0.08665965657167653
 1354.502687954032 0.0822934121943822
 1372.0092614618743 0.08134560217631498
 1389.7094622129384 0.08095470590936492
 1407.5899366042436 0.08105159482003292
 1425.6640382387704 0.08117977119370574
 1443.9250903150287 0.08002699203679109
 1462.3797696345086 0.08028452579590907
 1481.0347529987007 0.08093225850105132
 1499.8766868046243 0.0821804855499129
 1518.9122478537695 0.08495447451199135
 1538.148112947627 0.08441390625869787
 1557.577605284706 0.07776266596590659
 1577.2007248650068 0.07118944439417088
 1597.0308252915104 0.0629945311261727
 1617.0612297627258 0.05010427843014142
 1637.2852614771632 0.03659078906114618
 1657.7162740378033 0.027037065712884854
 1678.3475906431552 0.023179158623053232
 1699.1858880947102 0.020792174674030675
 1720.2244895909766 0.018479562275812225
 1741.4767487349363 0.01682822402900966
 1762.9226351221182 0.015372812856215798
 1784.5821791569924 0.013461335992030182
 1806.4487040380695 0.011408271193432191
 1828.522209765349 0.00939564047625655
 1850.8093731403217 0.007759470658511655
 1873.2968405600063 0.006553761560122086
 1896.0046424288746 0.005641361590091554
 1918.9127483424547 0.004915679260003532
 1942.0411887052185 0.004316670860374678
 1965.3766099141844 0.003809600900440877
 1988.9256887708436 0.0033728412216567877
 2012.6817484737053 0.002992042614656179
 2036.6581426257503 0.002657216836070187
 2060.8415176239982 0.002361073935045797
 2085.245227071429 0.0020980948108495355
 2109.855917365063 0.0018639492246994478
 2134.6869421078795 0.0016551353444767636
 2159.724947696899 0.0014687510245197332
 2184.983287735102 0.001302329468033309
 2210.455285420998 0.001153745372986411
 2236.1409407545866 0.0010211388513871455
 2262.0402537358686 0.0009028615513055044
 2288.1599011663334 0.0007974521265250466
 2314.4865294430015 0.0007035928805280061
 2341.0334921688523 0.0006201033623330627
 2367.787435740906 0.0005459168436017847
 2394.7617137621432 0.00048007102056946187
 2421.949649431073 0.000421695974821475
 2449.351242747696 0.0003700050641538789
 2476.959816910521 0.0003242873211377345
 2504.78872552253 0.00028390289026230625
 2532.8246149807414 0.00024827149601059663
 2561.074162086646 0.00021687200237094684
 2589.5373668402435 0.0001892359241497229
 2618.2142292415338 0.0001649412430108344
 2647.0913956875365 0.00014361001584808263
 2676.1822197812317 0.00012490283538210264
 2705.48670152262 0.00010851655212417902
 2734.9914873087205 0.00009418014210313553
 2764.709930742514 0.00008165184159204705
 2794.62867822102 0.00007071629835439987
 2824.754406545728 0.00006118213635346553
 2855.0804389151485 0.00005287918248571095
 2885.6134521307717 0.00004565665918178087
 2916.346769391107 0.00003938096993603398
 2947.280390696154 0.00003393413930537332
 2978.4143160459134 0.0000292117352174499
 3009.7418686388946 0.00002512200071454397
 3041.2697252765884 0.000021584020747626167
 3072.9912091575034 0.000018526520265813485
 3104.90632028164 0.00001588708702837564
 3137.0150586489985 0.000013610947753893071
 3169.317424259579 0.000011650095920189738
 3201.8000635104004 0.000009962634256562219
 3234.4763300044433 0.000008511888104601977
 3267.3328701387277 0.000007265886960411121
 3300.3696839132526 0.000006196807940849603
 3333.5934481295085 0.000005280429926153423
 3366.9974859860063 0.000004495696075390193
 3400.5751206812533 0.00000382433782933345
 3434.326352215252 0.000003250513817606128
 3468.2578573894916 0.0000027605123625286526
 3502.3562826009907 0.000002342477991921355
 3536.6216278497504 0.000001986151130620325
 3571.0538931357696 0.0000016827039298185967
 3605.646401657559 0.0000014245118572719577
 3640.4058302166086 0.000001205017850748072
 3675.318825209937 0.000001018582768034123
 3710.392063439036 8.60356878224905E-7
 3745.6188681024137 7.261856957101182E-7
 3780.999239200071 6.12504442786792E-7
 3816.5198231290265 5.162605666748842E-7
 3852.1939734922616 4.3484328224983633E-7
 3888.0083366867943 3.660223585815869E-7
 3923.9562359111364 3.078927718911969E-7
 3960.0510247682673 2.5882956704443245E-7
 3996.2726728537154 2.1744978581423744E-7
 4032.627856968971 1.8257450703685686E-7
 4069.1099003125455 1.532019221248372E-7
 4105.7188028844375 1.284806836451713E-7
 4142.441211081666 1.0768829769115543E-7
 4179.290478507212 9.021149559272022E-8
 4216.253251558095 7.553136668261662E-8
 4253.322853432825 6.320777101772457E-8
 4290.505960932892 5.286877777322225E-8
 4327.795897256805 4.419991945730309E-8
 4365.179308801584 3.693558774712654E-8
 4402.662872368718 3.085175132400282E-8
 4440.246587958209 2.575922679397899E-8
 4477.917101967076 2.1498935132786624E-8
 4515.6744143953165 1.7936682070418638E-8
 4553.518525242934 1.4959673269865112E-8
 4591.436080906945 1.247307784853395E-8
 4629.43375818884 1.0397197824269784E-8
 4667.504880287131 8.665179368353767E-9
 4705.649447201816 7.220874079793917E-9
 4743.854105329914 6.017266455445496E-9
 4782.118854671427 5.014988961453642E-9
 4820.437018424862 4.181092684675938E-9
 4858.815273391711 3.4880497322898795E-9
 4897.240265968993 2.912885702607591E-9
 4935.711996156708 2.43645190920362E-9
 4974.230463954856 2.0428546768970793E-9
 5012.782315760455 1.7189045071226096E-9
 5051.367551573507 1.4537243145898937E-9
 5089.97949459252 1.2383919840966943E-9
 5128.624821618985 1.065655790367648E-9
 5167.290179049922 9.296979831792385E-10
 5205.968890083839 8.259552645079902E-10
 5244.667631522228 7.509576883553041E-10
 5283.373049762106 7.022354426047335E-10
 5322.0851448034755 6.782587632190149E-10
