 0. 0.
 0.18499691031122653 0.02085312304313293
 0.5576576836469437 0.06273822214777827
 0.9356888543505336 0.10516428631621548
 1.3191735429550588 0.14818135444895394
 1.7081827060131336 0.19182819132811937
 2.102797436727746 0.23612966629577978
 2.503098828301884 0.2810958083161353
 2.9091679739385357 0.3267196031755053
 3.321091035165875 0.37297236008336054
 3.7389440368617035 0.4198077856907661
 4.162818208879383 0.46715469644157276
 4.5927946444219 0.5149162344778532
 5.028964573342617 0.5629791046833598
 5.471409088844522 0.6112041650982312
 5.920259967382471 0.6594389644513641
 6.375496935655715 0.7075168779827
 6.8373734099235906 0.7552626151835823
 7.305838706934234 0.8025002751118293
 7.781044876443245 0.8490562576612884
 8.263143968206226 0.8947677828952222
 8.752135982223177 0.9394858897161414
 9.248172968249701 0.9830721775941152
 9.751356292789533 1.0254130148472786
 10.261736639094538 1.0664062420682512
 10.77951674017219 1.1059522398732264
 11.304696596022485 1.1439484295895208
 11.837428256401028 1.1802995968939485
 12.377813087811552 1.2148902575478697
 12.926003140009659 1.247600066282905
 13.48204909624722 1.2783164621409693
 14.046103006279832 1.3069186253765928
 14.618215553359367 1.3332962723098993
 15.198589470493292 1.3573403338877656
 15.787275440933474 1.3789410373495092
 16.38442551443552 1.397998621789214
 16.99014105750316 1.4144208186822238
 17.604574119891996 1.42812988132508
 18.227826068105763 1.4390542287560486
 18.8599982686482 1.4471328481552164
 19.50124277127491 1.4523137168994968
 20.15171162574149 1.4545645709137567
 20.811506198551676 1.4538658835704952
 21.48077853946107 1.450231511013797
 22.159630014973406 1.4436726513056333
 22.84821267484429 1.4342102540415018
 23.54667856882933 1.421897234281115
 24.255129063432243 1.4068455278216443
 24.973766891660514 1.3892151723789956
 25.70264273676601 1.3691624561642035
 26.44201001500805 1.346836072890951
 27.191970092890397 1.3223858140666678
 27.95267502016863 1.2959956179152723
 28.7242261633465 1.2678897848604704
 29.50687693868333 1.2383405524440343
 30.300678029430998 1.207637289249213
 31.105882851848836 1.1760434113601432
 31.92259277244058 1.1437761386844894
 32.75095984096183 1.1110251519372738
 33.59118679042007 1.0780063908043405
 34.44342567057088 1.0449627272438686
 35.307879214421746 1.0120821367530388
 36.18464878847639 0.9794212883428788
 37.07398780899416 0.946965920747082
 37.97599764247879 0.9146708756677052
 38.890881021937744 0.8825041288663893
 39.818840680378486 0.8504132926526767
 40.76002866755664 0.818320602128576
 41.714698399731525 0.7861957501875657
 42.68295124340688 0.7541722650696212
 43.66498993159018 0.7224576379384967
 44.661067880540756 0.6911463527371727
 45.6713371400142 0.660306403594731
 46.696051126269886 0.630130041939675
 47.735311205811506 0.6008951401148639
 48.78942147815029 0.5728544519613757
 49.85848330978996 0.5461967468763428
 50.942750116989856 0.5210578203878238
 52.04257668251306 0.4975261814296808
 53.158115056115165 0.4756783317517842
 54.289365237796176 0.45560655653447024
 55.43683406007476 0.43740518249444676
 56.60052152295092 0.42111914301089354
 57.780427626424654 0.4067125573951993
 58.977566035533314 0.3940937302032411
 60.19142991775823 0.3831455576294284
 61.42303293813675 0.3737582548924429
 62.67136143163151 0.3658436909756585
 63.93793589579856 0.3593017425805684
 65.2222494981192 0.35398708356098596
 66.52480907111212 0.34971777894624095
 67.84612144729599 0.34629732012774
 69.18618662667079 0.34349742162006697
 70.54500460923656 0.34111388206173165
 71.92308222751194 0.33902115885889894
 73.32041948149696 0.3371597256672492
 74.73803003622892 0.3355034101962601
 76.1754070591892 0.334050019436646
 77.63305738289645 0.33280747572920943
 79.11148783986934 0.3317966275797943
 80.61069843010787 0.33104473423600406
 82.13119598613073 0.3305800596512872
 83.67298050793791 0.33041839578509996
 85.23655882804809 0.33054958808504314
 86.82243777897993 0.3309349128222732
 88.43061736073344 0.3315087574887343
 90.0616044058273 0.33219632627677775
 91.71489208174282 0.3329193104013506
 93.39200088603603 0.33360397200599046
 95.09293081870693 0.3341824070650305
 96.81768187975554 0.3346041248606693
 98.56625406918181 0.3348409442203677
 100.34016788454181 0.33487625651062103
 102.13840966079819 0.33469311532098234
 103.96199306298826 0.334308192253089
 105.81142492363074 0.3337982070864408
 107.6867052427256 0.3332493325670364
 109.58834085279153 0.3327245622465556
 111.51683858634718 0.33224641957266493
 113.47219844339257 0.33177946801795183
 115.45492725644638 0.3312047700942054
 117.46502502550861 0.33034681438881663
 119.50401224813527 0.3290636720011028
 121.570875259289 0.32734365368032126
 123.66713455652585 0.3253333248836357
 125.79228330732712 0.3232441151033448
 127.94733517673019 0.32122994411059397
 130.13229016473502 0.319366291128625
 132.348161936379 0.31774678593204997
 134.59444365914345 0.3165080400111959
 136.87214899806568 0.31575164138868317
 139.1817847856644 0.31548938857335385
 141.52335102193962 0.3156753469075581
 143.89786137192866 0.3162741099364357
 146.30480900311284 0.3173150861066615
 148.7457144130482 0.31884476887440766
 151.22007076921605 0.3208793717061701
 153.72889173665376 0.3233375866126843
 156.27268414788003 0.32597212130516673
 158.85195483541347 0.3284602234674337
 161.46619696673545 0.3305469382508787
 164.11743787192063 0.33213303973545316
 166.8046638859317 0.33327167284926534
 169.52939550632465 0.3340867262132456
 172.2916327330995 0.33464207956877706
 175.09238923129362 0.3349089497558786
 177.9311581683883 0.3348500996161604
 180.8094600419396 0.3343920227587604
 183.72729485194745 0.33337941083151496
 186.68516943093056 0.331691016198609
 189.68359061140765 0.3294281352662075
 192.723572058416 0.3269715093679231
 195.80511377195566 0.32484834764975595
 198.92872258454528 0.3234824817685708
 202.09541216122224 0.3230476013333605
 205.3051825019865 0.32345404952088375
 208.5595541043941 0.3246501069658051
 211.85751330340767 0.32647957568997804
 215.20108742910193 0.3283708775589992
 218.59027648147688 0.32976430752796254
 222.0255872930512 0.3302526744980381
 225.50752669634355 0.32966335899711513
 229.03710835639126 0.32814673905328356
 232.61433227319438 0.32581220357221563
 236.2407189443089 0.3229377726167974
 239.91576153721616 0.3200033132903399
 243.64098054947215 0.3173440683714971
 247.4163759810769 0.31478202327848176
 251.2429614970678 0.3123938803197623
 255.1217507624821 0.31057873726159885
 259.05223694480117 0.3090478189820685
 263.03594054158106 0.30746797516456276
 267.0733683853404 0.3064821531150034
 271.1655341411166 0.3067178399789123
 275.31243780890964 0.308175075400204
 279.5145862212381 0.3104630870109827
 283.77349987565816 0.3137675387552378
 288.0896856046884 0.31815587641928955
 292.46365024084747 0.3231275765297682
 296.8959006166541 0.3279504921988009
 301.38694356462696 0.33265479362829437
 305.9388064148407 0.3372376528456733
 310.55047550225805 0.3398340211704734
 315.22397815695365 0.33909865826758273
 319.9593143789275 0.33566392972324327
 324.7580046657356 0.3310182745767548
 329.6195421848594 0.32659223625415507
 334.5459542663735 0.3223106266777421
 339.53724091027783 0.3182921230726877
 344.59492261412856 0.3157072541153656
 349.7184925454069 0.31444236840412476
 354.90997803418765 0.3140688815561936
 360.16988591298934 0.31426125484555006
 365.49872301433084 0.31505042534311306
 370.89750300324926 0.31710108746007803
 376.3667327122635 0.32093805446537194
 381.9074258064108 0.3270143676918819
 387.52059595072853 0.33483178857423657
 393.2067499777354 0.34225974554335475
 398.96690155246864 0.3487672492736306
 404.8020643399657 0.3542319623467058
 410.7127451727452 0.35909203242559784
 416.69995771584456 0.3639954988490399
 422.76471563430107 0.3683062039462951
 428.9075257606334 0.3692194814597613
 435.129401759879 0.36535614913100073
 441.431357297075 0.3579865919115988
 447.814406037259 0.3491588096655791
 454.27905481294954 0.3419025560812275
 460.8268241217026 0.3390108242658114
 467.4577139635183 0.3408685729160208
 474.17324483595263 0.34773352720658207
 480.97443040404283 0.35675498933770083
 487.8617775003077 0.36319933170505103
 494.83629978978456 0.3667380236505111
 501.89901093751075 0.36707701241839097
 509.05244510607963 0.3676087370969565
 516.2950817979352 0.36903558268397524
 523.6238800179653 0.3688100332848356
 531.0489764165436 0.3645917835475807
 538.57037099367 0.3571046812495636
 546.1829954241579 0.3511774108187914
 553.886849708007 0.34855622686782023
 561.692070495591 0.347296227030349
 569.5885211365363 0.34849591128226465
 577.5863382812166 0.3586978849553887
 585.6855219296317 0.36803380171506206
 593.881003756595 0.36638198695217516
 602.177852087293 0.35811991410599003
 610.5760669217259 0.35349433926426604
 619.0756482598937 0.3534522136826066
 627.681664426983 0.3560201333703806
 636.3890470978073 0.36173130688800326
 645.2028645975531 0.36407610242059374
 654.1281852514073 0.3600347661907603
 663.1548724089963 0.35842551164707204
 672.2930627206937 0.36203990442144657
 681.5427561864994 0.3741798450067947
 690.9039528064135 0.387628606090501
 700.3715842552492 0.3993154969537008
 709.9557871833799 0.4095946369128839
 719.6565615908058 0.4201508626614326
 729.4688391523399 0.42795038228847954
 739.3926198679824 0.4211357821172658
 749.4380403881069 0.40507034878409065
 759.605100712713 0.3922725772004761
 769.8836641914276 0.38456828163258866
 780.2889357998107 0.38276016077689956
 790.8107788874888 0.3699186469442283
 801.4542617796488 0.3578042637734381
 812.2244528014775 0.35543164755332673
 823.1162836277878 0.35040336336761174
 834.1297542585801 0.35373584497139005
 845.2750013442277 0.35838763170478216
 856.5418882343571 0.3483915909429432
 867.9405515793418 0.3373622988903908
 879.465923053995 0.32787837201785064
 891.1230709835036 0.31581127696318756
 902.9119953678675 0.30940896630214315
 914.8326962070867 0.3109381064610715
 926.8801051759746 0.3035429900471169
 939.069427250091 0.3042289833220594
 951.3905257790628 0.3067763765067965
 963.8434007628902 0.31119152897231783
 976.4381888519462 0.32836020776613806
 989.1698217210443 0.3309494695623089
 1002.0382993701843 0.3063921157584217
 1015.0486901245533 0.2850453403818443
 1028.1959256589641 0.2691894511851986
 1041.485074298604 0.2567618717639215
 1054.9212043686593 0.24319460615871707
 1068.4941792187567 0.2328412024410766
 1082.2141354992696 0.22396225552881782
 1096.0760048850116 0.20555314922748696
 1110.0848557011686 0.18136921009652862
 1124.2457562729282 0.14878629138023855
 1138.5485699499166 0.11507960814708723
 1152.9983650573206 0.08695550732294245
 1167.6002099203267 0.06535899888039932
 1182.3490362137484 0.04988026716259915
 1197.2448439375855 0.0396876555193667
 1212.297769742212 0.03241343839923003
 1227.5027453024406 0.026858371903963788
 1242.8547022930848 0.02246692115012415
 1258.3637773645178 0.0189128925977585
 1274.0249021915533 0.015993061174773195
 1289.8431450993778 0.013570176431859007
 1305.8134377628044 0.011545157700694733
 1321.9459168322069 0.009843499041760226
 1338.2253773320253 0.008407498212488753
 1354.667024237819 0.007191499492207111
 1371.265789224402 0.0061589167402199205
 1388.0216722917737 0.005280028147868743
 1404.9397417651214 0.00453049199038038
 1422.0098609940712 0.003890180493179335
 1439.247234954184 0.003342400644855881
 1456.6366586698987 0.0028731847327055924
 1474.193337116776 0.0024708459471542463
 1491.9071336444422 0.002125526942306046
 1509.7831165780842 0.0018289131706055353
 1527.8162175925154 0.0015739588103398684
 1546.016573338109 0.0013546855353826254
 1564.3740471644917 0.0011660093309650166
 1582.8987757220368 0.0010035998809279781
 1601.580622360371 0.0008637492878894123
 1620.4297237298676 0.0007433015804973008
 1639.4359431801536 0.0006395452499712326
 1658.6094173616016 0.0005501585815750436
 1677.9450779490257 0.00047314800925172043
 1697.4429249424254 0.000406801922172996
 1717.1029583418012 0.0003496463909730657
 1736.9302464723391 0.0003004162288304007
 1756.9146526836664 0.0002580187681234668
 1777.0663136261558 0.00022151354006427748
 1797.3750926494347 0.00019009000981858203
 1817.8511264038757 0.0001630490594178354
 1838.4893465642926 0.00013978670427943545
 1859.2897531306853 0.0001197827670447711
 1880.2472777778669 0.00010258741740317761
 1901.3720571562112 0.00008781296975061957
 1922.6539546153447 0.00007512421598031238
 1944.0980384804536 0.00006423201295823062
 1965.7043087515385 0.00005488666815282129
 1987.4727654285991 0.00004687288885690896
 2009.393271861262 0.000040004635997248015
 2031.4759646999007 0.00003412140099490674
 2053.720843944515 0.000029085058270142496
 2076.1177729447318 0.00002477614586083934
 2098.676888350924 0.00002109192999948856
 2121.388053512719 0.000017943780498547697
 2144.256336755303 0.000015255421064245284
 2167.276669753489 0.000012961206440549663
 2190.454120832464 0.000011004660128349492
 2213.7836216670416 0.0000093371530926797
 2237.265172257221 0.000007916974065204159
 2260.8987726030027 0.000006708260051942802
 2284.6793543792005 0.000005680230598399185
 2308.6119859110004 0.000004806479983150122
 2332.6915988732158 0.000004064368025096585
 2356.9181932658466 0.000003434515196191852
 2381.291769088893 0.0000029002984352030816
 2405.812326342355 0.0000024475272419070515
 2430.469728375859 0.000002064051102039094
 2455.2741118397785 0.0000017394948904160318
 2480.21534008374 0.0000014649959273747736
 2505.293413107744 0.0000012329994078468658
 2530.5133992369765 0.00000103706206919969
 2555.8702301462513 8.716909364160156E-7
 2581.3588375103805 7.3221810036654E-7
 2606.979221329366 6.146673974034638E-7
 2632.7364499283935 5.156624545608655E-7
 2658.620386657089 4.3233250518592594E-7
 2684.6310315154537 3.622454900577992E-7
 2710.7683845034862 3.0333371323517195E-7
 2737.027377296001 2.5385051618834506E-7
 2763.4130782181846 2.1231313776520639E-7
 2789.9153506196626 1.7746860352756598E-7
 2816.539262825623 1.4825729117652667E-7
 2843.2797465108783 1.2378417942263705E-7
 2870.136801675429 1.0329322195114112E-7
 2897.100291668901 8.614747871689423E-8
 2924.180353141668 7.180931988204296E-8
 2951.3668494433564 5.982619466693605E-8
 2978.6547122487805 4.981727474454417E-8
 3006.054078208312 4.146212301723987E-8
 3033.5497423463926 3.449148142970561E-8
 3061.146772988207 2.867902877835556E-8
 3088.84010180857 2.383507916405912E-8
 3116.629728807481 1.980039101960501E-8
 3144.505517334567 1.6441507512047706E-8
 3172.4776040402007 1.3646673518835586E-8
 3200.5358522740094 1.132227077057048E-8
 3228.6751937108056 9.390102879805846E-9
 3256.900696675777 7.784744667523868E-9
 3285.2072928437356 6.45149602018328E-9
 3313.584845564309 5.344734759167665E-9
 3342.038423162683 4.426403930705666E-9
 3370.5680256388587 3.664728211166002E-9
 3399.163516342462 3.0332505039405025E-9
 3427.824895273493 2.5099246534646148E-9
 3456.5521624319517 2.0764117310124545E-9
 3485.3351811674643 1.7174386585422814E-9
 3514.1790198052176 1.4203132150062206E-9
 3543.0786100200257 1.1744857817045427E-9
 3572.0339518118876 9.711994471790893E-10
 3601.03490853043 8.031821488027982E-10
 3630.0814801756537 6.644071541795178E-10
 3659.1685984223714 5.498783035874804E-10
 3688.301331595769 4.554613855718248E-10
 3717.469543045474 3.7774088584916965E-10
 3746.6732327714867 3.138945286268407E-10
 3775.9124007738064 2.616066393820989E-10
 3805.176910402059 2.1897206007804058E-10
 3834.466761656246 1.844409933252733E-10
 3863.77688621118 1.5675823893946013E-10
 3893.112352392048 1.349227192549323E-10
 3922.4630235484756 1.1815271309095064E-10
 3951.8238313552774 1.0586077089435094E-10
 3981.199844137639 9.763893844428304E-11
 4010.5809252451872 9.32373361990013E-11
 4039.967074677922 9.273474956719503E-11
