 0. 0.
 0.1770977556543278 0.03825627441859872
 0.5338463438720015 0.10580332083426137
 0.895736019685258 0.16581881032077664
 1.2628463544762862 0.21885432802451057
 1.6352452750347597 0.26544599081538633
 2.0130104119774486 0.30618938439786214
 2.3962193959211224 0.34175695535322664
 2.7849498574825513 0.37285976212763156
 3.179284279192053 0.40019811993553017
 3.5792954397528494 0.4243997542056743
 3.9850706736088064 0.4459981188670548
 4.396687611376693 0.46541435996062397
 4.814233587500378 0.4829721182619964
 5.237786232596628 0.49891651438309814
 5.667471696417697 0.5134341882495569
 6.103270571309389 0.5266694566412996
 6.545425452949112 0.5387292658498998
 6.993887822201386 0.5496849017391844
 7.448803236472652 0.5595798692711023
 7.910317253169354 0.568446019264531
 8.378429872291493 0.5763250306348356
 8.853286651245512 0.5832798506677082
 9.334984628302374 0.5893959043589989
 9.823572322597558 0.5947689779605807
 10.31924381067299 0.5994939886321702
 10.82199909252867 0.6036724505176992
 11.331983725571042 0.6074147844136476
 11.849294748071067 0.6108221167054714
 12.37407771743519 0.6139584062121833
 12.906381152798891 0.6168417327077428
 13.446350611568615 0.6194763998628576
 13.99403461287984 0.6219001486080515
 14.549627233274494 0.6242019549190966
 15.113176991888054 0.6264754712024874
 15.684829446126969 0.6287711686912775
 16.264681634262196 0.6310963777175683
 16.852879113700183 0.6334605806892606
 17.44951892271189 0.6359091860549269
 18.054698099568277 0.6385093347068226
 18.668562201675794 0.6412897371121732
 19.29125678644088 0.644189456454939
 19.92287889213449 0.6470577178846622
 20.563574076163082 0.6497206409386608
 21.213439376797613 0.65208107866128
 21.87262035144452 0.6541671440378907
 22.541262557510255 0.6561009192205299
 23.219463033265775 0.6580406313378697
 23.907415855253006 0.6601201707908906
 24.60516954260743 0.6624024324404529
 25.31296669100645 0.664851546470135
 26.030904338721037 0.6673303433254042
 26.75912804315762 0.6696529738713602
 27.497734842587175 0.671601220024889
 28.2469673326871 0.6729312422720404
 29.006874032592872 0.6734359761806133
 29.77769753798191 0.673001544361381
 30.559534887125167 0.6716745072819704
 31.352531637429088 0.6696793778744473
 32.1568818654356 0.6672716189368537
 32.972731128551146 0.6646186178655451
 33.80027350331765 0.6618510173390616
 34.639606028006064 0.6589746254771154
 35.490971298293815 0.6557271557496344
 36.354466352451844 0.6520972015229487
 37.23028526702209 0.6485839900390729
 38.11862211854647 0.6454760135347059
 39.019622464431436 0.6426512603220659
 39.93352890035439 0.6398304680338585
 40.86043846458628 0.6368126036776727
 41.80054523366905 0.6335511032928236
 42.754091803280105 0.6299943957995021
 43.72122373082587 0.6260359324158323
 44.70218361198378 0.6216688073814972
 45.697068485024765 0.6169881400757935
 46.70616946476173 0.6119789274791716
 47.72958358946563 0.6065392787812686
 48.76755345481388 0.6008006922986924
 49.82041869475484 0.5951553290582428
 50.88832486669497 0.589806841965963
 51.97127197063425 0.5845958202266068
 53.06974519792749 0.5793371034607913
 54.1837445485747 0.573988586153449
 55.313270022575885 0.5686721205869927
 56.45929200264065 0.5635734999523219
 57.6213252974142 0.5588757197669232
 58.800340289606154 0.5546096467441248
 59.99536659650689 0.5506542816743907
 61.20785979218084 0.5469246260612646
 62.437334685273186 0.5433277050296047
 63.68427646713876 0.5396696219859772
 64.94917032913236 0.535677096993493
 66.23201627125397 0.5311653801802356
 67.5328142935036 0.5261747032041306
 68.8520495872361 0.5206178653122451
 70.18972215245141 0.5143092955395792
 71.54680237185917 0.5074875096674787
 72.9228050541046 0.5004410018001569
 74.31821539054249 0.4932018058731371
 75.73351857252764 0.4856402856472554
 77.16871460006007 0.47729479054766866
 78.62428866449459 0.4677158929946143
 80.10024076583117 0.4569902213427509
 81.59705609542466 0.4459016731698452
 83.11521984462986 0.43510176478545
 84.65473201344678 0.4244887015270482
 86.2160777932302 0.4140906995688558
 87.7987719926253 0.40422594918885757
 89.40427018569659 0.39483517526247924
 91.032572372444 0.38541894169832497
 92.68367855286755 0.3756485303950588
 94.35758872696722 0.3656693960690962
 96.05575846880748 0.3559167372392935
 97.77721739567872 0.34658759852403087
 99.52293589029048 0.3375571407515856
 101.29339914399768 0.32877584872340637
 103.08860715680024 0.3202955526607454
 104.90904512005301 0.3122555901364953
 106.75519822511077 0.30470430901873674
 108.62706647197355 0.29758481082313104
 110.52513505199616 0.29105065416878395
 112.44940396517859 0.2852640661773533
 114.40132878558528 0.27997826645361384
 116.37993913050659 0.27467095445941553
 118.38669057400696 0.26930501550436625
 120.42109792473158 0.26420934940114404
 122.4841315653901 0.25970717962694645
 124.5757914959825 0.25588792965988727
 126.69704809921839 0.25269727931299796
 128.84741618374298 0.2501888905754056
 131.02786613226587 0.24843845463798458
 133.2388831361419 0.24744795842644954
 135.48046719537103 0.24722866233747318
 137.75358869266293 0.24768249633502848
 140.05776243666278 0.24862285639568474
 142.39444400143498 0.24988098237203604
 144.76314819562475 0.251293741831199
 147.16484540194168 0.2527046546881826
 149.60002081174062 0.2539572369272093
 152.06915961637637 0.25493668959887295
 154.5717766244941 0.25563773988595156
 157.10981260151308 0.2561539199706364
 159.68229716472368 0.2565353437952536
 162.29068588819032 0.256713743336668
 164.934978771913 0.2566260488304841
 167.61614619860137 0.2563348221566135
 170.3337029769006 0.25595179254420425
 173.08910468087515 0.25552517742970215
 175.882351310525 0.255081924865248
 178.7139280572049 0.2547039532929234
 181.58432011226978 0.254490158678381
 184.49449785842918 0.25451663465227975
 187.4444612956831 0.25481969162824747
 190.4346956153864 0.25537458033493343
 193.46617120024868 0.2560777909728886
 196.53888805026995 0.25667874360211185
 199.65430173951464 0.25680606016816376
 202.81144188527307 0.25620727141930766
 206.01224925296455 0.2550435158397719
 209.25672384258908 0.2538604956833323
 212.54535084550145 0.25315980939478516
 215.87861545305648 0.25315924308587473
 219.2574880479638 0.2539139526002135
 222.6819686302234 0.2554056424071502
 226.1535127738997 0.25754637242848527
 229.6716352876379 0.260169370595765
 233.23779174550248 0.26297234438605693
 236.85198214749337 0.26546705374981866
 240.51517687632025 0.26709679404703707
 244.22834631469266 0.2673189197353179
 247.99100527125586 0.26567525286230737
 251.8046093200743 0.2622019711246902
 255.66964365250274 0.25771609866927375
 259.5870786512508 0.25346279178732367
 263.55691431631857 0.25028113188751305
 267.5796358390607 0.24833532997782268
 271.6566987935418 0.2478755579561325
 275.7885883711166 0.24936044129683493
 279.97578976313986 0.252680636649883
 284.2187881609664 0.25700137954090047
 288.51806875595116 0.2610940435053589
 292.87557231351326 0.2642954318161264
 297.2903284509432 0.2670304066524851
 301.76427793366 0.27010343264795655
 306.29742076166394 0.2740191263511945
 310.8912125090192 0.27848383351172834
 315.5451679843712 0.2821866190298668
 320.26122795313904 0.2836527843684602
 325.0393924153227 0.28275642084783303
 329.88111694498673 0.2804746980838965
 334.7859163507762 0.2774209516433648
 339.75573139811047 0.2740271486163365
 344.7910472783442 0.2704701321821268
 349.8923491828324 0.26677758979329436
 355.0606074942845 0.2634683512093775
 360.2963074040554 0.26131121338497815
 365.6004192948548 0.2603511537965772
 370.9739135493922 0.25910052470689243
 376.4172753590225 0.25626284957420997
 381.93147510645525 0.2529785258390541
 387.51748317440007 0.25030614385754246
 393.1757847542118 0.24876236473019475
 398.90735022860014 0.2481672758742146
 404.7131499802746 0.24744525463650907
 410.59366920059 0.2462303884631821
 416.549878272256 0.24619700413405102
 422.5827475779822 0.25045730806355543
 428.6932475004784 0.2587153094027325
 434.8818632310991 0.267043112794752
 441.1500503439089 0.27138911553381845
 447.4978088389078 0.27282800411340513
 453.92659429016027 0.2742558587769953
 460.4373770803758 0.27578533439787073
 467.0306424009093 0.2765507018166194
 473.70736063447043 0.2745637583200641
 480.4685021637688 0.2730130865342926
 487.3164929455783 0.27556847245597693
 494.2498774058347 0.2805643065614945
 501.26574439640905 0.28504200926828754
 508.37379774439756 0.2884808349563258
 515.5740374498002 0.29103160701733716
 522.8616115990691 0.290779936210158
 530.236520192204 0.2869004465753629
 537.7084670563012 0.28204551364219144
 545.2677483642643 0.276881594691334
 552.9240679431899 0.2696781169841639
 560.6774257930776 0.26024962792521167
 568.5229700003797 0.253494465162688
 576.465552478644 0.25471671147408415
 584.5051732278707 0.2622675763806622
 592.6418322480596 0.26924573986629424
 600.8803814527589 0.26860387546542985
 609.2159689284206 0.2648883854543877
 617.6534465885926 0.2660692508016841
 626.1976663468232 0.2731621818415025
 634.838924376016 0.27943016397909676
 643.5869245032674 0.2823730138791324
 652.4416667285775 0.2848800081167817
 661.4031510519459 0.28345897016461463
 670.4665255598248 0.28091854199106503
 679.6414940793104 0.2863472359865822
 688.9280566104026 0.29683037114621164
 698.3213612395532 0.30313156903029564
 707.8214079667624 0.30610274992985054
 717.4379006191265 0.3076834450832824
 727.1708391966453 0.30717622378991294
 737.0105198722226 0.3055671011146782
 746.9714983865027 0.29446053234353886
 757.0440709123895 0.2779640759472099
 767.2330893634311 0.2685656208775867
 777.5434056531757 0.2616350776572506
 787.9701678680748 0.2501382675371469
 798.5133760081288 0.24323456104556182
 809.1827339004338 0.24040083936618162
 819.9685377178936 0.23597543736766216
 830.8804912876043 0.23196145109657768
 841.9137426960178 0.23698887953669684
 853.0731438566825 0.24427520939644257
 864.3586947695981 0.24139293167753095
 875.7703954347645 0.23111005372393045
 887.303393938634 0.22440877324796685
 898.9722460218507 0.21741871231604792
 910.7672478573184 0.21617150146178513
 922.688399445037 0.21583122943066063
 934.7454046121028 0.21065326410701815
 946.9334114449679 0.20521650145069048
 959.2524199436319 0.20527424516545223
 971.7072820216433 0.20579855043166512
 984.2931457654536 0.19957498678465832
 997.0148630886113 0.19524295905127623
 1009.8772859046642 0.19460675482091896
 1022.8707103865164 0.1948401482756042
 1036.0048403612636 0.197840997761302
 1049.2748239153584 0.1982885699208513
 1062.6855129623484 0.19299357488356378
 1076.2417594157816 0.17209127846952946
 1089.9338594485625 0.14447397023678374
 1103.7666649742384 0.11301219606936304
 1117.7450279063578 0.08477984373636843
 1131.8640963313726 0.06501081491176482
 1146.1238702492826 0.05355280922090664
 1160.5340534871843 0.04329867189657397
 1175.0897941315295 0.034961335094283515
 1189.78624026877 0.02876973736961894
 1204.633095726002 0.02369168795129134
 1219.6255085896773 0.019722553287762856
 1234.7683307733446 0.016759127229822934
 1250.0567103634548 0.014520644093593015
 1265.500351187105 0.01275692486920163
 1281.0846975036507 0.011310223031743177
 1296.8243050537358 0.010086839668974395
 1312.7143219238126 0.009029261095861569
 1328.7547481138809 0.00810058136457985
 1344.9504355374888 0.007276085738348458
 1361.2916803675403 0.006538558644621502
 1377.7930383446796 0.005875549220628146
 1394.4399537282623 0.005277626201072299
 1411.2469822589328 0.004737421732060087
 1428.2044201095948 0.004248926706082599
 1445.3171191937965 0.003807082190345671
 1462.5802275979897 0.0034075568408643937
 1480.003449149271 0.0030465160731497835
 1497.5770800205437 0.002720532177500695
 1515.310824038904 0.0024265092779336465
 1533.1949773772562 0.0021616221636162345
 1551.239243862696 0.001923278177932249
 1569.4339196681274 0.001709103565812582
 1587.7887086206465 0.001516902772521481
 1606.2987588067053 0.0013446560935219262
 1624.9640702263039 0.0011905049595519381
 1643.7846428794423 0.001052739873413751
 1662.765328679668 0.0009297885018332597
 1681.896423799886 0.0008202093982042644
 1701.1876320671913 0.0007226810463869557
 1720.6292496544884 0.0006359956031469368
 1740.2309803888731 0.000559050985470446
 1759.9879723567974 0.0004908445287662512
 1779.9002255582614 0.0004304618128160541
 1799.9628880797172 0.00037707573685850134
 1820.1856637482606 0.00032993663029889226
 1840.5588487367957 0.0002883661776177189
 1861.0872949588704 0.00025175296601344117
 1881.7710024144849 0.00021954587047848245
 1902.6099711036388 0.0001912498902592064
 1923.5944971992367 0.0001664203435607789
 1944.7342845283738 0.00014465875704553402
 1966.0293330910506 0.00012560883091772024
 1987.469939060171 0.0001089525137274846
 2009.0658062628308 0.00009440630397860817
 2030.8072308719345 0.00008171734593195125
 2052.6990648010296 0.00007066127213748246
 2074.736456136568 0.0000610388530364011
 2096.9242567920983 0.00005267375056008244
 2119.2576148540716 0.00004540958870798342
 2141.7365303224888 0.00003910858681341671
 2164.361003197349 0.00003364894106284908
 2187.126181565105 0.000028923441772206145
 2210.036917339304 0.000024837708523172163
 2233.0883586063987 0.000021308904445955524
 2256.2805053663888 0.000018264261554038868
 2279.6133576192738 0.000015640104550591433
 2303.086915365054 0.000013380686454128404
 2326.691474776634 0.000011437281738967458
 2350.436739681109 0.000009767360076270966
 2374.3130062513833 0.000008333860431304666
 2398.3202744874566 0.000007104518411712609
 2422.463396302877 0.000006051280957795808
 2446.7375197840965 0.000005149788019261834
 2471.1377930175668 0.000004378902931243763
 2495.6642160032884 0.0000037203215759304756
 2520.321640654809 0.000003158210541284196
 2545.1003631450326 0.0000026788555910167224
 2570.000383473959 0.0000022704562825873844
 2595.021701641588 0.000001922813471816795
 2620.159465734372 0.0000016271467108120046
 2645.418527665859 0.0000013758986976259085
 2670.7891836089525 0.0000011625841787696337
 2696.276285477201 9.816238238804941E-7
 2721.8749813570557 8.282321765191864E-7
 2747.5852712485175 6.98319171320171E-7
 2773.39745132449 5.883774574168929E-7
 2799.321225412068 4.95409946563718E-7
 2825.346889684157 4.1685469737896563E-7
 2851.4695922272085 3.5052934439296596E-7
 2877.6990368683187 2.9456989739846073E-7
 2904.020667866843 2.4739078628958234E-7
 2930.4393371363285 2.0764264105116367E-7
 2956.9501927632296 1.7417827315749503E-7
 2983.553234747544 1.4602362436183294E-7
 3010.2387592621767 1.2235134477813898E-7
 3037.0164701342237 1.0246143739410397E-7
 3063.8766635365887 8.57598332940289E-8
 3090.814487555723 7.174419795624563E-8
 3117.834794105176 5.998964157315293E-8
 3144.9327312713986 5.013721514802738E-8
 3172.0985952272945 4.188378629190323E-8
 3199.3372378864124 3.497390836152503E-8
 3226.648659248752 2.9191909525830207E-8
 3254.023155487217 2.4356323346510148E-8
 3281.460726601808 2.0314349879019603E-8
 3308.9613725925237 1.6937537617638294E-8
 3336.515389632269 1.4117889093049311E-8
 3364.127629634592 1.1764730428699787E-8
 3391.7932406859436 9.801914855264168E-9
 3419.512222786325 8.165720569759338E-9
 3447.274872108639 6.802620543113642E-9
 3475.0811886528863 5.667865921730774E-9
 3502.926320505519 4.724046976981069E-9
 3530.8151195800842 3.939882330167316E-9
 3558.737882049486 3.289298877074932E-9
 3586.694607913725 2.750560629192325E-9
 3614.685297172801 2.305626803921011E-9
 3642.7002459996165 1.939539272678048E-9
 3670.739454394173 1.639960193170728E-9
 3698.7980704429224 1.3967745198257606E-9
 3726.8809460594125 1.2017556859866777E-9
 3754.9783774165467 1.0483136622224077E-9
 3783.0855126007773 9.312655216144758E-10
 3811.207203525652 8.466793546257695E-10
 3839.3337463640746 7.917445850238847E-10
 3867.4651411160457 7.647581423523364E-10
