 0.26072308567520447 0.9999353302280873
 0.7859278935324734 1.0001221184585034
 1.3187014038653577 1.0007591897017993
 1.859160761559286 1.0018659732611657
 2.4074059683457216 1.0034229083265804
 2.963551311917765 1.005317666128891
 3.5277110799685185 1.0073954562091276
 4.099999560191082 1.0095145497853857
 4.680538183259376 1.0115771477543682
 5.269434093885683 1.0134472747870387
 5.86681586572474 1.0150639937404196
 6.472797786469649 1.0164334272933613
 7.08750842977515 1.0175399889626582
 7.711062083334342 1.0183662637089275
 8.343644464648516 1.0190160279544902
 8.985227001794394 1.019417818546887
 9.63616684381292 1.0196467857412752
 10.296392560895903 1.019771720804539
 10.96611844246791 1.0196734873928062
 11.645558777953502 1.019480577499987
 12.334713567352683 1.0191833639411199
 13.033797100090016 1.0187629079115952
 13.742952235781875 1.01824514782432
 14.462250404236451 1.0175965028672656
 15.191977324686496 1.01686939110416
 15.932132997132008 1.0160713571854538
 16.682931710997554 1.0151510859016497
 17.444516325899507 1.014161048050318
 18.217101131262435 1.0131313727582638
 19.000757556894527 1.0120285796725634
 19.795699892220345 1.0108648609504203
 20.60199956704808 1.009661124891336
 21.419942300610476 1.0084047043954654
 22.249599522715727 1.007098792925121
 23.0911855227884 1.0057831200761753
 23.94484316044487 1.0044302179611102
 24.810786725109697 1.0030236335690765
 25.68915907639926 1.0016153194418531
 26.580103073929937 1.0001792764122301
 27.483833007126293 0.9986651642215288
 28.40056316541289 0.997126259892118
 29.330436408406104 0.9955325087882024
 30.2736670255305 0.9938971092842316
 31.230397876402456 0.9922316991581898
 32.20084325044653 0.9905176853334228
 33.1852174370873 0.9887810657574981
 34.18366329594113 0.9870170912586586
 35.19646654624078 0.9852265072757971
 36.223698617794426 0.9834233024459947
 37.26571665964302 0.9814706666052055
 38.32266353140294 0.9797606791153218
 39.39475352249874 0.9778872693661086
 40.482129492546804 0.9760043632774523
 41.58514859058807 0.9740827552796444
 42.70388224643072 0.972129421490933
 43.838687609115716 0.9701507255447064
 44.98970753825941 0.9681633266239208
 46.15715632328638 0.9661542890526154
 47.341319683429376 0.9640926363602785
 48.54241190811297 0.9619788234048348
 49.76071871656989 0.9597974754714098
 50.99638296841653 0.9575599002308701
 52.24976181269384 0.9552706896449916
 53.52099810901817 0.9528946973774066
 54.8103775766223 0.950435077782231
 56.11818593473896 0.9479008027802509
 57.444637472792735 0.9452848326957259
 58.790089339824554 0.9426100856293737
 60.15468439545079 0.9398512142571922
 61.5387083589042 0.9370116300502745
 62.94251837922573 0.9340948618225664
 64.36632874583994 0.9310612751263742
 65.81049660778777 0.9279428526518048
 67.27516482468559 0.9247475569697388
 68.76076197538254 0.9214378151736834
 70.26743091949498 0.9180080435295414
 71.79552880606387 0.9144103215353048
 73.34555564374652 0.9106516345057049
 74.91772572196751 0.9067396460518873
 76.5120390407268 0.9026586408343047
 78.12920989810631 0.8984195763494817
 79.76923829410602 0.8940230495680335
 81.43212422872593 0.8894654764282882
 83.1192962981298 0.8847272069751451
 84.83004020423577 0.8797926798873171
 86.56578454320758 0.8746692504825224
 88.32510071888149 0.8693521048262587
 90.11013162550313 0.8638172318173751
 91.92016296499061 0.858081429467994
 93.75590903542582 0.8521546007005462
 95.61808413489065 0.8460743126063305
 97.50668826338509 0.8398627401893519
 99.42172142090914 0.833525990387766
 101.36389790554468 0.8270719029767798
 103.33321771729172 0.8204815954735325
 105.33110945231401 0.8137407225014032
 107.35685881252968 0.806835391339384
 109.4111800960206 0.7997258210876913
 111.49478760086866 0.7924451502727726
 113.60768132707386 0.7849258663984501
 115.75057557271806 0.777328218665817
 117.9234703378013 0.7694516171072778
 120.12707992040545 0.7613221418100686
 122.36211861861237 0.7529715107318793
 124.62858643242207 0.744377552406881
 126.92719765991644 0.7355046152629965
 129.25723800301358 0.72634488248213
 131.62085035595916 0.7169298767777204
 134.01803471875314 0.7072982558991215
 136.44879109139558 0.6974986082258158
 138.9131194738864 0.6874760663343545
 141.41316276047135 0.6772251791450734
 143.9474923549866 0.6667626572658031
 146.51753685359586 0.6560996949354121
 149.12401055438113 0.6452170622996826
 151.76691345734233 0.6340750097982394
 154.44695986056138 0.6227011006192111
 157.1648640621201 0.6111382763417618
 159.92062606201856 0.5993965943807515
 162.71496015833864 0.5874937428858839
 165.5478663510803 0.5754531173463966
 168.4214875344892 0.5632661872681086
 171.33439511240158 0.5509003722888031
 174.28873197906307 0.5383579504291287
 177.2837838363918 0.5257130350316611
 180.32097928055154 0.5129839018952305
 183.40031831154226 0.5001557179531761
 186.52322952552777 0.48724696463680234
 189.68899862442618 0.47426052708183203
 192.8990542044012 0.46118351238050925
 196.15411056353477 0.44803054369264544
 199.45416770182686 0.43477661828427483
 202.80065421544126 0.4214295634667052
 206.19285580629605 0.40801093865440347
 209.6329153686369 0.39455656648919996
 213.12011860438193 0.381100887968657
 216.65589410969488 0.3676793710652339
 220.24095618265767 0.35429770941205924
 223.87601912135213 0.340961822470217
 227.56036862769645 0.32774996844305
 231.29686189401806 0.3147116345665179
 235.0840703241533 0.3018727929340239
 238.92413681234774 0.2892746510188467
 242.81706135860136 0.2769111752013942
 246.76427255907802 0.26475918996123676
 250.76505611569578 0.25281202986802015
 254.8215549227003 0.24107797433264883
 258.93376898009154 0.22961365390679542
 263.1024125859514 0.2184394829309945
 267.32820003836184 0.20772434268232098
 271.6125599334865 0.19688046486527763
 275.95549227132545 0.18648951446032858
 280.35771134996054 0.17635399602650761
 284.8206457655556 0.1664529037386912
 289.3442955181105 0.15680505431785266
 293.930803501871 0.1474551541575001
 298.5787411206733 0.1383988105772651
 303.290965566845 0.12962314601848715
 308.06747684038595 0.12114979252541641
 312.9089892393781 0.11299224948228999
 317.81621706190333 0.1051175177367279
 322.79058890412546 0.09753855912889908
 327.83210476604444 0.09027093701810972
 332.94290754190587 0.08332235884560721
 338.12228293362796 0.07667471668779759
 343.3723738354563 0.07026937366630838
 348.6931802473909 0.06410656761954851
 354.08613076559556 0.05825034667325916
 359.5526539862339 0.05276127448137299
 365.0920356112242 0.04762735690302955
 370.7064185348121 0.04282807027856163
 376.39651705507936 0.03832765451175236
 382.16375976818983 0.03409883732838437
 388.00814667414346 0.030157461034347362
 393.9303920710222 0.026500265871742538
 399.9326388530717 0.02312765365081696
 406.01560131837374 0.020033181238626435
 412.17999376501024 0.017186751162032776
 418.42653049106315 0.014618289134298672
 424.7559257946143 0.012335343543990285
 431.1710368679912 0.01030422902224196
 437.67043511503016 0.008519040484322863
 444.25697772805853 0.006965287291962186
 450.9306647070765 0.005619030893201203
 457.69363894632966 0.004460130684195987
 464.54518614773616 0.0034566868634309574
 471.4881635036234 0.002610278305855303
 478.52257101399147 0.001920785437556446
 485.6505515730861 0.001365747982892908
 492.8713908828252 0.0009242245830910134
 500.1879461355365 0.000555956887536829
 507.6009316293016 0.0002146159196231905
 515.1110616622028 -0.00012082142068912073
 522.7197648304035 -0.00045580619105244893
 530.4277554319857 -0.0007917217831390546
 538.2364620631132 -0.001114349833583228
 546.1473133199498 -0.0014083805820582513
 554.1610235005774 -0.0016538804981440695
 562.2790212011595 -0.0012770173222627372
 570.5027350178601 -0.0008868028872802493
 578.8328792487611 -0.0013761338222880602
 587.2708824900261 -0.0015835706580516835
 595.8181733378191 -0.0016429818936977546
 604.4754660902216 -0.001622406072063555
 613.2441893433978 -0.001585958403017885
 622.1257716935112 -0.001455881925103528
 631.1216417367257 -0.0012943421152513451
 640.232513771123 -0.0011101701602465154
 649.4605306909489 -0.0009334171882406266
 658.8056924962033 -0.0007908037502090494
 668.270142081132 -0.0006821878937059676
 677.8553080418985 -0.0005917126432868393
 687.561904676585 -0.0005085993671908153
 697.391360581355 -0.00043490906003636773
 707.3451043523725 -0.00037208624255939893
 717.4267074800465 -0.000311798644151467
 727.6340270701319 -0.00023738722693406964
 737.962777334137 -0.00013482254485418758
 748.4272442336995 -6.151889583595102E-7
 759.0274277688196 0.00015403029027177232
 769.7561849586783 0.00030624913756370124
 780.6135158032757 0.0004435118946677928
 791.6137062642495 0.000562617505236765
 802.7424703799617 0.0006747443607981214
 814.0140941120503 0.0007965266703324455
 825.428577460515 0.0009343098302185777
 836.9787774445375 0.0010911166134502603
 848.6718370449361 0.0012582353684058637
 860.507756261711 0.0013940206914809874
 872.4865350948622 0.0014482784821228643
 884.6153165252084 0.0014151810955440772
 896.886957571931 0.0013473218830030653
 909.3086012158486 0.0013079236487298735
 921.8873904377803 0.0013335525235791286
 934.609039276088 0.0013478898871694255
 947.4878336924097 0.0013351503136610754
 960.5237736867455 0.001227308996600729
 973.7168592590949 0.0009870837672122075
 987.0599474286397 0.0006552488617830732
 1000.5673241570171 0.00031020080941086814
 1014.2389894442272 0.000005767732792582205
 1028.0678003094513 -0.0002157854975218499
 1042.053756752689 -0.0004114471405278355
 1056.2111447355785 -0.0006973055787302493
 1070.5399642581197 -0.001076108765392607
 1085.0259293586746 -0.0013861470238190968
 1099.6904689796997 -0.0014347449175870696
 1114.5192971595577 -0.0014252773302127794
 1129.5195568790673 -0.0014102200955927431
 1144.6983911190473 -0.00137266935837383
 1160.0486568986785 -0.0014230612579528633
 1175.5703542179615 -0.001505878761339402
 1191.2777690385337 -0.0014725883244085744
 1207.1566153987574 -0.0014435424130411576
 1223.2211792602702 -0.0013684873319822284
 1239.4643176422533 -0.0013435417517522153
 1255.8931735255258 -0.0013794066340437007
 1272.5077469100872 -0.0013669817350927644
 1289.3080377959377 -0.0012987093023146305
 1306.2869032022588 -0.0012380533098790294
 1323.4657720715065 -0.001120438254128756
 1340.8303584420435 -0.0009492727632138745
 1358.3806623138698 -0.0006421222811717808
 1376.1309696486226 -0.00015336143066907326
 1394.0741374654835 0.0006195222101083265
 1412.2101657644525 0.0014824040872455644
 1430.5461975263484 0.002249766119454621
 1449.0750897703517 0.002769619371338271
 1467.8039854772824 0.002830808335683603
 1486.7400276279584 0.0024641861553049878
 1505.8689302607424 0.0019648613716644657
 1525.204979337272 0.001593189394082406
 1544.7410318767286 0.0014379624775123126
 1564.4842308599307 0.0013891384555676822
 1584.441719267697 0.0012634748330205444
 1604.5992111383905 0.0010221616359918505
 1624.9638494528292 0.0008052657131324474
 1645.5427771918326 0.0006398119659726381
 1666.3288513745815 0.0005154826801349658
 1687.3220720010759 0.00029731507191524766
 1708.5367250329537 -0.000058812962488308325
 1729.9656674893959 -0.00012666808136341056
 1751.6017563895837 -0.0001740162492347615
 1773.4592776951547 -0.00018102215155103464
 1795.5310884252901 -0.00021944993779330512
 1817.824331560809 -0.00018666249978418215
 1840.3318641208919 -0.00014689236961736206
 1863.067972067177 -0.000032313726258161425
 1886.011226457208 -0.0000031987749849916567
 1909.1830562334405 -0.00002690112506063509
 1932.576318415057 -0.000022857442009208875
 1956.191013002056 -0.000021025342836867845
 1980.0342829752574 0.0000105288324750051
 2004.091842373023 0.000030014081265980298
 2028.38512013781 0.0000358848158238537
 2052.8926873271607 0.0000364231349132145
 2077.6359728835328 0.00003540981624929251
 2102.6006908452878 0.000033928699708883124
 2127.793984193245 0.000032260382812749964
 2153.2087099465853 0.00003097094353972478
 2178.8591540669468 0.000030089215239505716
 2204.7310305926912 0.00002912105197042339
 2230.8386254854563 0.000028317963152898904
 2257.1676527836053 0.000027647099632183866
 2283.7323984487743 0.000027472910583178603
 2310.5185765193273 0.00002698941139624639
 2337.540472956901 0.00002656099591838569
 2364.790944780677 0.000026575629326400558
 2392.2699919906545 0.000026241893762759838
 2419.977614586834 0.00002593650528996321
 2447.9209555500347 0.00002603214944972926
 2476.0857289186188 0.000025774937759374386
 2504.4862206542234 0.000025527529985092686
 2533.1081447952115 0.000025298846012930952
 2561.96578730322 0.000025071808567400373
 2591.052005197431 0.000025578484855452745
 2620.3667984778435 0.000025373466092390628
 2649.9030241636397 0.00002516605502932196
 2679.674968216457 0.00002496929231570675
 2709.668344674657 0.000025122511786535617
 2739.890296519059 0.000026658810164707766
 2770.3408237496637 0.000024068011473909124
 2801.01992636647 0.000023867734812909566
 2831.913318407841 0.00002709451077856693
 2863.035285835414 0.00002354536901912215
 2894.3858286491886 0.00002335519595585191
 2925.950660887528 0.000026517584558333915
 2957.744068512069 0.000026333023597736287
 2989.751765561175 0.00002289655952274774
 3021.9808950156644 0.00002271925892335602
 3054.4243138947177 0.00002580353868485075
 3087.0891651791544 0.000025631848751587552
 3119.9683058881556 0.00002546523080405307
 3153.061736021721 0.000025300789839639095
 3186.369455579851 0.00002514115386785477
 3219.884321581727 0.000024983545885707244
 3253.6134770081667 0.00002482789869886284
 3287.5497788783523 0.00002467678457409384
 3321.6932271922838 0.00002452750509754217
 3356.04382194996 0.00002438003279555234
 3390.6015631513824 0.000024239306739586482
 3425.352164834913 0.00002710390645330765
 3460.309912962189 0.000026966754721259642
 3495.4605215715733 0.000023831567131461713
 3530.803990663065 0.000023699481510387062
 3566.347463217484 0.000026507295362567306
 3602.083796254011 0.000026382578032154194
 3638.005846791826 0.00002623142688799157
 3674.1136148309315 0.000026108839709124372
 3710.4142433521447 0.000025961126672276253
 3746.893446393828 0.000025849020055186857
 3783.551223955982 0.000025708860647232862
 3820.387576038606 0.000028437944345079923
 3857.3953596608817 0.000028303788143155506
 3894.5817178036277 0.00002536247157988546
 3931.932364505206 0.0000252365497543337
 3969.4544427464366 0.000027922039580684326
 4007.1408095464994 0.0000278005838342026
 4044.9914649053953 0.000027685379961473092
 4082.992122861486 0.000030322640980475537
 4121.15706937641 0.000030209213290495896
 4159.472018488527 0.000027353080851208694
 4197.929827217023 0.000027246612880018657
 4236.544781523532 0.000029852703065171868
 4275.295452465598 0.000029755684436927722
 4314.188983024041 0.000029639496302627798
 4353.218230218041 0.000032226990593946666
 4392.383194047598 0.000029449091083421654
 4431.669588551075 0.000029344240843168768
 4471.0916996901105 0.000031912130494683665
 4510.635241503065 0.00003181714832936445
 4550.2930710091205 0.00003436262765961253
 4590.072331189096 0.00003426827961154191
 4629.9658790621725 0.000031544027645751324
 4669.9594286667125 0.0000340809836067045
 4710.060122983535 0.000036608234873922814
 4750.267962012639 0.00003651728393613734
 4790.568659792388 0.000036433238612000745
 4830.962216322781 0.00003634957821511048
 4871.448631603819 0.00003627268620492231
 4912.013619673865 0.000036199309524411646
 4952.664323513735 0.00003870455944410943
 4993.393600142613 0.00004120754207096423
 5034.201449560497 0.000041135466293629975
 5075.0735858057515 0.00004107081634665068
 5116.010008878376 0.000043570993647845216
 5157.003575797549 0.0000460678974002051
 5198.061429544093 0.000046003812005203514
 5239.169284156367 0.00004594788807966758
 5280.327139634374 0.00004844050274845725
 5321.534995978112 0.00005093821104392208
 5362.778567225944 0.00005343751280355999
 5404.057853377871 0.00005593994911108452
 5445.365711453072 0.00005589643779315764
 5486.709284432368 0.00005839607029094512
 5528.074286354121 0.00006344668304195277
 5569.453574237511 0.00006595681846754403
 5610.854291063357 0.0000710050619372512
