 0. 0.
 0.25702720371392596 0.12225725141441943
 0.7747869670700165 0.3664456775491318
 1.3000081427057757 0.6121109532658926
 1.8328062149184732 0.8571425030548258
 2.373279767864314 1.0978901959922067
 2.9215414691503905 1.3299414795487088
 3.477703986383794 1.5490406761128466
 4.041879987171618 1.751755608261275
 4.614189180846396 1.935808955832567
 5.194737193289778 2.1000847154859494
 5.783650775559742 2.244454608308611
 6.381042595263381 2.3695286400461324
 6.987039403458672 2.4764515526497743
 7.6017538677527074 2.5666435984279596
 8.225369073007013 2.6416986809473446
 8.857856852319815 2.703247400209983
 9.499569291963272 2.7528554599208053
 10.15043597468296 2.7920210933415186
 10.810668152242169 2.8221119587039323
 11.4804770764042 2.8443416007885345
 12.159862747169052 2.8598217529055363
 12.849036416300025 2.8695078093350226
 13.54813891830598 2.8742320364211142
 14.257240670441352 2.8747292872374532
 14.976623341723869 2.8716180818057886
 15.706286932153533 2.8654330437631943
 16.44644269349364 2.8566546014910847
 17.197231460253057 2.8456893106963257
 17.958864484195082 2.8328802017894654
 18.731412182574147 2.8185321843578346
 19.515085807153547 2.802872564472952
 20.309955775187714 2.7861153872868796
 21.116303755694382 2.768437412943291
 21.93420016592798 2.7499611407584394
 22.763856257651806 2.7308199161895677
 23.605412865374728 2.711116815554383
 24.45908124086004 2.6909238102375355
 25.32500221861661 2.670340239536247
 26.203316633153303 2.6494340710755244
 27.094235736233415 2.628258033261928
 27.997970779620246 2.606892581259536
 28.914662597822655 2.585385672248131
 29.844522442603942 2.5637691441987056
 30.787691148472973 2.54210267540454
 31.744379967193048 2.520429986322037
 32.714800150527466 2.4987872336239976
 33.699092532985084 2.4772026781486107
 34.69753878358364 2.4556870934362505
 35.71020931957756 2.4342702691084415
 36.73745622723901 2.4129924447528066
 37.77942034107686 2.3918668154353515
 38.83631291285439 2.3709357265276547
 39.908274777080486 2.3501850685546763
 40.9956580200273 2.3296196629873385
 42.09853305894926 2.3092346343929533
 43.21725198011854 2.2890447133619807
 44.351955618043995 2.269045109213065
 45.50285522448893 2.24927115922351
 46.67023246847108 2.2297492171975626
 47.85429860175373 2.210496223720837
 49.05533529335462 2.191508914511311
 50.2734833777826 2.172804696537053
 51.50909494130985 2.154412005032176
 52.762310818445215 2.136370745960826
 54.033412678206446 2.118687755296626
 55.32268218961126 2.1014012284283132
 56.630330604422966 2.084555857241904
 57.95671000891372 2.0681371901924224
 59.30196123759238 2.0520869229483982
 60.666365959476686 2.0363547175852723
 62.05027626083879 2.020901973413024
 63.453903393442005 2.005703477092407
 64.8775994435585 1.990766191454948
 66.3215052456971 1.9761132616604922
 67.78604330338443 1.9617579986111506
 69.27135445112935 1.9476965003379414
 70.77779077520404 1.9339046726142257
 72.3058451963895 1.9203800556251311
 73.85572896644904 1.9071342824201112
 75.42744208538265 1.8941588294573082
 77.02168872573466 1.8814568777861518
 78.63846888750508 1.8690679919973783
 80.2777825706939 1.8569959944143615
 81.94103812038978 1.845173331105992
 83.62753136404838 1.8334971734004726
 85.33867064675836 1.8218781878716914
 87.07304762343107 1.8102309986562586
 88.8327748116995 1.798508383508243
 90.61714803901928 1.7867304445470307
 92.42687147793478 1.7749178108097927
 94.2626493009903 1.7630543427697556
 96.12448150818587 1.7510768169603284
 98.01236809952144 1.738995923211044
 99.92701324754138 1.726858104241261
 101.86841695224567 1.714646273039212
 103.83798755872296 1.7022975299965974
 105.83502089442894 1.6897994751082248
 107.8602211319079 1.6772191127469005
 109.91429244370421 1.6645409466546566
 111.99723482981784 1.6517228911113215
 114.10975246279313 1.6387561257353125
 116.25184534263008 1.6255784744363568
 118.42421764187299 1.612121437313695
 120.62757353306623 1.5983807966447234
 122.86191301620975 1.5843391495497785
 125.12794026384792 1.5699624076193557
 127.42495110343637 1.555320051325401
 129.75505805260812 1.5405164390762993
 132.11826111136313 1.525579594494254
 134.51456027970144 1.510541612867882
 136.943955557623 1.4954282691919585
 139.40855946276085 1.4802173296072754
 141.9069636500263 1.4648329603186805
 144.44057646450798 1.4492477215681334
 147.01010207875026 1.433494629527909
 149.6155404927531 1.4175760906502526
 152.2575958790609 1.401507512184839
 154.93697241021786 1.3852902241007785
 157.65367008622408 1.36889076582129
 160.40839307962386 1.3522840547052017
 163.2011413904172 1.3354436712872533
 166.03402753623706 1.3183761491656907
 168.9056431719948 1.30105162394401
 171.8181008153234 1.2834844361125946
 174.7706962936785 1.2657110872981876
 177.7648379521488 1.2476300284383317
 180.8005257907343 1.229212915305452
 183.87916815452363 1.2105212543313344
 187.00006087097245 1.191561165768887
 190.16461228516943 1.1723583311024903
 193.37352656965888 1.1530009791859803
 196.62680372444083 1.1334151384675617
 199.92585209460393 1.113523555314589
 203.2699675076038 1.0933614196207877
 206.66126248107344 1.0729917164684677
 210.09903284246857 1.0525101787391142
 213.5846869368778 1.0318815647094586
 217.11892893684546 1.010959985812101
 220.70246301491585 0.989690185380973
 224.33458499854473 0.96818044726878
 228.01811157790928 0.9464911208201933
 231.75163440792096 0.9246193829436375
 235.53726600621266 0.9025318622632912
 239.3750063727844 0.880258709412451
 243.2662638527249 0.8578436508910184
 247.21033427348976 0.8352671137376566
 251.209330152712 0.8124932988064163
 255.26325149039158 0.7895913403336855
 259.37280245907283 0.7665734304744908
 263.5386872313001 0.743398280559513
 267.76231415216205 0.7199530244556671
 272.04368322165857 0.6962038572146144
 276.38349861233417 0.6720959469320316
 280.78316866927736 0.6477342560812955
 285.2426933924882 0.6232321008822488
 289.76418529959966 0.5984319732525313
 294.346236045523 0.5733735568697106
 298.9916623204357 0.5482561077668288
 303.7004641243376 0.5232792776646745
 308.4733456297731 0.49847012223498255
 313.3110110092865 0.47367731257722895
 318.2148686079665 0.44896369642703365
 323.184918425813 0.42441795634138213
 328.22327298045906 0.4002229459617942
 333.32922809936036 0.37680773607650087
 338.50489630014977 0.3544165885934165
 343.75027758282744 0.3332403261138905
 349.06678029248195 0.3132320034606578
 354.4558127742019 0.29427060021284124
 359.916670855443 0.2762078829533071
 365.45146705383826 0.2588218587998684
 371.06090554193196 0.2420765107342175
 376.7463946648128 0.2260760915478996
 382.50793442248073 0.2108985082160869
 388.34622898748006 0.196833329647923
 394.2633908774439 0.1843799377484671
 400.2601242649164 0.1736291879765993
 406.33713332244196 0.1642362825189262
 412.49512222256493 0.15615058890616867
 418.73479513782956 0.14930702749003816
 425.05896875841324 0.1433898160927531
 431.46623473922733 0.1382793646896258
 437.95940977044904 0.13414544567793932
 444.5384938520784 0.13100967272072686
 451.2055995017484 0.12875965440674902
 457.96002254691473 0.1273668089593925
 464.8045796777547 0.12671496492704926
 471.7392708942682 0.1264909584922453
 478.7662087140884 0.1263121857880924
 485.8846889646708 0.12582339842948728
 493.09752833619274 0.12479554939057236
 500.4054310011985 0.12316505480723597
 507.8091011322326 0.12098894753494599
 515.3099470743834 0.11848820849350818
 522.9086730001956 0.1159321700295204
 530.6066872547575 0.11353211837706237
 538.405398183158 0.11161366231760705
 546.3055099579412 0.11060863394884074
 554.308430924196 0.11065170049785172
 562.4155694270108 0.1114055212612645
 570.6276296389301 0.11220908321103455
 578.9460199050425 0.11230609396391904
 587.3721485704366 0.11132015857527211
 595.9067198076567 0.10954925041565236
 604.5511419617916 0.10753066594378996
 613.3068233779297 0.10578039513661995
 622.1751724011601 0.1048187949644874
 631.1568932040267 0.10490187837643632
 640.2540983041625 0.10574843261402612
 649.4667877015678 0.10671611299382779
 658.7970739138754 0.10750576623294165
 668.2463652861738 0.10820163093076329
 677.8153659910075 0.10876713250167942
 687.5054843734652 0.10894158371059971
 697.3181287786355 0.10832736689794403
 707.2568200692398 0.10682809472098333
 717.3194457276454 0.10498122216529024
 727.5017807185862 0.10351173639909443
 737.817908492949 0.10281921592093589
 748.2678290507333 0.10323695590518607
 758.8445006664963 0.10511167391637553
 769.5479233402378 0.10810807244176253
 780.3921805228442 0.11102833108787113
 791.3631887634292 0.11305911839348645
 802.4750315128792 0.11433700585005405
 813.7277087711942 0.11490113990225455
 825.1141788129311 0.11455408073554524
 836.6414833635329 0.113281446051823
 848.3096224229997 0.1112388095902335
 860.1185959913316 0.10924002444829507
 872.0754457939717 0.10801443291555826
 884.173130105477 0.10808771379761016
 896.4186906512903 0.10998433677588985
 908.8191691568553 0.11217895239359588
 921.3604821712851 0.11260045311117403
 934.0567131454666 0.11146558226623896
 946.9078620793997 0.11108185614695365
 959.9139289730841 0.11319088371312727
 973.067872101077 0.1169669139021625
 986.3837749142646 0.12102100928458184
 999.8616374126469 0.12430846409348899
 1013.4944178707807 0.1264830662376174
 1027.282116288666 0.12741720989449082
 1041.2388161171896 0.12812870961535427
 1055.364517356351 0.12883275810909278
 1069.645136555264 0.12824127744076136
 1084.1017988902581 0.1256568570527882
 1098.720420910447 0.12258750021031357
 1113.508044341274 0.12059620482205086
 1128.4717109081823 0.11903591048405202
 1143.6043788857287 0.11750394379129363
 1158.906048273913 0.11658494806484095
 1174.390802523622 0.11634338879865361
 1190.0445581839688 0.11661141121156905
 1205.8813987058402 0.11673353087376682
 1221.8942823637929 0.11594117187082818
 1238.09025088327 0.11303443293043332
 1254.4693042642718 0.1091373780783797
 1271.031442506798 0.10601563388993528
 1287.7696238854057 0.10250872234426575
 1304.7049735764242 0.09908723704768371
 1321.8234081289672 0.09727182645620702
 1339.1249275430348 0.09542806541808084
 1356.6236152695133 0.09301751709313684
 1374.3124295829598 0.09382090198307207
 1392.191370483374 0.09746056958651925
 1410.2674796961992 0.09894104700371546
 1428.533715495992 0.09774833947769068
 1446.9971196081963 0.09502446556475477
 1465.6647337582544 0.09244181530641617
 1484.5224744952807 0.09205568533984203
 1503.5844252701609 0.09161296720952514
 1522.8435443574524 0.09002313112910627
 1542.306873482598 0.08852575837334131
 1561.981454371041 0.08543029449989614
 1581.8532035718954 0.07902978739257101
 1601.9291628106039 0.07072803981260428
 1622.2163738126098 0.06400022293890548
 1642.70779485247 0.05943542664768884
 1663.4034259301845 0.05680161901245056
 1684.3173504966398 0.05370427998013057
 1705.4425268263929 0.0522589010003703
 1726.771913194 0.051915274835528484
 1748.319593050348 0.05068258396842626
 1770.0785246699934 0.04545313657441011
 1792.0557497783798 0.03582932472613175
 1814.2442266500634 0.026417759752036904
 1836.658038735931 0.020829781966755105
 1859.2760608596534 0.01755826721772339
 1882.1194181975593 0.01455970021984341
 1905.1810690242064 0.011743306129916779
 1928.461013339594 0.009683397822805664
 1951.9662928691657 0.008023975535169517
 1975.6828241620349 0.006483945204752881
 1999.6317323945316 0.0052164171691778454
 2023.7918923903255 0.0042416931073808156
 2048.184429325747 0.0034859333491678744
 2072.795259749909 0.0028864961332873435
 2097.631425388255 0.0024027408646498257
 2122.685884515342 0.002007787139831117
 2147.9727205820564 0.0016827466443662571
 2173.4778501375113 0.0014137024583443945
 2199.2153566325933 0.001190033139123542
 2225.1711566164163 0.001003443165707133
 2251.3593335398664 0.000847343163508308
 2277.765803952058 0.0007164433721473767
 2304.404651303876 0.0006064415493728929
 2331.2688338698786 0.000513838506967967
 2358.358351650065 0.00043575592184270934
 2385.6732046444354 0.00036982296941268463
 2413.220434578433 0.0003140761430539422
 2440.9859580011716 0.0002668886983789604
 2468.9838583635374 0.00022690351103142476
 2497.2000522146445 0.00019299047343317733
 2525.6486230053783 0.0001642029869601821
 2554.322529010296 0.0001397483821703905
 2583.221770229398 0.00011896098223125675
 2612.3393049372403 0.00010128075134201717
 2641.6892165847103 0.00008623595927337681
 2671.2574217209212 0.00007342843213853317
 2701.050962071316 0.0000625220207687164
 2731.069837635895 0.00005323179246824514
 2761.314048414658 0.000045316713994767394
 2791.7695109567185 0.00003857236404751793
 2822.450308712963 0.00003282513254430585
 2853.356441683391 0.00002792752335619589
 2884.473826417117 0.000023754098795866074
 2915.816546365027 0.0000201980034153872
 2947.3705180762345 0.000017168453156906617
 2979.142783276183 0.000014587908694437363
 3011.126300239429 0.000012390317221817924
 3043.3281106914155 0.000010519366330430785
 3075.7411729067 0.000008926970576280938
 3108.3654868852814 0.000007572111140467645
 3141.2010526271606 0.00000641979750338763
 3174.2408284068943 0.000005440133534620234
 3207.491855949925 0.000004607600010612896
 3240.9470935308104 0.000003900426595364632
 3274.60654114955 0.000003300022395388084
 3308.470198806144 0.000002790509252080151
 3342.538066500592 0.0000023583571695244583
 3376.7960607820078 0.0000019920057521547553
 3411.258265101278 0.0000016816123702953518
 3445.9105960075162 0.0000014187711391948859
 3480.7530535007218 0.0000011963250921330901
 3515.7926793063384 0.0000010081710943684167
 3551.0224316989234 8.491191849159676E-7
 3586.435268953032 7.147471580423072E-7
 3622.031191068666 6.012894217215364E-7
 3657.8172397712674 5.055511288476493E-7
 3693.77933160995 4.2481281626559973E-7
 3729.917466584714 3.5676519119734413E-7
 3766.231644695559 2.994484879480717E-7
 3802.7148242170424 2.511990358764623E-7
 3839.374046874607 2.106072027248836E-7
 3876.195229217366 1.7647804533659118E-7
 3913.1854129707635 1.4779962538227963E-7
 3950.3375564093553 1.2371570893493286E-7
 3987.6516595331423 1.035020919447438E-7
 4025.1136388912373 8.654663626649418E-8
 4062.737577934527 7.233201961317381E-8
 4100.509393212124 6.042253565182668E-8
 4138.422042998588 5.044949540926716E-8
 4176.489610744803 4.210270280027348E-8
 4214.69097127444 3.5120837028989324E-8
 4253.033166312941 2.9283692555408398E-8
 4291.509154134864 2.4406183728791203E-8
 4330.11893474021 2.033255041075311E-8
 4368.848424678089 1.693205003226302E-8
 4407.711707399391 1.4094801938200315E-8
 4446.694699453229 1.1728633189823866E-8
 4485.7903591141585 9.756247858010255E-9
 4525.005728107623 8.112832971603582E-9
 4564.333764708179 6.744100521253896E-9
 4603.7603854649415 5.604652262483966E-9
 4643.292632103353 4.656433681806591E-9
 4682.930504623412 3.867674428842596E-9
 4722.659919574234 3.2118118710960203E-9
 4762.4808769558185 2.6666588216993562E-9
 4802.393376768165 2.213685937620955E-9
 4842.3833355603865 1.8374538579319952E-9
 4882.457795057928 1.5250738742006091E-9
 4922.609713535345 1.2658114634562409E-9
 4962.8390909926375 1.0507259858216184E-9
 5003.131843978919 8.723725839980357E-10
 5043.487972494191 7.245675007676735E-10
 5083.900434813008 6.021649233100117E-10
 5124.376272660815 5.008960890433886E-10
 5164.901402586724 4.1722265846614084E-10
 5205.475824590736 3.482156422100378E-10
 5246.099538672851 2.9145847805521685E-10
 5286.758461382182 2.449665171376022E-10
 5327.452592718729 2.0711780912677872E-10
 5368.174890957049 1.7660707175530885E-10
 5408.932397822586 1.5240410889822956E-10
 5449.711029864452 1.3373145527084076E-10
 5490.503745357205 1.2005278650511092E-10
 5531.317586026288 1.1107103063981456E-10
 5572.138468420813 1.0674842338349765E-10
 5612.966392540782 1.0703347887879935E-10
