 0. 0.
 0.2239320941656198 0.003240282880037152
 0.6750245326612387 0.01171172441983551
 1.1326176436657451 0.024467619875308846
 1.5968120415894311 0.04067307110489731
 2.067693616782546 0.059596703870224116
 2.5453605296453756 0.08060235626602094
 3.0299109405782043 0.10314590283330674
 3.521443009981318 0.12676873934888844
 4.02006103328002 0.15109171557514228
 4.525857035849576 0.17580937586955772
 5.038941448140309 0.20067981044527103
 5.559412430552502 0.2255169649053397
 6.087380413536478 0.2501787025035013
 6.622943557492521 0.2745580529190323
 7.166261373071095 0.29857674132397244
 7.717309320172129 0.3221753478442472
 8.276394150046512 0.34531189402590434
 8.843454512444067 0.36795819360005855
 9.418674458115332 0.3900938909497546
 10.002238037810836 0.41170623994149114
 10.594145251530582 0.4327852442701618
 11.194580150025107 0.45332486378877096
 11.803665433794764 0.4733220653943066
 12.421462453089731 0.4927761631379258
 13.048216608910725 0.511688936457417
 13.683927901257741 0.5300636320361702
 14.328780380881316 0.547903651454494
 14.982896748281808 0.5652130871073306
 15.646461054209748 0.5819971673239076
 16.319534648915322 0.5982641365530581
 17.002301583149055 0.6140210186628066
 17.694823207161132 0.6292747820680432
 18.39734492195226 0.6440337936317061
 19.109928077772622 0.6583063578591211
 19.832756725372754 0.6721012290858706
 20.565953565253007 0.6854280622575853
 21.30970264816392 0.6982961051835987
 22.06412667460585 0.7107168203716824
 22.82934834507915 0.7226992101477328
 23.605551710334357 0.7342541499362064
 24.392920821122008 0.7453890878389242
 25.191578377942452 0.7561107202726116
 26.00170843154623 0.7664246930224888
 26.8234336824337 0.776337243713632
 27.65693818135539 0.7858616608918668
 28.50240597906184 0.7950088867364797
 29.359959776053405 0.8037880801872926
 30.2298449733308 0.8122222155252282
 31.112122921144202 0.8203219359584305
 32.007100370744496 0.8280970544065499
 32.914900022632054 0.8355530552770998
 33.835705927557385 0.8426984090484936
 34.76964078602088 0.849526880764135
 35.7170113492734 0.8560390703314306
 36.677878967565135 0.862235211041111
 37.65255039214698 0.8681186272048325
 38.64114832351928 0.8736785310251435
 39.64385681243258 0.8789074590171575
 40.660921259887594 0.8837977580076631
 41.692525716634854 0.8883247384578394
 42.73891558367507 0.8924738347467972
 43.8002135615086 0.8962302850355887
 44.87672640138634 0.8995890403560668
 45.96857680380864 0.9025412938935929
 47.07601016977621 0.9050910234766932
 48.199271900289766 0.9072416228952739
 49.33854604609986 0.9090025014392089
 50.49413935845736 0.9103857701297571
 51.66617453786263 0.9114029869158223
 52.85489698531638 0.9120586537346158
 54.06061345206951 0.9123633783112404
 55.28350798887254 0.9123404455948669
 56.523887346976394 0.912002940385767
 57.78187422688139 0.9113636319063294
 59.05783673008861 0.9104350164628636
 60.35189755709842 0.9092260697661495
 61.6643634591617 0.9077587208056705
 62.9956638880297 0.9060482087356655
 64.34598289445297 0.9041129893460631
 65.7153204784315 0.9019714993008594
 67.10429014246705 0.8996289104549365
 68.51289188655964 0.8970769836514766
 69.94112571070929 0.8943105846669045
 71.39021861991952 0.8913478365796467
 72.85955711168859 0.8882036005125332
 74.35036819102004 0.884872563986153
 75.8614248529103 0.8813661742074522
 77.39456760486476 0.8776891405396996
 78.94918294438159 0.8738461497775604
 80.52588437396258 0.8698350022943031
 82.12528539610955 0.8656499077055592
 83.74738601082245 0.8612779192656732
 85.3921862181013 0.8567022201805954
 87.0602995204479 0.8519019853666131
 88.75172591786223 0.8468592789692936
 90.46769241534786 0.8415732939520308
 92.20758551040299 0.8360286903407197
 93.97201870552944 0.8301986851448521
 95.76160550322896 0.8240554585856128
 97.57634590350158 0.8176065733371958
 99.41685340884904 0.8108594812299129
 101.28312801927137 0.8038438571004678
 103.17578323727035 0.7966051371211781
 105.09543256534778 0.7891712698886819
 107.04207600350362 0.7815558088646495
 109.01632705423968 0.7737572551268272
 111.01757221505416 0.7657657213427477
 113.04765199345243 0.7575593185162101
 115.10656638943446 0.7491150255181358
 117.19431540300029 0.7404247032227224
 119.31089903414987 0.7314848948668783
 121.45815779038858 0.7222946131031454
 123.63486466671287 0.712873940081699
 125.84224666812625 0.7032216922486413
 128.08091729713055 0.6933113847672756
 130.35087655372578 0.6831597884167432
 132.6527379404137 0.6727915223647243
 134.98711495969607 0.6622320665421584
 137.3540076115729 0.6515666303313601
 139.754029398546 0.6408888014382141
 142.18718032061537 0.6301894126766188
 144.65530088528635 0.6194060657957942
 147.15716408755534 0.6085205445402584
 149.6946104349277 0.5975467731255558
 152.2670264249017 0.5864884616411399
 154.87563906248084 0.5753381378507935
 157.52044834766517 0.5640723294392884
 160.2026812854582 0.5526596375115836
 162.92172437335822 0.5411018157284816
 165.67880461636872 0.5294226692321419
 168.47453551699152 0.517643434658538
 171.30891707522665 0.5057943496155327
 174.18317629607762 0.49392001132332997
 177.09669967704266 0.4820328153776203
 180.05132772562712 0.470117799314688
 183.04644693932926 0.4582249789265027
 186.08328432315258 0.44640233082233494
 189.1624533795989 0.4346473290922021
 192.28456761117 0.4229260386286255
 195.4490135153641 0.4112086340641062
 198.6582451021883 0.3994954573249665
 201.91103536663906 0.3878030774219407
 205.20922481622173 0.37615488885199394
 208.5528134509363 0.3645575872838314
 211.94302827578633 0.3530128011959323
 215.37925578827006 0.3415442344965071
 218.86333649589284 0.3301887985800198
 222.39527039865465 0.31898200320566417
 225.97567099905723 0.3079905457438108
 229.60515179960248 0.29727652528530124
 233.28493980529385 0.28686165114681184
 237.01503501613138 0.27672029373706597
 240.79605093461686 0.26685227471647577
 244.62921456575387 0.25727626757408306
 248.5145259095424 0.2480321227797763
 252.45382547348777 0.23918806864874778
 256.44588625258643 0.23076666264405837
 260.4931622568455 0.22276753498488425
 264.595653486265 0.21518985695939927
 268.75397344334675 0.2080381601874675
 272.96873563059245 0.201339134637144
 277.2411670530057 0.19514078424929904
 281.57126771058654 0.18947363345792834
 285.96087811084027 0.1843531099393335
 290.4093847512651 0.17979283558954387
 294.9186281393664 0.1757952643644788
 299.4886082751442 0.17232931356435863
 304.12055216360204 0.16935244263648377
 308.8156868097434 0.1668331460534724
 313.5733987110666 0.16474796752521575
 318.395528375077 0.16305967403777538
 323.2826893042763 0.16171435119628638
 328.23610850366816 0.16065662459929503
 333.2557859732525 0.159848639926493
 338.3423352155311 0.15927374369311711
 343.4975967380094 0.15890531296382326
 348.7221840431891 0.158691679480199
 354.01671063357196 0.15858880702100042
 359.3817900116598 0.1585957803393154
 364.8180356799545 0.1587419609719161
 370.327901648463 0.15904369196330087
 375.91016091218194 0.15949652998617847
 381.5672674811183 0.16009004455956963
 387.29922135527204 0.1607992588506858
 393.10786304214867 0.16157270977089375
 398.9925790392464 0.162342107538863
 404.9558233565722 0.1630406092486818
 410.99759599412613 0.1636263834784744
 417.1197374594136 0.16409462662109436
 423.3216342499328 0.16446506274937453
 429.6057403756909 0.1647430689475094
 435.9726693391895 0.164861682449042
 442.4230346429307 0.16469843075068594
 448.9580632919177 0.16417711913511418
 455.57836878865254 0.16330292106379649
 462.28517813813875 0.1620885676091725
 469.07971834537983 0.16052894605237053
 475.9626029128776 0.1587174813365058
 482.93505884563564 0.15686471519212045
 489.9983131486574 0.15519543560135354
 497.15297932444486 0.15381708839826883
 504.4002843780014 0.152630468860969
 511.7414553143307 0.15155687529176712
 519.1771056359345 0.15061281577099098
 526.7084623478164 0.14986517331818536
 534.3367524549798 0.14936033015698771
 542.0632029624286 0.14910556370290853
 549.8884273726642 0.1491436460880809
 557.8142661931922 0.14952413638091183
 565.8407194240125 0.15021956366469888
 573.9696275726305 0.15106560053733317
 582.2022176440497 0.15180772485223262
 590.539103140772 0.1522526373315989
 598.9815110678009 0.1524298073216378
 607.5306684301399 0.15251272978594627
 616.1896427402979 0.152680788804734
 624.9565934907697 0.15318893268817116
 633.8278396665446 0.15430618897963322
 642.815651317658 0.15606889143051136
 651.9200284441101 0.1581405520297891
 661.1348360208832 0.1599473384751616
 670.4600740479771 0.16113739325733237
 679.9080125754275 0.16184257203562671
 689.4663815531986 0.16233179678343682
 699.1474510313263 0.16268658904642444
 708.9512210098105 0.1630231923486319
 718.8715564636334 0.1637657011491637
 728.9145924178127 0.16552969224836436
 739.0803288723487 0.1686919519329653
 749.3687658272411 0.17303586583043493
 759.7860383075076 0.17790166582155156
 770.326011288131 0.18252885146413686
 780.9948197941284 0.18660611363338986
 791.7985988505181 0.19026357934190272
 802.7250784072642 0.1933600305256212
 813.7865285144024 0.19524567704617876
 824.982949171933 0.19555252851732804
 836.3143403798556 0.19406224873276615
 847.7745671131526 0.19116333803394892
 859.3758994218595 0.18757410163454732
 871.1183373059763 0.18348006832289082
 882.9957457404853 0.178912911048772
 895.0081247253864 0.17431662974902082
 907.1677443107154 0.17014516045490163
 919.4746044964722 0.1661219833462669
 931.9164352326211 0.1620992626175188
 944.5116415942157 0.1586762340262222
 957.2479535312201 0.1563434743557591
 970.1315060686524 0.15549328402982923
 983.1684342315305 0.155901800633504
 996.352602994836 0.15689538972772482
 1009.6840123585696 0.15840135486376428
 1023.1749323727666 0.15959394801574708
 1036.8130929873914 0.16074441450127086
 1050.6107642524796 0.16194614609332006
 1064.5618111430135 0.16284543356504508
 1078.6723686840107 0.16322877646506734
 1092.9424368754715 0.16262594851752213
 1107.3720157173955 0.16078884915848216
 1121.9549701847654 0.15790506368159915
 1136.7097053526343 0.15438306994546602
 1151.6239511709666 0.15023130259146134
 1166.6977076397625 0.14605442825064063
 1181.9432448090572 0.14206814886204588
 1197.3544276538335 0.13858797620925228
 1212.931256174091 0.13654560777268218
 1228.6798653948474 0.13484845026301837
 1244.5941202910851 0.13266545096148663
 1260.6801558878221 0.12976545508563062
 1276.944107210076 0.12693344284388122
 1293.3737042078112 0.12438186287774201
 1309.981216931063 0.12206831751298038
 1326.7605103548142 0.11971506192311511
 1343.7177195040822 0.1158705395152465
 1360.858979403885 0.11048648830384292
 1378.172020004187 0.10609964210436776
 1395.6629763300057 0.10185056809805536
 1413.3379834063594 0.09514105786334033
 1431.1909062082298 0.08656982462389312
 1449.2217447356172 0.07774683423894259
 1467.4427690385571 0.06907246210152622
 1485.847844092032 0.05956379436363806
 1504.4308348710235 0.0496842711853126
 1523.2040114255678 0.04156066738093653
 1542.1612387306466 0.035483948644380765
 1561.3086518112784 0.03037062029150168
 1580.6401156424445 0.025054521592285276
 1600.167900274181 0.019471297288070358
 1619.873600631435 0.014766957527646127
 1639.7756217892588 0.011536849998934985
 1659.8678287226355 0.009389669791017494
 1680.1502214315644 0.007869410894952366
 1700.628934941064 0.006723951237309154
 1721.2916992010983 0.005821614862733117
 1742.156919286721 0.005087522365245425
 1763.206190122878 0.004475618523497574
 1784.4579167846236 0.00395589550948217
 1805.8998292219214 0.0035080106664683924
 1827.53806245979 0.003117677474587357
 1849.366481473211 0.0027745920104372233
 1871.3973563122204 0.0024710973496135523
 1893.6184169267822 0.002201376333567755
 1916.041933366932 0.001960882869461164
 1938.6556355826347 0.0017459778067391773
 1961.4717936239254 0.0015536771087925852
 1984.478137440769 0.0013814881869936822
 2007.6869370832005 0.0012272765737608058
 2031.0920575262026 0.00108919576393683
 2054.693498769775 0.0009656238565744376
 2078.491260813918 0.000855116787337838
 2102.491478683649 0.0007563842232163401
 2126.6818823289327 0.0006682652588506207
 2151.074741799804 0.0005897076631073173
 2175.657787046229 0.0005197593831488292
 2200.4432881182415 0.00045755458613282217
 2225.4251099908242 0.0004023084492099934
 2250.6032526639774 0.00035330648382042844
 2275.9715811126835 0.00030990129843149047
 2301.542365386978 0.00027150374901424763
 2327.303335436825 0.00023758265879408034
 2353.260626287242 0.0002076549171591622
 2379.4142379382292 0.00018128583021349278
 2405.7641703897875 0.00015808232732842856
 2432.2981535918802 0.0001376913297613266
 2459.0284575945434 0.00011979468103709992
 2485.9550823977766 0.00010410725828248455
 2513.065757951545 0.00009037393390484136
 2540.3727543058835 0.00007836602033678976
 2567.863801410757 0.00006788008748282779
 2595.545034291183 0.00005873404643500083
 2623.410317922144 0.000050766300637263045
 2651.465787328657 0.00004383341315846357
 2679.7053074857054 0.0000378080066013466
 2708.1288783932882 0.00003257743697281707
 2736.7365000514055 0.000028041987547829456
 2765.52203743504 0.000024113741567812092
 2794.491625569209 0.000020715253909230312
 2823.6391294288956 0.000017778317803155792
 2852.9645490140983 0.000015243000340902799
 2882.4678843248184 0.000013056776682967508
 2912.149135361055 0.000011173548567582453
 2941.9960320727732 0.000009553044862167275
 2972.0208445100084 0.000008160037875845089
 3002.211302622725 0.000006963865943060399
 3032.5674064109226 0.000005937713042275261
 3063.095290899619 0.000005058303958773531
 3093.7888210637975 0.000004305390012026174
 3124.6418618784387 0.0000036614063047181656
 3155.6544133435436 0.000003111122573298816
 3186.83261048413 0.000002641334316115973
 3218.164183250162 0.0000022406604208445202
 3249.649131641639 0.000001899233200838623
 3281.287455658562 0.0000016085575685372668
 3313.0730202759128 0.000001361308224557623
 3345.0119605187097 0.0000011511821704621604
 3377.092006336916 9.72760161132772E-7
 3409.31929275555 8.213851899215974E-7
 3441.687684749594 6.930660378355193E-7
 3474.197182319049 5.843778272413468E-7
 3506.835515413877 4.923926711846051E-7
 3539.6149540841157 4.146043672501226E-7
 3572.523228279728 3.488735736709272E-7
 3605.5542029756975 2.933718669424169E-7
 3638.720148222059 2.465442199965928E-7
 3672.0026589437593 2.070619065327669E-7
 3705.4078701658154 1.737975114675194E-7
 3738.929646863211 1.45791219848929E-7
 3772.5679890359447 1.222278616183946E-7
 3806.3106266339814 1.0241568136202133E-7
 3840.1698297073576 8.576820439936884E-8
 3874.133328206036 7.178926992984871E-8
 3908.194987105 6.005783280449393E-8
 3942.3609414292673 5.0218618034085425E-8
 3976.625056153819 4.1971232766168664E-8
 4010.9750612286207 3.506186831134311E-8
 4045.4170916786898 2.9276707783982456E-8
 4079.9511475040263 2.443531172383021E-8
 4114.564958654594 2.0385690658020634E-8
 4149.258525130394 1.6999964258165122E-8
 4184.031846931426 1.4170518487474754E-8
 4218.872654007653 1.1806914016902701E-8
 4253.787081384095 9.833097674315356E-9
 4288.768994035732 8.185309533731662E-9
 4323.818391962566 6.809976450219846E-9
 4358.9230051145605 5.662148415568724E-9
 4394.082833491715 4.7041461917273375E-9
 4429.291742069012 3.904370044116941E-9
 4464.55586587147 3.236313968368928E-9
 4499.862934849052 2.6777251361272168E-9
 4535.21294900176 2.2099529396127216E-9
 4570.605908329591 1.817269947429616E-9
 4606.029542782512 1.4864339033446564E-9
 4641.483852360522 1.2062391603205316E-9
 4676.962702038603 9.671424865914498E-10
 4712.472226841774 7.609582473087021E-10
 4748.000156719998 5.805846786817199E-10
 4783.540356648258 4.1975719036715047E-10
 4819.098961651571 2.7283257434024904E-10
 4854.663701679901 1.345837582879275E-10
 4890.23457673325 7.23311053409986E-17
