 0. 0.
 0.24370726048068408 0.0031408989463598456
 0.7346351143863035 0.011386771889364308
 1.2326377071511563 0.02384196931980002
 1.7378245383196849 0.03971654210657988
 2.2502890831127553 0.05831966827648238
 2.7701381703542136 0.07905233221554618
 3.297478628867907 0.10140014186058649
 3.832417287477681 0.12492728016423887
 4.375067651808874 0.1492675906606073
 4.92552987388384 0.1741178501655516
 5.483924136129408 0.19923165982097568
 6.050357267369423 0.22441323266345004
 6.624949450030714 0.2495084911354015
 7.207807512937126 0.2744008005437349
 7.799105052927412 0.29899923831006214
 8.398815362795606 0.3232389610625569
 9.007272282616231 0.3470715232174051
 9.624409044374385 0.3704603847055921
 10.250425952114776 0.3933814054751215
 10.88552330988212 0.4158142419903796
 11.529701117676412 0.4377457439624825
 12.18315967954237 0.45916640775035
 12.846032531509799 0.4800694435680896
 13.518386441593602 0.5004536549085138
 14.200488481853398 0.5203174531526273
 14.892338652289185 0.53966125443456
 15.594137256945674 0.5584835121140282
 16.306017831852678 0.5767814694450912
 17.028180681054902 0.5945530246454357
 17.760692572567258 0.611796202428994
 18.503753810434453 0.6285143392493895
 19.257431162671395 0.6447122686968758
 20.021991701337694 0.660398845097246
 20.797502194448256 0.6755854082250707
 21.584162946047798 0.6902822935044092
 22.38210749216612 0.7044997293464574
 23.191536136847944 0.7182468630575433
 24.01258241612307 0.7315246809216729
 24.84537986602131 0.7443386344519927
 25.69012879058738 0.7566956141005985
 26.547029493865985 0.7685946771750861
 27.416215511886932 0.7800406035408742
 28.297887148694937 0.7910466827470811
 29.19217794031981 0.8016089951595915
 30.09928819080626 0.8117448636605208
 31.019418204199003 0.8214577855188324
 31.952701516527842 0.8307565202669429
 32.899405199852396 0.8396458122211706
 33.85959602218757 0.848132584651423
 34.83360782360788 0.8562229120861994
 35.821574140143134 0.8639220901196035
 36.82369527583805 0.8712433851318622
 37.84010476672244 0.8781933745234093
 38.87113645287081 0.884777955995864
 39.91685710229807 0.8910052307446036
 40.977600555078745 0.8968854551132235
 42.05350034724263 0.902425413291563
 43.14475678283446 0.9076341163923886
 44.25163693391384 0.9125144713952322
 45.37434110452547 0.917079975673729
 46.513136366728986 0.9213353097908568
 47.66815625655418 0.9252874804651497
 48.83973461407558 0.9289322072507903
 50.02800497532299 0.9322758029129683
 51.23323441235603 0.9353080064231802
 52.455689997234316 0.9380318375272119
 53.695572034002566 0.9404472922819097
 54.953214362735295 0.9425567414837149
 56.2287505194623 0.9443702524492398
 57.52244757624321 0.9458921952775948
 58.83463937315255 0.9471293044405334
 60.16552621423501 0.9480880184483895
 61.51544193956514 0.9487771607187424
 62.88452008517273 0.949199977033895
 64.2731612591472 0.9493568232357523
 65.68149899751837 0.9492425141582029
 67.10986714036075 0.9488622709698162
 68.55873306377867 0.948215773744622
 70.02829707181687 0.9473131331195567
 71.5185591644753 0.9461616175402215
 73.03018702190305 0.9447736725102737
 74.56318064410009 0.9431589569306514
 76.11754003106641 0.941324346463278
 77.69460054310011 0.9392658658461904
 79.29369450005215 0.9369874261813087
 80.91615726222062 0.9344793170800847
 82.56065346930743 0.9317451007196591
 84.22918616175969 0.9287800631328105
 85.92108765942837 0.9255765331071389
 87.6370256424625 0.9221292883697232
 89.37766779101113 0.9184355846573303
 91.14301410507427 0.9144924355758394
 92.93306458465192 0.9103049162666774
 94.74848690989309 0.9058779951818583
 96.5892810807978 0.9012193451223465
 98.45678245766413 0.8963366146456849
 100.35032336034304 0.8912346154510641
 102.27057146898359 0.8859038620574908
 104.21819446373478 0.8803430655078549
 106.19319234459664 0.874553608763868
 108.19623279171819 0.8685512579290553
 110.22731580509945 0.862357905058782
 112.28710906488946 0.8559782487492774
 114.37628025123725 0.8494080911986127
 116.49482936414282 0.8426519607946322
 118.64342408375522 0.8357204454587716
 120.82139672992538 0.8286030526666243
 123.03075034310048 0.8212918772764017
 125.27148492328045 0.8137972014248239
 127.54360047046536 0.8061170374897502
 129.84709698465514 0.798233385898049
 132.18397750629697 0.790140155757137
 134.55290667509274 0.7818534327248
 136.9552198513405 0.7734094160204734
 139.39158471518937 0.7648193937332308
 141.86200126663928 0.7561017530643076
 144.36713718583934 0.7472722900757639
 146.90766015293852 0.7383372468210135
 149.48357016793682 0.7292996632776692
 152.09553491098336 0.7201521747612611
 154.74355438207806 0.7109011881695558
 157.42963162166808 0.7015494437391507
 160.15243126945532 0.6920975972422133
 162.91395636588692 0.6825311374833708
 165.71353923081378 0.6728286729623248
 168.5525152245341 0.662977381084125
 171.43088434704777 0.6529867576304462
 174.3499819586529 0.642858157668118
 177.3091403792005 0.6325781717745532
 180.3096949689886 0.6221721506726952
 183.35231340816625 0.6116910095514173
 186.43699569673345 0.6011497099958664
 189.5650771949883 0.590533065170098
 192.73589022278173 0.5798212682761036
 195.95143782056087 0.5689920921629417
 199.21105230817668 0.5580219709177388
 202.51606904592725 0.546910267353684
 205.86715571396164 0.5356797348513085
 209.26497999242883 0.5243535402007727
 212.70887420117987 0.5129366621108139
 216.2015090608108 0.5014420306693235
 219.74154921102365 0.48986211184082373
 223.3309976922655 0.4781748774195685
 226.9698545045363 0.46637875276141777
 230.65945500813422 0.45445970599230856
 234.39913152291018 0.4424534332190211
 238.1908870893113 0.43041713277675164
 242.03472170733758 0.4183626899887641
 245.93130305713802 0.40630029128610873
 249.88129881886178 0.39428169337677693
 253.8860443528068 0.38233412935933137
 257.94553965897313 0.37043517949566424
 262.06045241750985 0.3585559017111113
 266.23211798871506 0.3467041411907555
 270.4605363725887 0.3349363186076867
 274.74771060957784 0.3232943869949374
 279.0923053393845 0.3118045888899881
 283.4969912826048 0.3004961339079208
 287.96176843923877 0.2893728406384404
 292.4873044894354 0.2784568994826918
 297.0742671133438 0.2678273830630999
 301.72399167126196 0.25755111823238447
 306.43647816319 0.2476404911962344
 311.21372962957486 0.23809876454708934
 316.0550783902677 0.22892025539163308
 320.9625274857155 0.22011210864520367
 325.93607691591836 0.2116951638459491
 330.9770620411743 0.20372572026891525
 336.08681822178136 0.1962166347169747
 341.2646777775906 0.18915442618798475
 346.5126437490491 0.18254174561288258
 351.8313838163059 0.17638279630330703
 357.22223333965906 0.1706783483948419
 362.6851923191086 0.16542568888487658
 368.2209284348035 0.16063269050007858
 373.831444727191 0.1562886820127937
 379.5174088764201 0.15238287677108067
 385.27948856263976 0.14892331831443775
 391.1183514659991 0.1459111356163783
 397.03466526664715 0.14333175103006623
 403.0311006851801 0.141158299058928
 409.1063223612998 0.13935816717930669
 415.2630010156024 0.1378938236309454
 421.501136648088 0.13672253723198466
 427.8227322992036 0.13580581217417007
 434.22712028880034 0.1351125991090462
 440.7169713374742 0.13462048352046357
 447.29228544522516 0.13429672881566349
 453.9550656525006 0.13407594084893545
 460.7046442791512 0.1338730749140716
 467.54369204577324 0.13360399668842363
 474.47287663251575 0.1331857184708145
 481.4928657195278 0.13254411764385
 488.60499466710735 0.13165062952705395
 495.8099311554036 0.13056040015510953
 503.1090105447146 0.12940581327139136
 510.50356819533835 0.12832463425382054
 517.9942717874239 0.12738432350589363
 525.5824566812695 0.12657605847395972
 533.2694582371729 0.1258027248038861
 541.0559441352835 0.12489778421091942
 548.9432497358991 0.12377458390228809
 556.9327103993181 0.12250954043381122
 565.0249938056891 0.12126771983615994
 573.2214353153106 0.12023741404383619
 581.5233702884804 0.11956495943464561
 589.9321340854967 0.119341446087079
 598.4483943865085 0.1196402851228605
 607.074154231963 0.12042846510081273
 615.8094136218601 0.12150202127216841
 624.6561755966471 0.12262854472954121
 633.6157755166217 0.1237384910910529
 642.6888810619333 0.12485878229127906
 651.87682759288 0.12597992820336318
 661.1809504697598 0.12702862120513803
 670.6045880933176 0.12793446704544859
 680.1457374231065 0.12879123549333585
 689.8003923782326 0.12975208170503924
 699.5819065616761 0.13075856290672058
 709.4902799734374 0.13163145943164442
 719.518835812026 0.13239895729996426
 729.667574077442 0.13318344471988727
 739.949848372666 0.13402548851586832
 750.3523050947173 0.13497805380910677
 760.8882978465767 0.13619510885305242
 771.5578266282441 0.13787808401912324
 782.3542146382295 0.1398940547076845
 793.2841386780227 0.14173688381320287
 804.3475987476241 0.1433072758965908
 815.5445948470336 0.14498497513903855
 826.8818037777417 0.1470929772693618
 838.3525487382578 0.14945749732382368
 849.9635065300724 0.15166110696421128
 861.721353954676 0.15348317371164122
 873.6127374090876 0.15492673454215342
 885.6510104962882 0.15596330703546113
 897.8361732162778 0.15633372525981198
 910.1682255690562 0.1558763932890086
 922.6404907531331 0.1546074707786043
 935.2663223714893 0.15270249484291135
 948.0457204241249 0.15063731467090963
 960.9720081095493 0.14896245714128914
 974.0451854277626 0.14769034759602406
 987.2786059817458 0.14666774416528078
 1000.6722697714987 0.14584903240794894
 1014.2128231940404 0.14474335613739805
 1027.9202966538423 0.14249830074368894
 1041.7813365479235 0.13907937914676827
 1055.8026196777744 0.1355072395811691
 1069.9908228448855 0.13272391879806597
 1084.3392692477662 0.13084191006774332
 1098.8479588864168 0.13022810237190732
 1113.5302453638178 0.13063614694371908
 1128.3727750769885 0.13074852679549787
 1143.38890162891 0.13012206106753632
 1158.5719482180914 0.12938143444858696
 1173.9285916460233 0.12888858226950026
 1189.4588319127058 0.12814535608358202
 1205.1626690181388 0.12714022002347453
 1221.033426160832 0.1259440666509354
 1237.0911337452565 0.12465994586025406
 1253.3224381684313 0.12302548833759654
 1269.727339430357 0.12106319396211832
 1286.3191911340139 0.11927079817507813
 1303.091316477912 0.11782431814545437
 1320.0437154620506 0.11678978059262875
 1337.1830648879209 0.11497203070435534
 1354.502687954032 0.11182328744259472
 1372.0092614618743 0.10837367128755404
 1389.7094622129384 0.10546967423170626
 1407.5899366042436 0.10339221111398435
 1425.6640382387704 0.10191450126177833
 1443.9250903150287 0.09994449053842781
 1462.3797696345086 0.0972122401844634
 1481.0347529987007 0.094611894190006
 1499.8766868046243 0.09196108417522353
 1518.9122478537695 0.08851971313795973
 1538.148112947627 0.08465273009166274
 1557.577605284706 0.08036181340335588
 1577.2007248650068 0.0745598779402449
 1597.0308252915104 0.0673905384513743
 1617.0612297627258 0.05986113329062004
 1637.2852614771632 0.05264932451825689
 1657.7162740378033 0.045514330969405506
 1678.3475906431552 0.0388081492499522
 1699.1858880947102 0.03319384947144117
 1720.2244895909766 0.02879574768703069
 1741.4767487349363 0.02492423465102716
 1762.9226351221182 0.020804781320857037
 1784.5821791569924 0.016379482133358072
 1806.4487040380695 0.01249432374001032
 1828.522209765349 0.009741606738015234
 1850.8093731403217 0.007900603060341588
 1873.2968405600063 0.00660154619905894
 1896.0046424288746 0.005624696158843056
 1918.9127483424547 0.004855373175093742
 1942.0411887052185 0.004229382888335709
 1965.3766099141844 0.0037076883931024727
 1988.9256887708436 0.0032649917575279497
 2012.6817484737053 0.0028841370394550895
 2036.6581426257503 0.0025530435916668467
 2060.8415176239982 0.002262936481820727
 2085.245227071429 0.002007247672983355
 2109.855917365063 0.001780925369997019
 2134.6869421078795 0.0015799976324951419
 2159.724947696899 0.0014012548610320215
 2184.983287735102 0.0012420464462655227
 2210.455285420998 0.0011001500219292918
 2236.1409407545866 0.0009736553936287063
 2262.0402537358686 0.0008609139997899014
 2288.1599011663334 0.0007604747244846968
 2314.4865294430015 0.0006710575166349664
 2341.0334921688523 0.0005915159789250708
 2367.787435740906 0.0005208274296483531
 2394.7617137621432 0.000458071952110594
 2421.949649431073 0.00040242157928067765
 2449.351242747696 0.0003531285265931441
 2476.959816910521 0.0003095195315211489
 2504.78872552253 0.0002709850529909282
 2532.8246149807414 0.0002369779485883594
 2561.074162086646 0.0002070028782482873
 2589.5373668402435 0.0001806149302202462
 2618.2142292415338 0.00015741394249010277
 2647.0913956875365 0.00013704019285228577
 2676.1822197812317 0.00011917131251406487
 2705.48670152262 0.00010351880983661302
 2734.9914873087205 0.00008982434467053625
 2764.709930742514 0.00007785736879062153
 2794.62867822102 0.00006741296545385293
 2824.754406545728 0.000058307853998446134
 2855.0804389151485 0.000050379780617534805
 2885.6134521307717 0.00004348461839423146
 2916.346769391107 0.00003749468408085035
 2947.280390696154 0.0000322971065193096
 2978.4143160459134 0.000027792077779846695
 3009.7418686388946 0.00002389177066038809
 3041.2697252765884 0.000020518735766443986
 3072.9912091575034 0.000017604797253569592
 3104.90632028164 0.000015090210856646204
 3137.0150586489985 0.000012922569164337884
 3169.317424259579 0.00001105595889342767
 3201.8000635104004 0.000009450247212049301
 3234.4763300044433 0.00000807036887697303
 3267.3328701387277 0.000006885776574505347
 3300.3696839132526 0.000005869853328598888
 3333.5934481295085 0.000004999435913958218
 3366.9974859860063 0.000004254422858053021
 3400.5751206812533 0.000003617343204757513
 3434.326352215252 0.0000030730946476191718
 3468.2578573894916 0.000002608574096814806
 3502.3562826009907 0.0000022124639310753577
 3536.6216278497504 0.0000018750060956288788
 3571.0538931357696 0.000001587769656183706
 3605.646401657559 0.0000013434952118171986
 3640.4058302166086 0.0000011359390680983785
 3675.318825209937 9.59730882088296E-7
 3710.392063439036 8.102637124560849E-7
 3745.6188681024137 6.835814920859267E-7
 3780.999239200071 5.762999894075075E-7
 3816.5198231290265 4.855196457495804E-7
 3852.1939734922616 4.0876359927356247E-7
 3888.0083366867943 3.4391388807542784E-7
 3923.9562359111364 2.891660831004056E-7
 3960.0510247682673 2.429793252379907E-7
 3996.2726728537154 2.0404468620412859E-7
 4032.627856968971 1.712457613451383E-7
 4069.1099003125455 1.4363479078268307E-7
 4105.7188028844375 1.2040708916387529E-7
 4142.441211081666 1.0087965786653926E-7
 4179.290478507212 8.447367551718198E-8
 4216.253251558095 7.06987387349176E-8
 4253.322853432825 5.913999247890364E-8
 4290.505960932892 4.9446711471478215E-8
 4327.795897256805 4.1322381900798486E-8
 4365.179308801584 3.4517002679165004E-8
 4402.662872368718 2.8819399948674717E-8
 4440.246587958209 2.4051680089934553E-8
 4477.917101967076 2.006411441045529E-8
 4515.6744143953165 1.673055616107766E-8
 4553.518525242934 1.3944958526484987E-8
 4591.436080906945 1.1618166616752386E-8
 4629.43375818884 9.675271107546611E-9
 4667.504880287131 8.053434260415282E-9
 4705.649447201816 6.6998338493366305E-9
 4743.854105329914 5.570238998887249E-9
 4782.118854671427 4.627528208792307E-9
 4820.437018424862 3.840562645055992E-9
 4858.815273391711 3.1832527480206108E-9
 4897.240265968993 2.6337025733249784E-9
 4935.711996156708 2.1735088611344627E-9
 4974.230463954856 1.7872170725789177E-9
 5012.782315760455 1.4617862110056556E-9
 5051.367551573507 1.1861818235780752E-9
 5089.97949459252 9.510167412051056E-10
 5128.624821618985 7.482375012961158E-10
 5167.290179049922 5.708487259382374E-10
 5205.968890083839 4.126927766381051E-10
 5244.667631522228 2.682190676619594E-10
 5283.373049762106 1.3228778874785852E-10
 5322.0851448034755 5.843379300352183E-17
