 0.1770977556543278 0.00003893002491385059
 0.5338463438720015 0.00048651420238914045
 0.895736019685258 0.0018644908313985359
 1.2628463544762862 0.004662077719702815
 1.6352452750347597 0.009232238400274421
 2.0130104119774486 0.01570924037500742
 2.3962193959211224 0.023990758197199227
 2.7849498574825513 0.03379205644907322
 3.179284279192053 0.04473923531043464
 3.5792954397528494 0.05645724802912496
 3.9850706736088064 0.06862428461163812
 4.396687611376693 0.08099232102080504
 4.814233587500378 0.09338606782149354
 5.237786232596628 0.10568882468638822
 5.667471696417697 0.1178271879698067
 6.103270571309389 0.12975241306328797
 6.545425452949112 0.14143773822101033
 6.993887822201386 0.15287647300651838
 7.448803236472652 0.16407435207963103
 7.910317253169354 0.17503902165344024
 8.378429872291493 0.18576952595130944
 8.853286651245512 0.1962572629835103
 9.334984628302374 0.20650318852667926
 9.823572322597558 0.216539798986457
 10.31924381067299 0.22642921984421532
 10.82199909252867 0.23624026701778153
 11.331983725571042 0.2460044811361597
 11.849294748071067 0.25571995064607694
 12.37407771743519 0.2653790293344413
 12.906381152798891 0.27498171720125275
 13.446350611568615 0.284549041332514
 13.99403461287984 0.29411063080395644
 14.549627233274494 0.3036645740623069
 15.113176991888054 0.31315448028601256
 15.684829446126969 0.32250102001424474
 16.264681634262196 0.33163824465908576
 16.852879113700183 0.34052410004852995
 17.44951892271189 0.34912131089375426
 18.054698099568277 0.35737922103302483
 18.668562201675794 0.36523857231487916
 19.29125678644088 0.37265635479067527
 19.92287889213449 0.37964117045014156
 20.563574076163082 0.38625036589146744
 21.213439376797613 0.3925498897025707
 21.87262035144452 0.3985588574161811
 22.541262557510255 0.40424763995656743
 23.219463033265775 0.4095875640246351
 23.907415855253006 0.4145671603007461
 24.60516954260743 0.41916444592226126
 25.31296669100645 0.4230770851089168
 26.030904338721037 0.42704578006675487
 26.75912804315762 0.43027248199154394
 27.497734842587175 0.4329840203092651
 28.2469673326871 0.4351144464320004
 29.006874032592872 0.4365653153661917
 29.77769753798191 0.4372486956612818
 30.559534887125167 0.4371254004751747
 31.352531637429088 0.4362002086910527
 32.1568818654356 0.4344893685117362
 32.972731128551146 0.4320473592055052
 33.80027350331765 0.4289821835322829
 34.639606028006064 0.425332072557529
 35.490971298293815 0.42099475818113896
 36.354466352451844 0.41587561851610044
 37.23028526702209 0.40996700734932146
 38.11862211854647 0.4033272270556279
 39.019622464431436 0.3960489879687593
 39.93352890035439 0.388230735082274
 40.86043846458628 0.3799489305270912
 41.80054523366905 0.37124945158176254
 42.754091803280105 0.36215619266220006
 43.72122373082587 0.35275708521896093
 44.70218361198378 0.34320409773724697
 45.697068485024765 0.3335918521040706
 46.70616946476173 0.3238782941474263
 47.72958358946563 0.3140051214924883
 48.76755345481388 0.30405644248326763
 49.82041869475484 0.2941679774021458
 50.88832486669497 0.2844372154660447
 51.97127197063425 0.2748660682282375
 53.06974519792749 0.2653436655988911
 54.1837445485747 0.2559378677191966
 55.313270022575885 0.2466907287611593
 56.45929200264065 0.23754394634995338
 57.6213252974142 0.22847553762293965
 58.800340289606154 0.2194472715146585
 59.99536659650689 0.21045341336529097
 61.20785979218084 0.2015818946253941
 62.437334685273186 0.19296939135398591
 63.68427646713876 0.18468185213898422
 64.94917032913236 0.17662369931674005
 66.23201627125397 0.16868119546751112
 67.5328142935036 0.16080559598283645
 68.8520495872361 0.1530322645982662
 70.18972215245141 0.14539656504935045
 71.54680237185917 0.13792430330527441
 72.9228050541046 0.13051129971266076
 74.31821539054249 0.12315755427150943
 75.73351857252764 0.11606664740539276
 77.16871460006007 0.10972659211980552
 78.62428866449459 0.10329651576525464
 80.10024076583117 0.09743569343030015
 81.59705609542466 0.09176918048554401
 83.11521984462986 0.08624584288093401
 84.65473201344678 0.08075911152150157
 86.2160777932302 0.07536671531609064
 87.7987719926253 0.07039658122868085
 89.40427018569659 0.06600765491392041
 91.032572372444 0.062033726814723786
 92.68367855286755 0.05830572004409593
 94.35758872696722 0.05481388568034467
 96.05575846880748 0.051539299346067505
 97.77721739567872 0.04837128210675893
 99.52293589029048 0.04524895099067457
 101.29339914399768 0.04225861262808942
 103.08860715680024 0.03950597591499925
 104.90904512005301 0.03699123200673135
 106.75519822511077 0.034628361006001654
 108.62706647197355 0.032365846552103374
 110.52513505199616 0.030252528831161127
 112.44940396517859 0.02824023670069583
 114.40132878558528 0.026290739095247904
 116.37993913050659 0.02457397310078521
 118.38669057400696 0.02301051367881545
 120.42109792473158 0.02146836807583941
 122.4841315653901 0.020032982723159266
 124.5757914959825 0.01873972135632513
 126.69704809921839 0.01757319597148952
 128.84741618374298 0.01648523542617336
 131.02786613226587 0.015403105118339786
 133.2388831361419 0.014324797917052172
 135.48046719537103 0.013242189720900353
 137.75358869266293 0.01216101518970327
 140.05776243666278 0.011141488251559768
 142.39444400143498 0.01017796982431456
 144.76314819562475 0.009235583618502135
 147.16484540194168 0.008310114659155578
 149.60002081174062 0.007416587755000506
 152.06915961637637 0.006562782927857944
 154.5717766244941 0.005742420725226153
 157.10981260151308 0.004938899306929311
 159.68229716472368 0.004133523681957678
 162.29068588819032 0.0033189917168084744
 164.934978771913 0.0025066867112222917
 167.61614619860137 0.001715427907171611
 170.3337029769006 0.0009582807712772458
 173.08910468087515 0.00024316869185569495
 175.882351310525 -0.0004249669658823899
 178.7139280572049 -0.0004395173814783879
 181.58432011226978 -0.0004542672544506164
 184.49449785842918 -0.00213910457459474
 187.4444612956831 -0.002611478061647016
 190.4346956153864 -0.0030448271886314203
 193.46617120024868 -0.0034570154208839435
 196.53888805026995 -0.003868735322584587
 199.65430173951464 -0.004290032106182857
 202.81144188527307 -0.0047144064905506235
 206.01224925296455 -0.005131889725369299
 209.25672384258908 -0.005544622750304621
 212.54535084550145 -0.005964399849050873
 215.87861545305648 -0.00639283628412372
 219.2574880479638 -0.006810223941278747
 222.6819686302234 -0.00718963859266604
 226.1535127738997 -0.007514277685016112
 229.6716352876379 -0.007777336088677157
 233.23779174550248 -0.007979855600182948
 236.85198214749337 -0.00813838071311112
 240.51517687632025 -0.008290951337593961
 244.22834631469266 -0.008468200114830965
 247.99100527125586 -0.008639370152659896
 251.8046093200743 -0.008643433477653303
 255.66964365250274 -0.008546595292357288
 259.5870786512508 -0.008448444211754726
 263.55691431631857 -0.008267219403709924
 267.5796358390607 -0.008260959066740917
 271.6566987935418 -0.00844663779391176
 275.7885883711166 -0.008710499049947456
 279.97578976313986 -0.008930480600601911
 284.2187881609664 -0.009051233420856012
 288.51806875595116 -0.009134844761016126
 292.87557231351326 -0.009329976119121852
 297.2903284509432 -0.009680870395676295
 301.76427793366 -0.010174720183750494
 306.29742076166394 -0.010853608328649088
 310.8912125090192 -0.011694405035769026
 315.5451679843712 -0.012509395773703743
 320.26122795313904 -0.013059540805667182
 325.0393924153227 -0.012921773916609498
 329.88111694498673 -0.012782174425757888
 334.7859163507762 -0.01193306246190049
 339.75573139811047 -0.010717027847294718
 344.7910472783442 -0.009209165952269562
 349.8923491828324 -0.007472930787721571
 355.0606074942845 -0.005552268963396539
 360.2963074040554 -0.0036169837565332152
 365.6004192948548 -0.001856901964904808
 370.9739135493922 -0.000315560170080057
 376.4172753590225 0.0010114506255651647
 381.93147510645525 0.0020048848615324996
 387.51748317440007 0.0027061286219585857
 393.1757847542118 0.003372811499209206
 398.90735022860014 0.004180767721099361
 404.7131499802746 0.0052527476810534145
 410.59366920059 0.006543332873305379
 416.549878272256 0.007885061673375906
 422.5827475779822 0.009044638562064234
 428.6932475004784 0.009610334079903358
 434.8818632310991 0.009395962938105096
 441.1500503439089 0.008542301477458008
 447.4978088389078 0.007255042387901027
 453.92659429016027 0.005567609178412198
 460.4373770803758 0.0033451608811155605
 467.0306424009093 0.0008372899626406583
 473.70736063447043 -0.0013691309162386835
 480.4685021637688 -0.003263432420929331
 487.3164929455783 -0.00520428980558339
 494.2498774058347 -0.007088469635693612
 501.26574439640905 -0.008438723963361625
 508.37379774439756 -0.009001437458094903
 515.5740374498002 -0.0094639760035577
 522.8616115990691 -0.0096069778553795
 530.236520192204 -0.00936374229153071
 537.7084670563012 -0.009117306259736542
 545.2677483642643 -0.008674189095527213
 552.9240679431899 -0.008609129379881363
 560.6774257930776 -0.008831538603192503
 568.5229700003797 -0.010369603039930732
 576.465552478644 -0.012607936344925826
 584.5051732278707 -0.013044813675209052
 592.6418322480596 -0.012904242956802908
 600.8803814527589 -0.012761911961064307
 609.2159689284206 -0.012033227853404604
 617.6534465885926 -0.012103668591513891
 626.1976663468232 -0.012218997182372024
 634.838924376016 -0.011660134529324226
 643.5869245032674 -0.011094368463380829
 652.4416667285775 -0.009279071455462414
 661.4031510519459 -0.007820642328076503
 670.4665255598248 -0.007397319298008876
 679.6414940793104 -0.008458642348466069
 688.9280566104026 -0.007836352292110963
 698.3213612395532 -0.007206909476487409
 707.8214079667624 -0.005857305076932208
 717.4379006191265 -0.006008633191787614
 727.1708391966453 -0.006835456444482074
 737.0105198722226 -0.00685273076872461
 746.9714983865027 -0.006254922873474469
 757.0440709123895 -0.00565041766619766
 767.2330893634311 -0.003573342995311098
 777.5434056531757 -0.0013547082467940549
 787.9701678680748 -0.000980884888730226
 798.5133760081288 -0.001990978311471575
 809.1827339004338 -0.005324918374874748
 819.9685377178936 -0.006313275241950163
 830.8804912876043 -0.007313191838465056
 841.9137426960178 -0.007746292463523973
 853.0731438566825 -0.009193462542132037
 864.3586947695981 -0.010253189445606294
 875.7703954347645 -0.010723049240104601
 887.303393938634 -0.010888618155020987
 898.9722460218507 -0.010327822643506821
 910.7672478573184 -0.009760964477814127
 922.688399445037 -0.008265336523736039
 934.7454046121028 -0.007090104013742009
 946.9334114449679 -0.005970918245711733
 959.2524199436319 -0.004382417475865945
 971.7072820216433 -0.0020909047588165675
 984.2931457654536 -0.0009475808518317442
 997.0148630886113 -0.0005481292990370817
 1009.8772859046642 -0.00008178171554387785
 1022.8707103865164 0.00038931554156468974
 1036.0048403612636 0.0007362462124076098
 1049.2748239153584 -0.0009554793899556947
 1062.6855129623484 -0.003032966000572584
 1076.2417594157816 -0.004591885483519016
 1089.9338594485625 -0.003971733541354525
 1103.7666649742384 -0.0033452086699473855
 1117.7450279063578 -0.0018314209597759942
 1131.8640963313726 -0.001407400212763729
 1146.1238702492826 -0.0009280275734024391
 1160.5340534871843 -0.0004738797910313839
 1175.0897941315295 -0.00027621562483896086
 1189.78624026877 -0.00016283088667555802
 1204.633095726002 -0.00009350209910516338
 1219.6255085896773 -0.00006287796431773508
 1234.7683307733446 -0.00004775776908379623
 1250.0567103634548 -0.000037164036422608675
 1265.500351187105 -0.000028722234858477556
 1281.0846975036507 -0.000021969959654669176
 1296.8243050537358 -0.00001665574597812311
 1312.7143219238126 -0.000012534245966252475
 1328.7547481138809 -0.000009374018306531296
 1344.9504355374888 -0.0000069724956986219585
 1361.2916803675403 -0.000005160754179791287
 1377.7930383446796 -0.0000038023088463485567
 1394.4399537282623 -0.0000027891664961368055
 1411.2469822589328 -0.000002037209227378579
 1428.2044201095948 -0.000001481587595288055
 1445.3171191937965 -0.00000107279237009507
 1462.5802275979897 -3.8462076672625265E-7
 1480.003449149271 -3.90267018332629E-7
 1497.5770800205437 -3.3592848034518663E-7
 1515.310824038904 -2.8109486456824047E-7
 1533.1949773772562 -1.983714409034254E-7
 1551.239243862696 -1.3908174881206336E-7
 1569.4339196681274 -9.68039250735805E-8
 1587.7887086206465 -6.682264565185513E-8
 1606.2987588067053 -4.569004190841454E-8
 1624.9640702263039 -3.089366379891837E-8
 1643.7846428794423 -2.0611323165899147E-8
 1662.765328679668 -1.3526628847919671E-8
 1681.896423799886 -8.693189935060627E-9
 1701.1876320671913 -5.433752660471823E-9
 1720.6292496544884 -3.2663857707360844E-9
 1740.2309803888731 -1.8500299308884474E-9
 1759.9879723567974 -9.448549768644757E-10
 1779.9002255582614 -3.83432736367096E-10
 1799.9628880797172 -4.977923666997183E-11
 1820.1856637482606 1.3570212262543597E-10
 1840.5588487367957 2.2706194397757151E-10
 1861.0872949588704 2.6053515334071176E-10
 1881.7710024144849 2.6004388414955607E-10
 1902.6099711036388 2.4107362946850964E-10
 1923.5944971992367 2.1339624962904256E-10
 1944.7342845283738 1.8296527729984883E-10
 1966.0293330910506 1.5322533147883712E-10
 1987.469939060171 1.2600385709497556E-10
 2009.0658062628308 1.0211517584255345E-10
 2030.8072308719345 8.176200794617014E-11
 2052.6990648010296 6.480079575502495E-11
 2074.736456136568 5.090848676598434E-11
 2096.9242567920983 3.968766905359593E-11
 2119.2576148540716 3.0729270217442155E-11
 2141.7365303224888 2.36473476517085E-11
 2164.361003197349 1.809657925763125E-11
 2187.126181565105 1.3778284836307393E-11
 2210.036917339304 1.0441381865331104E-11
 2233.0883586063987 7.878180081593179E-12
 2256.2805053663888 5.920080486416848E-12
 2279.6133576192738 4.431716434776081E-12
 2303.086915365054 3.3056204016639845E-12
 2326.691474776634 2.4572921746485068E-12
 2350.436739681109 1.8207831658118644E-12
 2374.3130062513833 1.3449975561673201E-12
 2398.3202744874566 9.906242526560554E-13
 2422.463396302877 7.275696721015568E-13
 2446.7375197840965 5.32927671633714E-13
 2471.1377930175668 3.893461264170574E-13
 2495.6642160032884 2.837385427447708E-13
 2520.321640654809 2.0627953679374067E-13
 2545.1003631450326 1.4961823045272518E-13
 2570.000383473959 1.0827802359463867E-13
 2595.021701641588 7.8190366233272E-14
 2620.159465734372 5.6345039852001084E-14
 2645.418527665859 4.0520532814633E-14
 2670.7891836089525 2.9083136116416045E-14
 2696.276285477201 2.0834305855192182E-14
 2721.8749813570557 1.4897594855300417E-14
 2747.5852712485175 1.0633492969265522E-14
 2773.39745132449 7.576747245977076E-15
 2799.321225412068 5.389653126464191E-15
 2825.346889684157 3.827656042748262E-15
 2851.4695922272085 2.7140806835741793E-15
 2877.6990368683187 1.9215411388306023E-15
 2904.020667866843 1.3584357756763644E-15
 2930.4393371363285 9.589784882218832E-16
 2956.9501927632296 6.760580902779475E-16
 2983.553234747544 4.759738976419327E-16
 3010.2387592621767 3.346804816930323E-16
 3037.0164701342237 2.3504076733898706E-16
 3063.8766635365887 1.6487242557109988E-16
 3090.814487555723 1.1552089894595718E-16
 3117.834794105176 8.085411571916864E-17
 3144.9327312713986 5.653351900471682E-17
 3172.0985952272945 3.948867635787879E-17
 3199.3372378864124 2.7557429871587627E-17
 3226.648659248752 1.9213690990360343E-17
 3254.023155487217 1.3386034104692043E-17
 3281.460726601808 9.317818640305704E-18
 3308.9613725925237 6.481713953550892E-18
 3336.515389632269 4.50524433142123E-18
 3364.127629634592 3.1294229787271185E-18
 3391.7932406859436 2.173512533508367E-18
 3419.512222786325 1.508244205679751E-18
 3447.274872108639 1.0453615806278172E-18
 3475.0811886528863 7.246975633089054E-19
 3502.926320505519 5.013469000108232E-19
 3530.8151195800842 3.4773447899420786E-19
 3558.737882049486 2.3946983627248E-19
 3586.694607913725 1.6485713314491607E-19
 3614.685297172801 1.1349560825323562E-19
 3642.7002459996165 7.826501238858184E-20
 3670.739454394173 5.319843200934988E-20
 3698.7980704429224 3.5963389811850387E-20
 3726.8809460594125 2.26738891474438E-20
 3754.9783774165467 1.5787231748544973E-20
 3783.0855126007773 7.629592136208588E-21
 3811.207203525652 4.7599205739802605E-21
