 0.19680417088568017 0.9999922281407898
 0.5932496812164626 1.0002504526015759
 0.9954083496726038 1.0008971406143772
 1.403368601880053 1.0019458716996361
 1.8172059231292548 1.0033567919891988
 2.237006582323574 1.0050199036926795
 2.662856848366376 1.00681104103211
 3.0948429901610264 1.0086102841653224
 3.53305666841735 1.0103597544619864
 3.977578760232252 1.0120418838948104
 4.428506318122019 1.0136137850439133
 4.8859256109900135 1.0151189729679995
 5.3499336913525255 1.0165727565338332
 5.820616828112916 1.0179868053140184
 6.298115208239157 1.0194657238193237
 6.782407264505404 1.0209006533081948
 7.273762587234675 1.0224041335015164
 7.772127258362366 1.024051239244117
 8.277663032082287 1.0257454241614419
 8.790531662588249 1.0275821914263084
 9.310733149880251 1.0295945153286836
 9.838429248152101 1.0317431845239984
 10.373727793533009 1.034010532135192
 10.916682704087574 1.0363938156987085
 11.467509652074213 1.0389046067484506
 12.026208637492923 1.0414946143258723
 12.592941414537515 1.044080643574511
 13.167815819337195 1.046648861281346
 13.750993606085773 1.0492652565336744
 14.342528692847855 1.0518857929000158
 14.942582833817246 1.054468335807449
 15.55120994705855 1.0570401078913523
 16.168625704830184 1.0595422582679286
 16.794884025196744 1.0619910954903478
 17.430146662352048 1.0643483696401683
 18.074521452425294 1.0665528680778995
 18.7281701496103 1.0686185733047002
 19.39120059003627 1.0705500335712332
 20.063720609832405 1.0722670940670849
 20.745891963192523 1.0737053865529864
 21.43787640431043 1.0748248741984645
 22.139781769315327 1.075588938436448
 22.85176981240103 1.0760141376399548
 23.573948369696748 1.0760672912708091
 24.30647919539628 1.0757519631257328
 25.049524043693452 1.075045805161689
 25.803190750717455 1.0739172511135928
 26.56769498872671 1.0724185124719523
 27.34309067578582 1.0704990963171979
 28.129647402217792 1.0678687734324852
 28.92747300415185 1.0654095442723965
 29.736729235781784 1.0622669204082849
 30.55752393323682 1.0586273655482725
 31.390126686839956 1.0545264453642156
 32.2345914146558 1.049943191452111
 33.091187707007386 1.0448319615310593
 33.96002340002389 1.039238216527297
 34.84126024789915 1.0331728480735864
 35.735113922891564 1.026583998104881
 36.641746179194946 1.019449934945204
 37.5613726890677 1.0117797626365266
 38.494101288639044 1.0035862857575724
 39.440201568232 0.9948962604209058
 40.39978136397575 0.9856587652153638
 41.37305634812873 0.975864989233754
 42.36024219294933 0.9655585440699781
 43.36150065263139 0.9546937741427278
 44.3771013174979 0.9432457464885573
 45.40715202367809 0.9312661667416622
 46.45186844343034 0.9187716274768776
 47.511520167077705 0.9058144700419889
 48.58626894881396 0.892371838305319
 49.676384378962155 0.8783980928952249
 50.781974293651466 0.8639249534588765
 51.90336220126953 0.8489139386794861
 53.04065593794554 0.833430886149429
 54.19412509400252 0.8175769669793994
 55.3641470958927 0.8013879068325498
 56.55088369780988 0.7848962289520702
 57.75433489975406 0.7680665717057339
 58.97503988237128 0.7509317524010449
 60.21299864566153 0.7335732927675127
 61.46821118962482 0.716045029669608
 62.741755875553196 0.6984385461333469
 64.03309352280066 0.6807855344621382
 65.34330249265923 0.6631253426816092
 66.67130442383689 0.6453952174248099
 68.01871685827172 0.6275811995168291
 69.38500061531765 0.609736022247691
 70.77069487562078 0.5919455328013273
 72.17633881982708 0.5743071220020902
 73.60193244793659 0.5568384615624344
 75.0474757599493 0.5395032294994541
 76.51350793651123 0.5222852726864909
 78.00002897762239 0.5052203947207662
 79.50811724457483 0.48835541229575924
 81.03723355672255 0.47174740161746187
 82.58791709471157 0.45539804523151484
 84.1607070391879 0.4393123018220174
 85.75560339015156 0.4235655448880865
 87.37314532824857 0.40791201210283395
 89.01333285347894 0.39251486843046474
 90.67670514648871 0.37730102080514194
 92.36380138792391 0.3623306847754845
 94.07462157778453 0.3476497265810165
 95.8097048967166 0.3332471271135851
 97.56851216407408 0.3191282508579073
 99.3526609217951 0.3053226196727869
 101.16215116987962 0.29185828833648814
 102.9969829083277 0.278777066848587
 104.85715613713926 0.2660876249066914
 106.74428839825244 0.2537767818672287
 108.65730133037519 0.24180419615620907
 110.59727329479954 0.23009905789962853
 112.56474347217154 0.218601977107739
 114.5597118624912 0.20733748091444343
 116.58271764640455 0.19631035896882856
 118.6343000045576 0.18549044528221734
 120.71445893695035 0.17483886947417615
 122.82373362422888 0.16435609880379445
 124.96212406639313 0.1540316825907972
 127.13124780538125 0.14390418573035674
 129.33002647990114 0.1340889353360202
 131.5600776318909 0.12461163147562729
 133.82086208070447 0.11548619646784233
 136.11345818763397 0.10673988200977114
 138.4378659526794 0.09835889134097076
 140.79516373713278 0.09034765013382098
 143.1848123603481 0.08270254659892275
 145.60789018361746 0.07543997051751819
 148.0649363875868 0.06856767332696842
 150.55595097225623 0.062031777112616066
 153.08201229891773 0.05582284006597544
 155.64258118692533 0.04995268693470121
 158.23927517821707 0.04436535173902438
 160.87155509214696 0.03903553579887651
 163.54049929000703 0.03401925315006327
 166.24664695244334 0.02935605317118671
 168.99053726010192 0.025092195436009237
 171.77163103233673 0.0212262142209516
 174.5920849917319 0.017707506351850054
 177.45082077699539 0.014526670806950387
 180.34945593006523 0.011690650362184432
 183.28799045094146 0.009199648209092375
 186.26750270091617 0.007019153201416835
 189.28745349934331 0.005130982752907222
 192.349460388161 0.003532198360183051
 195.45352336736914 0.0022010461588229226
 198.60018161761388 0.0011113457225743692
 201.78997431954122 0.0005050750385992279
 205.02397983444317 -0.000485767480135987
 208.3021981623198 -0.0010236474346679225
 211.6251684838171 -0.0014107066984130764
 214.99396916022718 -0.0016885456216640703
 218.40860019155 -0.0018795599675721034
 221.87067911972363 -0.001999055486301761
 225.37912758345607 -0.002075457928377915
 228.9361023053314 -0.002134805499632831
 232.54160328534965 -0.0022152120771270337
 236.19616970415686 -0.002324870204378133
 239.90034074239904 -0.0024691853499538585
 243.65519476136825 -0.0026432524215545352
 247.4607317610645 -0.002829372014979474
 251.3185692834259 -0.0030273605680323683
 255.22816814780637 -0.0032366682419463005
 259.19114589614406 -0.0034477219150009005
 263.20750252843897 -0.0036535583064744234
 267.27831640598316 -0.0038687919669569085
 271.40466589006866 -0.004081847218551427
 275.58601180004945 -0.004294898790718716
 279.82397167786365 -0.004521931739396998
 284.1190847041573 -0.004755195133130897
 288.47242924022237 -0.004974340681521933
 292.88400528605894 -0.005165172505210673
 297.3543520223131 -0.00532988780440287
 301.88508699092284 -0.0054711332402067134
 306.47674937253424 -0.005599000969554979
 311.1298783477933 -0.005736880575815649
 315.8450130973461 -0.0058963335835124425
 320.6226928018387 -0.006051631805913552
 325.4650741838551 -0.006160724422051649
 330.3710788821034 -0.006112148589716504
 335.3428636191676 -0.006051520932392474
 340.3804283950477 -0.005775783650372843
 345.4853907516819 -0.005437367328505231
 350.65721150842415 -0.005100107399560341
 355.8980473878585 -0.004714210719504263
 361.20789838998496 -0.004202643396899529
 366.58838205674175 -0.0035772903756499347
 372.0389592074826 -0.002910876623897953
 377.56178656479193 -0.0022511457514152056
 383.1574033093155 -0.0016381473770391488
 388.82634862169954 -0.0010637870164818554
 394.56970086323594 -0.00042958669678399864
 400.3879992145709 0.00028784651576758963
 406.2823220369965 0.000967842950972186
 412.2537476918046 0.001467459994883707
 418.3028153596415 0.001767086824983016
 424.43060340179903 0.0018953494861023328
 430.63819017956934 0.001615883723122128
 436.9261148735985 0.0013251331710297366
 443.29545584517854 0.0006425918788753739
 449.7472914556015 -0.00015588056630780637
 456.2821608855134 -0.0009536127595776479
 462.9011424962065 -0.0016823002007697065
 469.6053146489725 -0.0022840689272717635
 476.39575570510385 -0.002716415646633584
 483.27300484524636 -0.003014746694383134
 490.23867961133817 -0.003217514135314831
 497.2927800033792 -0.0033201449915783924
 504.4369235633078 -0.003258483138717244
 511.6721886524157 -0.00317515834619659
 518.9991144513491 -0.0032009115926379447
 526.4187793214002 -0.0031837345258211303
 533.9322616238609 -0.0031002933504760835
 541.5422572619613 -0.0030868342208315675
 549.2471486937634 -0.002877621120088822
 557.0437008353911 -0.0027275244171967752
 564.9426972997649 -0.002617752391107953
 572.9441380868848 -0.0024916216931093896
 581.0426313902905 -0.002368791367875313
 589.238177209982 -0.0021267613904838987
 597.5415591588801 -0.0017666021058776278
 605.9419936240639 -0.0014595034446742245
 614.4502642184543 -0.0011127156242810206
 623.066370942051 -0.0006858000932478571
 631.784921988394 -0.0003721685557506485
 640.6113091639434 -0.0003480818192118739
 649.5455324686993 -0.0006339160177924411
 658.5875919026616 -0.0014225666381484858
 667.7428792722907 -0.0028191102535717128
 677.0060027711263 -0.004618657278713622
 686.3823542056286 -0.006265779097451151
 695.8773253822583 -0.007221437262546836
 705.480132688094 -0.007243734582371945
 715.2015597360572 -0.0072786069357022275
 725.0416065261475 -0.007505354791308805
 735.0002730583648 -0.0077103152197547245
 745.0721675262489 -0.007873032243930003
 755.2680735427205 -0.007913924448378306
 765.5879911077794 -0.008014800191678259
 776.0265284149655 -0.00787239330287195
 786.5836854642786 -0.007759052629837775
 797.2702458686397 -0.006959448706363235
 808.0862096280484 -0.005763199009020548
 819.0207931295843 -0.004285546701942141
 830.0901717926282 -0.003124813478284307
 841.2835620042596 -0.0030988982480343596
 852.6063555709386 -0.0027032436869607727
 864.063944299126 -0.002238931832015935
 875.6509363823609 -0.004838565696764371
 887.3673318206436 -0.005397188988752156
 899.2239142268949 -0.005353871728439409
 911.2098999881937 -0.005314431200709467
 923.3360727174611 -0.004799325142192132
 935.5970406082364 -0.00434544425941786
 947.9981954669803 -0.0039025753593611903
 960.5395372936924 -0.0032163425173727944
 973.221066088373 -0.00232340562683659
 986.0373900445618 -0.001862296186433606
 999.0046845816396 -0.0021081002168496323
 1012.1121660866856 -0.003283046271632977
 1025.3598345597004 -0.0046487069585480455
 1038.7584736136039 -0.005103753184135105
 1052.3026914419363 -0.004933704963442164
 1065.9924880446974 -0.004818823570485708
 1079.8332552283475 -0.003962824518317152
 1093.8196011864263 -0.003151279641088282
 1107.9569177253945 -0.0016588036713106207
 1122.2505966517117 -0.0007240083935432175
 1136.6898543524578 -0.0000792067636745477
 1151.2854744405531 0.0007621199744686515
 1166.0320651095378 0.0012163352763417605
 1180.9350181658715 0.0009793644458034592
 1195.999725416015 0.0004564042427340366
 1211.2154032470478 -0.00032883812549840726
 1226.5874434654297 -0.0017727540667468189
 1242.1212378776215 -0.00202654427107732
 1257.8113946771625 -0.0018948334055067864
 1273.657913864053 -0.0016132909957487773
 1289.6715790512135 -0.0010895321697574351
 1305.8469984321837 -0.000662267824529021
 1322.1787802005033 -0.00041071915722216534
 1338.6777079690928 -0.0002459482273297441
 1355.338389931492 -0.0000945447049854275
 1372.1662178941617 7.410283159860193E-7
 1389.1558000506404 0.00003663344362101693
 1406.3179200138497 0.00004718339228883501
 1423.6364023644087 0.00005052816669202809
 1441.1274225216978 0.00005123355376694474
 1458.785588679257 0.00005089762563212659
 1476.6109008370859 0.00005049557621144466
 1494.6087508016456 0.000050898815598933774
 1512.7683549600147 0.00005058102665883311
 1531.1058887315746 0.00004957547805421577
 1549.605176696944 0.00004940161768959152
 1568.2823942755044 0.00004929621792662295
 1587.1267578543345 0.00004852132340003344
 1606.1436592398952 0.00004781333847750476
 1625.3277066257258 0.00004718049625993255
 1644.6896836247472 0.000047265149111703964
 1664.2188066240387 0.00004670440728329654
 1683.9258592365204 0.00004616875361746127
 1703.8000578492727 0.00004637132892529785
 1723.8521860752153 0.000045895303770287895
 1744.071460301428 0.0000461249200416155
 1764.4686641408314 0.000045686260502857786
 1785.0384057869653 0.00004525989438264923
 1805.7806852398294 0.00004552467112873541
 1826.6955024994238 0.00004512066994098657
 1847.7882493722088 0.00004473406050419499
 1869.0481422452642 0.00004500671820593456
 1890.48596473151 0.00004463957577247873
 1912.0909332180258 0.00004427063605879695
 1933.8738313177323 0.00004454753308088525
 1955.8292672241691 0.00004419354285818758
 1977.9572409373363 0.000044475350941374373
 2000.2523606507734 0.00004413416650799062
 2022.7254099774013 0.00004378955854252711
 2045.3656053042994 0.00004407481735005728
 2068.178338437928 0.000043741327771262335
 2091.1636093782863 0.000044013901142280046
 2114.321418125375 0.00004429725609888023
 2137.640981066274 0.00004398033088324054
 2161.133081813903 0.00004365803220200976
 2184.7977203682626 0.00004335035070850922
 2208.6241131164315 0.00004362674934145584
 2232.623043671331 0.00004390342203704619
 2256.78372842004 0.00004360549042440068
 2281.1115591690195 0.00004387947996127039
 2305.601144111808 0.000044153768578781546
 2330.257875054867 0.00004386015760048094
 2355.0763601917356 0.0000435751765739462
 2380.056599522414 0.00004384715666864643
 2405.198593046902 0.00004412388445885962
 2430.4969489587393 0.0000438473262570307
 2455.9570590643866 0.000046289595319411135
 2481.573531557383 0.00004602360090065526
 2507.3463664377286 0.000043047035183309096
 2533.275563705424 0.00004278822762802199
 2559.3611233604684 0.00004254125610636997
 2585.592261789942 0.00004229715911581282
 2611.979762606765 0.00004729745989414181
 2638.512842198016 0.000047068555640864764
 2665.191500563696 0.000041593853050499576
 2692.0211295102654 0.000046521718725073364
 2718.9963372312636 0.00004630283450937237
 2746.1117319202294 0.00004603755713702399
 2773.3673135771646 0.00004582241077066528
 2800.7684740085283 0.000045563166727084034
 2828.3044296013995 0.00004536641420804303
 2855.9751803557797 0.000045120427188476245
 2883.780726271667 0.00004991011546520405
 2911.7156755426026 0.00004967466426864044
 2939.7854199750464 0.00004451249620762225
 2967.979175956077 0.00004429149671949059
 2996.3023352921564 0.00004900467528353439
 3024.7495061768223 0.000048791513972040466
 3053.320688610076 0.000048589325025193966
 3082.0050989789966 0.00005321785941987015
 3110.8135208965045 0.00005301878775769869
 3139.7351707496787 0.00004800612231699904
 3168.7646567320603 0.00004781926532874313
 3197.9127624565685 0.000052393093228714304
 3227.163312503823 0.0000522228203406987
 3256.5216986802834 0.00005201890394199332
 3285.9825291794905 0.00005656009504939727
 3315.5458040014437 0.0000516847325832104
 3345.2007395332225 0.000051500714795021965
 3374.9581193877475 0.000056007498708642566
 3404.8071599520977 0.0000558407999199205
 3434.742469419813 0.00005567509875600008
 3464.7694395973544 0.00006012980703478959
 3494.88267867826 0.00005998141203117328
 3525.071403049611 0.000059813952117243904
 3555.3410045178666 0.00005966549937354402
 3585.691483083027 0.000059506544732761966
 3616.112055132172 0.00006394228567340696
 3646.6027206653007 0.00006379545719477689
 3677.1634796824137 0.0000636605075972185
 3707.78354857059 0.00006806550510028638
 3738.4683191362906 0.00006793597926444264
 3769.2123995730544 0.00006779754527297699
 3800.015789880882 0.00007219494717638121
 3830.8677064468525 0.00007658232457359008
 3861.7681492709658 0.0000764766737164545
 3892.7117265467623 0.00007635702417040164
 3923.7038300807008 0.0000807391547216359
 3954.733676259862 0.00008064100523619847
 3985.8012650842456 0.00008501567752166209
 4016.906596553851 0.00008939928939483141
 4048.038887055758 0.00009378569788299422
 4079.198136589967 0.00009371676914771429
 4110.378953350018 0.00009809871143111894
 4141.586729142369 0.00010694559228569353
 4172.810680354102 0.0001113523278922943
 4204.045415178755 0.00011575775004442068
 4235.29632542279 0.00012461768779360692
