 0.24370726048068408 0.00010871495044294288
 0.7346351143863035 0.0013527705338636973
 1.2326377071511563 0.005182759491053569
 1.7378245383196849 0.01298942756275408
 2.2502890831127553 0.025851969956397092
 2.7701381703542136 0.04433016527604421
 3.297478628867907 0.06839029860802552
 3.832417287477681 0.09747900121959088
 4.375067651808874 0.13069525718433983
 4.92552987388384 0.1669736146645895
 5.483924136129408 0.2052380228228505
 6.050357267369423 0.244501260534297
 6.624949450030714 0.28391944552862763
 7.207807512937126 0.3228127276754026
 7.799105052927412 0.36066528898404304
 8.398815362795606 0.3971127257469188
 9.007272282616231 0.4319152986826944
 9.624409044374385 0.46493623022243935
 10.250425952114776 0.49612101122429225
 10.88552330988212 0.5254782218309535
 11.529701117676412 0.553060857041455
 12.18315967954237 0.5789426051401654
 12.846032531509799 0.6032193618396188
 13.518386441593602 0.6259819757095844
 14.200488481853398 0.6473313896053614
 14.892338652289185 0.6673483578111893
 15.594137256945674 0.686133823182367
 16.306017831852678 0.7037735871458992
 17.028180681054902 0.720348403986025
 17.760692572567258 0.7359440751297486
 18.503753810434453 0.7506262134330147
 19.257431162671395 0.7644553846090028
 20.021991701337694 0.7774770129425972
 20.797502194448256 0.789741569861448
 21.584162946047798 0.8012944796504393
 22.38210749216612 0.812181166594456
 23.191536136847944 0.8224218192645582
 24.01258241612307 0.8320265319462753
 24.84537986602131 0.8410104460679027
 25.69012879058738 0.8493887030577346
 26.547029493865985 0.8571764443440666
 27.416215511886932 0.864403952783488
 28.297887148694937 0.871086369804294
 29.19217794031981 0.877259025405839
 30.09928819080626 0.882937061016418
 31.019418204199003 0.8881356180643258
 31.952701516527842 0.8928546965495626
 32.899405199852396 0.8971094379004232
 33.85959602218757 0.9009250778307323
 34.83360782360788 0.9041072184702468
 35.821574140143134 0.9073349491422303
 36.82369527583805 0.909959463380009
 37.84010476672244 0.9122054419104159
 38.87113645287081 0.9140829790189807
 39.91685710229807 0.9156072161339983
 40.977600555078745 0.9167882475409987
 42.05350034724263 0.9176361675255119
 43.14475678283446 0.9181560232303027
 44.25163693391384 0.9183427675126061
 45.37434110452547 0.9182115418007172
 46.513136366728986 0.9177371103808111
 47.66815625655418 0.9169144261101227
 48.83973461407558 0.9157384418458873
 50.02800497532299 0.9142343933019295
 51.23323441235603 0.9123972333354843
 52.455689997234316 0.9102168676610219
 53.695572034002566 0.9076882491357775
 54.953214362735295 0.9048214720452806
 56.2287505194623 0.9016367249605916
 57.52244757624321 0.8981441021672397
 58.83463937315255 0.8943284622369306
 60.16552621423501 0.8901696165986044
 61.51544193956514 0.8856322352529061
 62.88452008517273 0.880711271057071
 64.2731612591472 0.8754218654393938
 65.68149899751837 0.8697943012564645
 67.10986714036075 0.8638184842227528
 68.55873306377867 0.8574893671954941
 70.02829707181687 0.8508019030319233
 71.5185591644753 0.8437611388748053
 73.03018702190305 0.8363771690096701
 74.56318064410009 0.8286651348648126
 76.11754003106641 0.8206502721540575
 77.69460054310011 0.8123628637339946
 79.29369450005215 0.8038130038901539
 80.91615726222062 0.79502592833636
 82.56065346930743 0.7859965899298481
 84.22918616175969 0.7767199415278533
 85.92108765942837 0.7672060774159054
 87.6370256424625 0.7574196675946497
 89.37766779101113 0.7473607120640862
 91.14301410507427 0.7370342579669799
 92.93306458465192 0.7264604938743905
 94.74848690989309 0.7156444669290831
 96.5892810807978 0.7045962714165875
 98.45678245766413 0.6933360959079637
 100.35032336034304 0.6818740346887416
 102.27057146898359 0.6702454177582758
 104.21819446373478 0.6584653865448612
 106.19319234459664 0.6465654285101584
 108.19623279171819 0.6344965055540703
 110.22731580509945 0.6223328914905188
 112.28710906488946 0.6100582402861383
 114.37628025123725 0.5976775990836936
 116.49482936414282 0.5852111564542446
 118.64342408375522 0.5726387238267315
 120.82139672992538 0.5599653483439191
 123.03075034310048 0.5471809357202776
 125.27148492328045 0.5342652973847473
 127.54360047046536 0.5212083390517981
 129.84709698465514 0.5080807207201394
 132.18397750629697 0.49495360710275726
 134.55290667509274 0.48188705919855457
 136.9552198513405 0.46889874200720877
 139.39158471518937 0.45596039152923606
 141.86200126663928 0.4430397060509408
 144.36713718583934 0.43014980814351167
 146.90766015293852 0.4172836318070779
 149.48357016793682 0.4044002951852433
 152.09553491098336 0.39150736899215516
 154.74355438207806 0.37865683879829276
 157.42963162166808 0.3658512281750385
 160.15243126945532 0.35304814112316674
 162.91395636588692 0.34022637964306457
 165.71353923081378 0.3274005804487504
 168.5525152245341 0.3146197008250445
 171.43088434704777 0.30195641962776204
 174.3499819586529 0.2894556564275113
 177.3091403792005 0.2771699015090478
 180.3096949689886 0.2650875464440122
 183.35231340816625 0.25320202994681
 186.43699569673345 0.24153808301698948
 189.5650771949883 0.2301275026539699
 192.73589022278173 0.21897432657196325
 195.95143782056087 0.20805685205708016
 199.21105230817668 0.19740687610873994
 202.51606904592725 0.1870804220116336
 205.86715571396164 0.1770421597664064
 209.26497999242883 0.16722445766000793
 212.70887420117987 0.15763993354935057
 216.2015090608108 0.14828606386305185
 219.74154921102365 0.13916032502972925
 223.3309976922655 0.13033892890513374
 226.9698545045363 0.12183954048894256
 230.65945500813422 0.11367629178089769
 234.39913152291018 0.105861295923635
 238.1908870893113 0.09835720406069379
 242.03472170733758 0.09117411047760396
 245.93130305713802 0.08429889260317666
 249.88129881886178 0.0778724881499867
 253.8860443528068 0.07135700912526849
 257.94553965897313 0.06522725423722564
 262.06045241750985 0.059318059488011506
 266.23211798871506 0.05366273601987482
 270.4605363725887 0.04829232376082007
 274.74771060957784 0.04324058809594484
 279.0923053393845 0.03853432935333106
 283.4969912826048 0.03415805280469031
 287.96176843923877 0.030125739035481526
 292.4873044894354 0.02645863651674518
 297.0742671133438 0.02313822223453387
 301.72399167126196 0.020115841732593405
 306.43647816319 0.017359294240083332
 311.21372962957486 0.014876806599710543
 316.0550783902677 0.01266494675439486
 320.9625274857155 0.010691816761861742
 325.93607691591836 0.008929606865476268
 330.9770620411743 0.007359491222725135
 336.08681822178136 0.005969709990965994
 341.2646777775906 0.004727269997944303
 346.5126437490491 0.00360295838133648
 351.8313838163059 0.002592858558356917
 357.22223333965906 0.001699322497534085
 362.6851923191086 0.0009249747131057624
 368.2209284348035 0.0002598289283972013
 373.831444727191 -0.00031681016078503676
 379.5174088764201 -0.0008363367918675505
 385.27948856263976 -0.001312070374607067
 391.1183514659991 -0.0017279196084403433
 397.03466526664715 -0.0020760614220816935
 403.0311006851801 -0.0023558497812572023
 409.1063223612998 -0.002560809201799427
 415.2630010156024 -0.002696562200748532
 421.501136648088 -0.0027843269662884062
 427.8227322992036 -0.002846709650863301
 434.22712028880034 -0.0028935319942938265
 440.7169713374742 -0.0029244558380147312
 447.29228544522516 -0.002938931043464634
 453.9550656525006 -0.002931998524791472
 460.7046442791512 -0.0029249756937195217
 467.54369204577324 -0.002893829775716959
 474.47287663251575 -0.00284619988944404
 481.4928657195278 -0.002795208606089658
 488.60499466710735 -0.002763926415232441
 495.8099311554036 -0.002767439226596853
 503.1090105447146 -0.0027962483174992394
 510.50356819533835 -0.0027932019828828345
 517.9942717874239 -0.0027901160390398144
 525.5824566812695 -0.0026838837781229547
 533.2694582371729 -0.0012363884688465047
 541.0559441352835 -0.001618336406788827
 548.9432497358991 -0.0016784846645657278
 556.9327103993181 -0.0015759923025384303
 565.0249938056891 -0.001472180884539865
 573.2214353153106 -0.0011871586383170938
 581.5233702884804 -0.0009086673948321795
 589.9321340854967 -0.0006586622251126946
 598.4483943865085 -0.00044524884043916333
 607.074154231963 -0.00027221714031379346
 615.8094136218601 -0.0001269840931092654
 624.6561755966471 0.000006078980631827358
 633.6157755166217 0.0001206368063680528
 642.6888810619333 0.00018055345698798848
 651.87682759288 0.00018359991236091777
 661.1809504697598 0.000184809207767402
 670.6045880933176 0.00021733350045907503
 680.1457374231065 0.0002724563748808525
 689.8003923782326 0.00031834802518551983
 699.5819065616761 0.0003573927216152435
 709.4902799734374 0.00046813763287825293
 719.518835812026 0.0006941537330358872
 729.667574077442 0.0009165611261165756
 739.949848372666 0.001025998322689184
 750.3523050947173 0.000995503486103301
 760.8882978465767 0.0007981097325657501
 771.5578266282441 0.0005095393449792126
 782.3542146382295 0.0003105229350427272
 793.2841386780227 0.00030269268284044
 804.3475987476241 0.0002947667647590778
 815.5445948470336 0.00021391456595009172
 826.8818037777417 0.000012899689364393109
 838.3525487382578 -0.00024679165392103543
 849.9635065300724 -0.0005149801648798386
 861.721353954676 -0.0006621144707639268
 873.6127374090876 -0.0006876782488684446
 885.6510104962882 -0.0007046517899870021
 897.8361732162778 -0.0006565497154687385
 910.1682255690562 -0.000607867780326146
 922.6404907531331 -0.0004929579668534925
 935.2663223714893 -0.0004317613608283631
 948.0457204241249 -0.00038602062009236807
 960.9720081095493 -0.0005734210309553001
 974.0451854277626 -0.0010185386456825745
 987.2786059817458 -0.0015235052793167343
 1000.6722697714987 -0.0018287564737414614
 1014.2128231940404 -0.002049533639709068
 1027.9202966538423 -0.002621021614985389
 1041.7813365479235 -0.003366449271370496
 1055.8026196777744 -0.0027985686592573705
 1069.9908228448855 -0.0022239275636667007
 1084.3392692477662 -0.002923702762741247
 1098.8479588864168 -0.0036312930408189605
 1113.5302453638178 -0.003615854800124969
 1128.3727750769885 -0.003600248065671697
 1143.38890162891 -0.0032889554413573136
 1158.5719482180914 -0.002657310571465445
 1173.9285916460233 -0.0018670138158998516
 1189.4588319127058 -0.0011581779445606984
 1205.1626690181388 -0.0006547557366126163
 1221.033426160832 -0.0001838795240700965
 1237.0911337452565 0.00045891953133233166
 1253.3224381684313 0.0011244327480341818
 1269.727339430357 0.0015452079932060582
 1286.3191911340139 0.0015083537567363269
 1303.091316477912 0.0010444304880668149
 1320.0437154620506 0.0004945538733957724
 1337.1830648879209 0.00015678999470773147
 1354.502687954032 0.0001562079200021599
 1372.0092614618743 0.00015561956230053745
 1389.7094622129384 -0.0000921325628886697
 1407.5899366042436 -0.0003943600140829101
 1425.6640382387704 -0.0003484147622317343
 1443.9250903150287 -0.00030199427319849923
 1462.3797696345086 -0.00008682347341420921
 1481.0347529987007 -0.000014637975804072679
 1499.8766868046243 0.000005788164265710414
 1518.9122478537695 0.000016236096643760216
 1538.148112947627 0.00002679396868204906
 1557.577605284706 0.00008381487161201708
 1577.2007248650068 -0.00006623365450455849
 1597.0308252915104 -0.00040120293024364164
 1617.0612297627258 -0.00046191907824731144
 1637.2852614771632 -0.00040674993142662005
 1657.7162740378033 -0.00035101616144599416
 1678.3475906431552 -0.00024092687402815294
 1699.1858880947102 -0.00018499948504964095
 1720.2244895909766 -0.00015254231935674187
 1741.4767487349363 -0.00011469732876224891
 1762.9226351221182 -0.00005934783763032477
 1784.5821791569924 -0.000012772905138137336
 1806.4487040380695 0.000007508735234284978
 1828.522209765349 0.000011689384529355912
 1850.8093731403217 0.000010980664742300354
 1873.2968405600063 0.000009289013901769007
 1896.0046424288746 0.000007573641490242352
 1918.9127483424547 0.000006066564660625559
 1942.0411887052185 0.000004808695552171388
 1965.3766099141844 0.0000037845848608762986
 1988.9256887708436 0.0000029627384158869457
 2012.6817484737053 0.0000023094766335327574
 2036.6581426257503 0.0000017937999629513547
 2060.8415176239982 0.0000013889030289180394
 2085.245227071429 0.0000010723714704136286
 2109.855917365063 8.258437820592005E-7
 2134.6869421078795 6.344510812691857E-7
 2159.724947696899 4.863063374035528E-7
 2184.983287735102 3.7193858706385574E-7
 2210.455285420998 2.838689741009781E-7
 2236.1409407545866 2.1621000647959513E-7
 2262.0402537358686 1.6434910042681075E-7
 2288.1599011663334 1.246831007227205E-7
 2314.4865294430015 9.440932898994277E-8
 2341.0334921688523 7.135044783967405E-8
 2367.787435740906 5.382273044552402E-8
 2394.7617137621432 4.052532623125213E-8
 2421.949649431073 3.045713442942874E-8
 2449.351242747696 2.284856671125287E-8
 2476.959816910521 1.7109662558928458E-8
 2504.78872552253 1.2789106466412854E-8
 2532.8246149807414 9.542481411425253E-9
 2561.074162086646 7.107335970187779E-9
 2589.5373668402435 5.2842575320568955E-9
 2618.2142292415338 3.921841908369362E-9
 2647.0913956875365 2.905589618359314E-9
 2676.1822197812317 2.1489118807511134E-9
 2705.48670152262 1.5865239038800135E-9
 2734.9914873087205 1.1692867057863734E-9
 2764.709930742514 8.602905314300464E-10
 2794.62867822102 6.318669441735268E-10
 2824.754406545728 4.6330146068086915E-10
 2855.0804389151485 3.3912862609168596E-10
 2885.6134521307717 2.478177380451516E-10
 2916.346769391107 1.8078915855511206E-10
 2947.280390696154 1.3166986045225344E-10
 2978.4143160459134 9.573773696568E-11
 3009.7418686388946 6.949713701638105E-11
 3041.2697252765884 5.0366295665797064E-11
 3072.9912091575034 3.644274292010435E-11
 3104.90632028164 2.632599760488205E-11
 3137.0150586489985 1.8987502496059143E-11
 3169.317424259579 1.3673063050267795E-11
 3201.8000635104004 9.830723734732069E-12
 3234.4763300044433 7.057268313959385E-12
 3267.3328701387277 5.058498836180275E-12
 3300.3696839132526 3.620335693876234E-12
 3333.5934481295085 2.587185569889103E-12
 3366.9974859860063 1.846148927709511E-12
 3400.5751206812533 1.3154418659740596E-12
 3434.326352215252 9.359522486195484E-13
 3468.2578573894916 4.736879757768785E-13
 3502.3562826009907 4.718205329538436E-13
 3536.6216278497504 3.343015387512791E-13
 3571.0538931357696 2.365444399653389E-13
 3605.646401657559 1.6715076937563954E-13
 3640.4058302166086 1.1796081127407148E-13
 3675.318825209937 8.314006862434203E-14
 3710.392063439036 5.852414393108344E-14
 3745.6188681024137 4.114577149134856E-14
 3780.999239200071 2.889292394371261E-14
 3816.5198231290265 2.0264984801297946E-14
 3852.1939734922616 1.419715835498115E-14
 3888.0083366867943 9.934997704256123E-15
 3923.9562359111364 6.9447675017284454E-15
 3960.0510247682673 4.849410852856314E-15
 3996.2726728537154 3.382746495358549E-15
 4032.627856968971 2.35730335837351E-15
 4069.1099003125455 1.6411188471685764E-15
 4105.7188028844375 1.141451713437624E-15
 4142.441211081666 7.932039097982098E-16
 4179.290478507212 5.507290770840439E-16
 4216.253251558095 3.820560894504927E-16
 4253.322853432825 2.6482963744872283E-16
 4290.505960932892 1.8343739436388611E-16
 4327.795897256805 1.2696440925248205E-16
 4365.179308801584 8.782179825311812E-17
 4402.662872368718 6.070703317692826E-17
 4440.246587958209 4.193771866259829E-17
 4477.917101967076 2.895439814258981E-17
 4515.6744143953165 1.9983758006434426E-17
 4553.518525242934 1.3785513391071082E-17
 4591.436080906945 9.502911812147974E-18
 4629.43375818884 6.548415380396206E-18
 4667.504880287131 4.510126774767467E-18
 4705.649447201816 3.106940331824593E-18
 4743.854105329914 2.1376315166714298E-18
 4782.118854671427 1.4706162702827277E-18
 4820.437018424862 1.0103118029756912E-18
 4858.815273391711 6.940174601812332E-19
 4897.240265968993 4.764765221545185E-19
 4935.711996156708 3.2751868358945054E-19
 4974.230463954856 2.242859396178062E-19
 5012.782315760455 1.5176909708515012E-19
 5051.367551573507 1.033165265415426E-19
 5089.97949459252 6.992059229436113E-20
 5128.624821618985 4.4609827456650597E-20
 5167.290179049922 2.925606586565142E-20
 5205.968890083839 1.759827645000415E-20
 5244.667631522228 8.580748357562293E-21
