 0.1770977556543278 1.0000197758521998
 0.5338463438720015 1.0001762144115975
 0.895736019685258 1.0004750241937503
 1.2628463544762862 1.0009051728536722
 1.6352452750347597 1.0014413623446219
 2.0130104119774486 1.0020248382200736
 2.3962193959211224 1.0026060916371549
 2.7849498574825513 1.0031284300182213
 3.179284279192053 1.0036527056535014
 3.5792954397528494 1.0041263952467872
 3.9850706736088064 1.0046164100627608
 4.396687611376693 1.0051897267694057
 4.814233587500378 1.0058282096446494
 5.237786232596628 1.0065624595569316
 5.667471696417697 1.0074529264136343
 6.103270571309389 1.0085031674574663
 6.545425452949112 1.009636833841157
 6.993887822201386 1.0109326460725274
 7.448803236472652 1.0122715172363985
 7.910317253169354 1.0136881717031125
 8.378429872291493 1.0152074690041428
 8.853286651245512 1.0166944121574326
 9.334984628302374 1.0181653536194681
 9.823572322597558 1.019568736469574
 10.31924381067299 1.0209735549480254
 10.82199909252867 1.022364492820403
 11.331983725571042 1.0236686023079096
 11.849294748071067 1.0249222565943708
 12.37407771743519 1.0261579499880555
 12.906381152798891 1.027322235619953
 13.446350611568615 1.0284393530391465
 13.99403461287984 1.0294578693145742
 14.549627233274494 1.030300246252945
 15.113176991888054 1.0310089719782307
 15.684829446126969 1.031428537739671
 16.264681634262196 1.0315040513743594
 16.852879113700183 1.031205446105432
 17.44951892271189 1.0305070916555221
 18.054698099568277 1.0293414107744066
 18.668562201675794 1.027608496489246
 19.29125678644088 1.0253291358805645
 19.92287889213449 1.0224980458370756
 20.563574076163082 1.0191823131060562
 21.213439376797613 1.0154116273240237
 21.87262035144452 1.0111469492330996
 22.541262557510255 1.0063501242113837
 23.219463033265775 1.0009853926073173
 23.907415855253006 0.9950555419046848
 24.60516954260743 0.9884672880571251
 25.31296669100645 0.9809173088599762
 26.030904338721037 0.9731605001097413
 26.75912804315762 0.9643937804262234
 27.497734842587175 0.9548687250845169
 28.2469673326871 0.9445744341018919
 29.006874032592872 0.9334680960691336
 29.77769753798191 0.9215384879904694
 30.559534887125167 0.9087670772988474
 31.352531637429088 0.8950988303871629
 32.1568818654356 0.8804672222134929
 32.972731128551146 0.8648477759851791
 33.80027350331765 0.8483423118640001
 34.639606028006064 0.8309406538024195
 35.490971298293815 0.8126504831420057
 36.354466352451844 0.7934589592212136
 37.23028526702209 0.7733494517383778
 38.11862211854647 0.7524565991554447
 39.019622464431436 0.7309422890582362
 39.93352890035439 0.7089224163994945
 40.86043846458628 0.6865031891432049
 41.80054523366905 0.6637291449345812
 42.754091803280105 0.6406534203379244
 43.72122373082587 0.6173698816675455
 44.70218361198378 0.5939305457157793
 45.697068485024765 0.5705077490926167
 46.70616946476173 0.5472315021247148
 47.72958358946563 0.5240765222620043
 48.76755345481388 0.5010694301807029
 49.82041869475484 0.47834191603912823
 50.88832486669497 0.45608868956471443
 51.97127197063425 0.4344038471818187
 53.06974519792749 0.4132234692911137
 54.1837445485747 0.39257845907344807
 55.313270022575885 0.37242628694496344
 56.45929200264065 0.35286689891275547
 57.6213252974142 0.3339451862753872
 58.800340289606154 0.31568793874867024
 59.99536659650689 0.298098535818562
 61.20785979218084 0.28119007164112797
 62.437334685273186 0.26507683176937163
 63.68427646713876 0.24976489266971544
 64.94917032913236 0.23518259327218052
 66.23201627125397 0.22122046878927662
 67.5328142935036 0.2077762541354608
 68.8520495872361 0.1948927100454867
 70.18972215245141 0.18259496529045535
 71.54680237185917 0.17095692777892238
 72.9228050541046 0.1598952776090616
 74.31821539054249 0.14930261002920867
 75.73351857252764 0.1393294926333209
 77.16871460006007 0.13041863598611225
 78.62428866449459 0.12171720380052437
 80.10024076583117 0.1138425955478621
 81.59705609542466 0.10635636341544982
 83.11521984462986 0.0992333037453107
 84.65473201344678 0.09238857716874913
 86.2160777932302 0.08580368559499214
 87.7987719926253 0.07969013679245017
 89.40427018569659 0.07426125027880427
 91.032572372444 0.06946481341439747
 92.68367855286755 0.06508595483878281
 94.35758872696722 0.06104991194766655
 96.05575846880748 0.05729080874459309
 97.77721739567872 0.05368698188750863
 99.52293589029048 0.0501740065451749
 101.29339914399768 0.04678593951139281
 103.08860715680024 0.043628695884444874
 104.90904512005301 0.04073614532011698
 106.75519822511077 0.03803864813050504
 108.62706647197355 0.035466752750093755
 110.52513505199616 0.033036014515130954
 112.44940396517859 0.030705816777817894
 114.40132878558528 0.028439166611468635
 116.37993913050659 0.02643657534633467
 118.38669057400696 0.024648373593537012
 120.42109792473158 0.022917623699439137
 122.4841315653901 0.02130604100307866
 124.5757914959825 0.01985560121652412
 126.69704809921839 0.0185651240285201
 128.84741618374298 0.017363660098461117
 131.02786613226587 0.016184815727164705
 133.2388831361419 0.015033235722104984
 135.48046719537103 0.01388609946900087
 137.75358869266293 0.01274208474057556
 140.05776243666278 0.011667920164280822
 142.39444400143498 0.010670808176257629
 144.76314819562475 0.009708742768928654
 147.16484540194168 0.008776684345509182
 149.60002081174062 0.00788934931681306
 152.06915961637637 0.007047743524225656
 154.5717766244941 0.006227013666459752
 157.10981260151308 0.0054107751510048775
 159.68229716472368 0.004587138707258927
 162.29068588819032 0.003748706723907291
 164.934978771913 0.0029131529845260575
 167.61614619860137 0.00209347160896747
 170.3337029769006 0.001302990618082363
 173.08910468087515 0.0005497441893701639
 175.882351310525 -0.00015006364182255523
 178.7139280572049 -0.0002007926219526011
 181.58432011226978 -0.00025095319748329935
 184.49449785842918 -0.0019753734943048227
 187.4444612956831 -0.0025020009562716473
 190.4346956153864 -0.002988176064490095
 193.46617120024868 -0.003446749098199656
 196.53888805026995 -0.003893615031444865
 199.65430173951464 -0.004329463618310475
 202.81144188527307 -0.004748478547294931
 206.01224925296455 -0.005160670824840548
 209.25672384258908 -0.005573016974275202
 212.54535084550145 -0.005987776187707523
 215.87861545305648 -0.006411260854671361
 219.2574880479638 -0.006819374071692786
 222.6819686302234 -0.007171826220468031
 226.1535127738997 -0.00746571167040347
 229.6716352876379 -0.007694564047381875
 233.23779174550248 -0.00785085574337005
 236.85198214749337 -0.007960119396329842
 240.51517687632025 -0.008060622386615366
 244.22834631469266 -0.008174823548878453
 247.99100527125586 -0.00826832052228935
 251.8046093200743 -0.008196747341822744
 255.66964365250274 -0.00803436137683376
 259.5870786512508 -0.007915290080694352
 263.55691431631857 -0.007787299040226928
 267.5796358390607 -0.007894069643332165
 271.6566987935418 -0.00821647394865287
 275.7885883711166 -0.008594969671182583
 279.97578976313986 -0.008886324233715607
 284.2187881609664 -0.00902232731501029
 288.51806875595116 -0.009092034963564305
 292.87557231351326 -0.00928063448162007
 297.2903284509432 -0.00964254075983492
 301.76427793366 -0.010164309601960929
 306.29742076166394 -0.010887303944745358
 310.8912125090192 -0.011797756629644478
 315.5451679843712 -0.01272013451045469
 320.26122795313904 -0.013394545606182341
 325.0393924153227 -0.013336214637940325
 329.88111694498673 -0.013197823396654975
 334.7859163507762 -0.01232134138235755
 339.75573139811047 -0.011109371758502136
 344.7910472783442 -0.009623890095283114
 349.8923491828324 -0.007882443482410545
 355.0606074942845 -0.005920909951417213
 360.2963074040554 -0.003922282587024336
 365.6004192948548 -0.0020743851354599213
 370.9739135493922 -0.00043874276086370716
 376.4172753590225 0.000943661005730981
 381.93147510645525 0.001954714184046763
 387.51748317440007 0.0026949167490695346
 393.1757847542118 0.0034565549124059964
 398.90735022860014 0.004397357884108012
 404.7131499802746 0.005606809203118537
 410.59366920059 0.007010552369515638
 416.549878272256 0.00839309289086639
 422.5827475779822 0.009505704995599867
 428.6932475004784 0.009977659683411943
 434.8818632310991 0.009639632182147341
 441.1500503439089 0.008660273620450909
 447.4978088389078 0.007286699301604829
 453.92659429016027 0.005522498862073181
 460.4373770803758 0.003208618174462727
 467.0306424009093 0.0006231515864294921
 473.70736063447043 -0.001631298066348018
 480.4685021637688 -0.0035112437663929194
 487.3164929455783 -0.005339424242755811
 494.2498774058347 -0.0070469732584552075
 501.26574439640905 -0.008259486514101381
 508.37379774439756 -0.008766002596892631
 515.5740374498002 -0.009176143358726963
 522.8616115990691 -0.009194266657840683
 530.236520192204 -0.008795704467705508
 537.7084670563012 -0.008475624679780316
 545.2677483642643 -0.008080578751495248
 552.9240679431899 -0.008181116439478074
 560.6774257930776 -0.00861487806142948
 568.5229700003797 -0.010283234397389075
 576.465552478644 -0.012586441029576437
 584.5051732278707 -0.013079067396920859
 592.6418322480596 -0.01294775174148431
 600.8803814527589 -0.012847366758371899
 609.2159689284206 -0.01227591386595951
 617.6534465885926 -0.012480327105012701
 626.1976663468232 -0.012561197431129885
 634.838924376016 -0.011803136516403285
 643.5869245032674 -0.011071726029822008
 652.4416667285775 -0.00922871646929088
 661.4031510519459 -0.007719786378160043
 670.4665255598248 -0.007175639836067599
 679.6414940793104 -0.008130664792359412
 688.9280566104026 -0.0074590548900252945
 698.3213612395532 -0.006919953588936409
 707.8214079667624 -0.005801569200829005
 717.4379006191265 -0.006158413307361654
 727.1708391966453 -0.00716338111571412
 737.0105198722226 -0.007351975630633458
 746.9714983865027 -0.006678599868770529
 757.0440709123895 -0.005826519688011437
 767.2330893634311 -0.0036966950290578953
 777.5434056531757 -0.0015484160731332615
 787.9701678680748 -0.0011755846179053425
 798.5133760081288 -0.0021514013311093975
 809.1827339004338 -0.005424585946594252
 819.9685377178936 -0.006497787174959211
 830.8804912876043 -0.0077001852171142806
 841.9137426960178 -0.008064699635200512
 853.0731438566825 -0.00931907696566472
 864.3586947695981 -0.01030238256730642
 875.7703954347645 -0.01064278721604559
 887.303393938634 -0.010555000094374723
 898.9722460218507 -0.009793160117540311
 910.7672478573184 -0.009306598307863454
 922.688399445037 -0.008099458615271787
 934.7454046121028 -0.007135724185114072
 946.9334114449679 -0.006085629251278127
 959.2524199436319 -0.004411670513414738
 971.7072820216433 -0.001831423448065935
 984.2931457654536 -0.00040934143590525386
 997.0148630886113 0.00018121165344340214
 1009.8772859046642 0.0007813253038727828
 1022.8707103865164 0.0012038383948057064
 1036.0048403612636 0.0013748538685793182
 1049.2748239153584 -0.0004443096466593507
 1062.6855129623484 -0.002617647043762883
 1076.2417594157816 -0.004384611046325038
 1089.9338594485625 -0.00410769898244785
 1103.7666649742384 -0.0037527787442810916
 1117.7450279063578 -0.0022476871499832103
 1131.8640963313726 -0.0016985747022560834
 1146.1238702492826 -0.0011212394907921756
 1160.5340534871843 -0.0005904052477281134
 1175.0897941315295 -0.00032918819485281325
 1189.78624026877 -0.0001744190058870446
 1204.633095726002 -0.00007904613239488688
 1219.6255085896773 -0.00003315052418749131
 1234.7683307733446 -0.00000917109709536691
 1250.0567103634548 0.000007090327089164651
 1265.500351187105 0.000018103785620227797
 1281.0846975036507 0.00002638779956270084
 1296.8243050537358 0.00003221665104466097
 1312.7143219238126 0.00003780531930533166
 1328.7547481138809 0.00004146052793155709
 1344.9504355374888 0.00004338317421713077
 1361.2916803675403 0.00004660906632830167
 1377.7930383446796 0.00004749860376326084
 1394.4399537282623 0.00004803461897434153
 1411.2469822589328 0.000049238921717330666
 1428.2044201095948 0.000049334544032474796
 1445.3171191937965 0.00004929142023057512
 1462.5802275979897 0.00005041607142283044
 1480.003449149271 0.00004996743147951674
 1497.5770800205437 0.000049571234596453277
 1515.310824038904 0.00005006269645308946
 1533.1949773772562 0.000048853578756916396
 1551.239243862696 0.00004933464142928829
 1569.4339196681274 0.00004981319350074257
 1587.7887086206465 0.000048574048504182116
 1606.2987588067053 0.00004901709679389421
 1624.9640702263039 0.00004863218372160032
 1643.7846428794423 0.00004822986665565548
 1662.765328679668 0.000048658253292296473
 1681.896423799886 0.000048269769111945675
 1701.1876320671913 0.000047885908034455474
 1720.6292496544884 0.00004829597917398349
 1740.2309803888731 0.00004791639339250236
 1759.9879723567974 0.00004753618105204511
 1779.9002255582614 0.0000479496223304303
 1799.9628880797172 0.000047580370297236344
 1820.1856637482606 0.00004797529629328196
 1840.5588487367957 0.00004762236983366754
 1861.0872949588704 0.00004725820778447848
 1881.7710024144849 0.00004765199777138342
 1902.6099711036388 0.00004730920745046586
 1923.5944971992367 0.00004770265429145118
 1944.7342845283738 0.00004735868776378719
 1966.0293330910506 0.000047020161148967916
 1987.469939060171 0.00004741242888198758
 2009.0658062628308 0.00004779408837099754
 2030.8072308719345 0.000047474948012894254
 2052.6990648010296 0.00004785144179433713
 2074.736456136568 0.000045450493838894535
 2096.9242567920983 0.00004858605017114352
 2119.2576148540716 0.00004831534574358235
 2141.7365303224888 0.000047959332061430456
 2164.361003197349 0.00004769996803204152
 2187.126181565105 0.00004735941294278278
 2210.036917339304 0.000047104403508972514
 2233.0883586063987 0.00004677892320684384
 2256.2805053663888 0.00005316007499782576
 2279.6133576192738 0.00004625453912340034
 2303.086915365054 0.00004594907859945522
 2326.691474776634 0.000052234041209998394
 2350.436739681109 0.000051935979829186154
 2374.3130062513833 0.00005165178524107497
 2398.3202744874566 0.00005136551124274789
 2422.463396302877 0.00005108238627405985
 2446.7375197840965 0.00005081250208312077
 2471.1377930175668 0.00005055046521352626
 2495.6642160032884 0.000050286169521722315
 2520.321640654809 0.00005002951361567367
 2545.1003631450326 0.00004978520773534294
 2570.000383473959 0.00004954326541920981
 2595.021701641588 0.00004930841496842563
 2620.159465734372 0.00005519618399984063
 2645.418527665859 0.00005496983465845787
 2670.7891836089525 0.00005469691569370727
 2696.276285477201 0.00005447820321032435
 2721.8749813570557 0.000054215950758062864
 2747.5852712485175 0.000054016686802833754
 2773.39745132449 0.00005376898364316713
 2799.321225412068 0.00005951125178830636
 2825.346889684157 0.0000592842198129035
 2851.4695922272085 0.000059053464439534396
 2877.6990368683187 0.00005882988870941138
 2904.020667866843 0.00005861882182317124
 2930.4393371363285 0.00005840924078778317
 2956.9501927632296 0.000058206483985720646
 2983.553234747544 0.00006380742427045119
 3010.2387592621767 0.00006361768715725133
 3037.0164701342237 0.00006339287588094756
 3063.8766635365887 0.00006322142784966998
 3090.814487555723 0.00006301734905894326
 3117.834794105176 0.00006855144645345704
 3144.9327312713986 0.00006836754805604623
 3172.0985952272945 0.00006819072581128592
 3199.3372378864124 0.00006800876046617112
 3226.648659248752 0.00007348644106872914
 3254.023155487217 0.00007896427240159087
 3281.460726601808 0.00007316187372230883
 3308.9613725925237 0.00007299488745684385
 3336.515389632269 0.00007845726174602127
 3364.127629634592 0.00008388706279141719
 3391.7932406859436 0.00008373465615006581
 3419.512222786325 0.00008357829003283651
 3447.274872108639 0.00008901561467819392
 3475.0811886528863 0.00008888366622315444
 3502.926320505519 0.00009429561037533074
 3530.8151195800842 0.00009417095295745779
 3558.737882049486 0.00009958078768488295
 3586.694607913725 0.00010499347204793454
 3614.685297172801 0.00010487895378067944
 3642.7002459996165 0.00011030633889910829
 3670.739454394173 0.0001157292908071432
 3698.7980704429224 0.00012114820719582834
 3726.8809460594125 0.00012656583321454392
 3754.9783774165467 0.0001375123747869513
 3783.0855126007773 0.00014295276452568783
 3811.207203525652 0.00015389417099122168
