 0. 0.
 0.1770977556543278 0.0020281388604238572
 0.5338463438720015 0.007296345871380377
 0.895736019685258 0.015199493212356049
 1.2628463544762862 0.025215848377844904
 1.6352452750347597 0.036899856318733076
 2.0130104119774486 0.04987067006174962
 2.3962193959211224 0.06380189157155518
 2.7849498574825513 0.07841378305755883
 3.179284279192053 0.09346692503219282
 3.5792954397528494 0.10875978876954397
 3.9850706736088064 0.12412695795381293
 4.396687611376693 0.13943706491626703
 4.814233587500378 0.15458777060238044
 5.237786232596628 0.16950032141529325
 5.667471696417697 0.18411475561015533
 6.103270571309389 0.19838591264848046
 6.545425452949112 0.21227924761713154
 6.993887822201386 0.2257705309496832
 7.448803236472652 0.23884405859372101
 7.910317253169354 0.25149182215143207
 8.378429872291493 0.26371491749908743
 8.853286651245512 0.27552494082776724
 9.334984628302374 0.2869449171554306
 9.823572322597558 0.2980081433607891
 10.31924381067299 0.3087562213674478
 10.82199909252867 0.3192329617469164
 11.331983725571042 0.32947425888215864
 11.849294748071067 0.33950944369877395
 12.37407771743519 0.3493467027372128
 12.906381152798891 0.35897834523077515
 13.446350611568615 0.36837509561880405
 13.99403461287984 0.3774987956589654
 14.549627233274494 0.38630446659978823
 15.113176991888054 0.39476375821876025
 15.684829446126969 0.40286053112182674
 16.264681634262196 0.4105813144970601
 16.852879113700183 0.4179126419947421
 17.44951892271189 0.4248443045884576
 18.054698099568277 0.43138227467197815
 18.668562201675794 0.4375452929645358
 19.29125678644088 0.4433619310942725
 19.92287889213449 0.44885630252030306
 20.563574076163082 0.4540432642722465
 21.213439376797613 0.45892490920296347
 21.87262035144452 0.4634871700677508
 22.541262557510255 0.46770567539146307
 23.219463033265775 0.47153593930169485
 23.907415855253006 0.4749330212338186
 24.60516954260743 0.4778581581706925
 25.31296669100645 0.48029111853820994
 26.030904338721037 0.48222845080363735
 26.75912804315762 0.4836780866825925
 27.497734842587175 0.4846710253700359
 28.2469673326871 0.4852750703584619
 29.006874032592872 0.4855851764128559
 29.77769753798191 0.48568554926909896
 30.559534887125167 0.4856068272150909
 31.352531637429088 0.4853252914488087
 32.1568818654356 0.4848149608068727
 32.972731128551146 0.4840879453581515
 33.80027350331765 0.4832006326791274
 34.639606028006064 0.4822363787371998
 35.490971298293815 0.48125033298783004
 36.354466352451844 0.4801866324668497
 37.23028526702209 0.4789549687362604
 38.11862211854647 0.4775110101740322
 39.019622464431436 0.4758447898922283
 39.93352890035439 0.47397110457330116
 40.86043846458628 0.471935078212998
 41.80054523366905 0.46981292989977264
 42.754091803280105 0.4676648027465024
 43.72122373082587 0.4654893104594573
 44.70218361198378 0.4632231406120282
 45.697068485024765 0.46082969832860576
 46.70616946476173 0.45834869674405043
 47.72958358946563 0.45579862723638304
 48.76755345481388 0.45308657080635756
 49.82041869475484 0.4500917603820345
 50.88832486669497 0.4468074408177842
 51.97127197063425 0.44336300896700764
 53.06974519792749 0.4398394582024999
 54.1837445485747 0.4362326803801314
 55.313270022575885 0.43254501285544905
 56.45929200264065 0.428782170305371
 57.6213252974142 0.4249747677581376
 58.800340289606154 0.42116017799604155
 59.99536659650689 0.4173095757966685
 61.20785979218084 0.4133190640125971
 62.437334685273186 0.4090805926501178
 63.68427646713876 0.40455329454342664
 64.94917032913236 0.3997668068188756
 66.23201627125397 0.39476496878476475
 67.5328142935036 0.38963639039064535
 68.8520495872361 0.384602209552996
 70.18972215245141 0.37988010113327236
 71.54680237185917 0.3756281751436965
 72.9228050541046 0.3717404537938467
 74.31821539054249 0.3678558147121874
 75.73351857252764 0.3637248062656532
 77.16871460006007 0.3593761672105372
 78.62428866449459 0.3550779058543277
 80.10024076583117 0.3509775944329889
 81.59705609542466 0.34693902417133715
 83.11521984462986 0.34307583047161755
 84.65473201344678 0.339555890818662
 86.2160777932302 0.3362507293526347
 87.7987719926253 0.33292136856999954
 89.40427018569659 0.32957722525553623
 91.032572372444 0.3263306253802109
 92.68367855286755 0.32317563638431307
 94.35758872696722 0.3200059692986575
 96.05575846880748 0.3167608424327141
 97.77721739567872 0.31342418971484237
 99.52293589029048 0.30995297126079135
 101.29339914399768 0.3063051709396518
 103.08860715680024 0.3024920948548297
 104.90904512005301 0.2985427878427835
 106.75519822511077 0.29451927648675424
 108.62706647197355 0.2904773801886637
 110.52513505199616 0.2864947298150894
 112.44940396517859 0.28273647689388487
 114.40132878558528 0.27927312123825154
 116.37993913050659 0.2761114329570516
 118.38669057400696 0.2733706388101686
 120.42109792473158 0.27108148854080233
 122.4841315653901 0.2691896467073634
 124.5757914959825 0.2676437278192246
 126.69704809921839 0.26637118435076085
 128.84741618374298 0.26529850345117606
 131.02786613226587 0.26433611227600695
 133.2388831361419 0.2633985092753622
 135.48046719537103 0.26249488098784024
 137.75358869266293 0.261689868278866
 140.05776243666278 0.2610237493622698
 142.39444400143498 0.2605045608238357
 144.76314819562475 0.26012197592470937
 147.16484540194168 0.2598742073934547
 149.60002081174062 0.25976844787575365
 152.06915961637637 0.25980891747163126
 154.5717766244941 0.2599907688883006
 157.10981260151308 0.2603052609289654
 159.68229716472368 0.26074843144815396
 162.29068588819032 0.2613101160972297
 164.934978771913 0.2619578118133661
 167.61614619860137 0.2626341170859412
 170.3337029769006 0.26327292862206314
 173.08910468087515 0.2638107622816416
 175.882351310525 0.2641990393323712
 178.7139280572049 0.2644189002759541
 181.58432011226978 0.2644872079704504
 184.49449785842918 0.2644416714679529
 187.4444612956831 0.2643281574785274
 190.4346956153864 0.2641992202142381
 193.46617120024868 0.264115639599789
 196.53888805026995 0.26414495009883643
 199.65430173951464 0.26434695934134117
 202.81144188527307 0.26475466700299805
 206.01224925296455 0.2653581205467462
 209.25672384258908 0.26610229708193217
 212.54535084550145 0.26690743006155665
 215.87861545305648 0.26768889814460806
 219.2574880479638 0.26837070476426444
 222.6819686302234 0.2688921220635203
 226.1535127738997 0.26921875980561527
 229.6716352876379 0.2693531008224257
 233.23779174550248 0.269330744878924
 236.85198214749337 0.2692033160541231
 240.51517687632025 0.2690165007436856
 244.22834631469266 0.2688012892857817
 247.99100527125586 0.26857273842277735
 251.8046093200743 0.2683500478231459
 255.66964365250274 0.2681982773942737
 259.5870786512508 0.2682399693754636
 263.55691431631857 0.2686040533810162
 267.5796358390607 0.26935327824312716
 271.6566987935418 0.27048674034599207
 275.7885883711166 0.27200754235060837
 279.97578976313986 0.2739341805691193
 284.2187881609664 0.27624882275682855
 288.51806875595116 0.27884859551012514
 292.87557231351326 0.28153674498143344
 297.2903284509432 0.2840600366970811
 301.76427793366 0.2861570837813721
 306.29742076166394 0.2876699645725684
 310.8912125090192 0.2886552189324164
 315.5451679843712 0.28940091686098385
 320.26122795313904 0.29026820216959975
 325.0393924153227 0.2913895179437863
 329.88111694498673 0.2927304393484139
 334.7859163507762 0.29426263088617316
 339.75573139811047 0.29588106314682644
 344.7910472783442 0.2973987906803476
 349.8923491828324 0.298543908356186
 355.0606074942845 0.29902629892728844
 360.2963074040554 0.29867177933283606
 365.6004192948548 0.29746354145774523
 370.9739135493922 0.29564871528313647
 376.4172753590225 0.29373646528618214
 381.93147510645525 0.29230289662496695
 387.51748317440007 0.2916957151608649
 393.1757847542118 0.29194021253509483
 398.90735022860014 0.29306882842691306
 404.7131499802746 0.29499123851593173
 410.59366920059 0.29735057995409814
 416.549878272256 0.29964127320936257
 422.5827475779822 0.3011857502387782
 428.6932475004784 0.3017247424446695
 434.8818632310991 0.3020559032292794
 441.1500503439089 0.3027715969411958
 447.4978088389078 0.30351111138556236
 453.92659429016027 0.3037478288657012
 460.4373770803758 0.30319745976207346
 467.0306424009093 0.3017130216881468
 473.70736063447043 0.2993047265211363
 480.4685021637688 0.2960748160943025
 487.3164929455783 0.29270399132844827
 494.2498774058347 0.28990280773527916
 501.26574439640905 0.2874010505502698
 508.37379774439756 0.2849580015339355
 515.5740374498002 0.28322841153488776
 522.8616115990691 0.2827868411191258
 530.236520192204 0.2841856804328691
 537.7084670563012 0.28777493567127926
 545.2677483642643 0.29298516490442217
 552.9240679431899 0.2984835547184989
 560.6774257930776 0.30259445099953136
 568.5229700003797 0.30390181650220455
 576.465552478644 0.3030382255853025
 584.5051732278707 0.30137149432391347
 592.6418322480596 0.30028331721065227
 600.8803814527589 0.300899692916095
 609.2159689284206 0.30413901553037537
 617.6534465885926 0.31047058692129514
 626.1976663468232 0.3190427874641174
 634.838924376016 0.3278952787685726
 643.5869245032674 0.3354311041742563
 652.4416667285775 0.34073464688474214
 661.4031510519459 0.34266884695859806
 670.4665255598248 0.3408566445810387
 679.6414940793104 0.3358667790930306
 688.9280566104026 0.3294510507492181
 698.3213612395532 0.32370606383709516
 707.8214079667624 0.3185301000269748
 717.4379006191265 0.31326862830721425
 727.1708391966453 0.30791338538326224
 737.0105198722226 0.30285161018193707
 746.9714983865027 0.29867097930921255
 757.0440709123895 0.294730950314593
 767.2330893634311 0.29151577310416993
 777.5434056531757 0.2896193017203544
 787.9701678680748 0.2909494929558553
 798.5133760081288 0.2924813740805571
 809.1827339004338 0.29232316878009956
 819.9685377178936 0.2919501976922073
 830.8804912876043 0.2895103774840849
 841.9137426960178 0.28461383109411664
 853.0731438566825 0.28195925722502935
 864.3586947695981 0.28096702096247117
 875.7703954347645 0.2809289188956316
 887.303393938634 0.28005182316743354
 898.9722460218507 0.277012219532277
 910.7672478573184 0.27263946570960323
 922.688399445037 0.2678975111468563
 934.7454046121028 0.2609479422765897
 946.9334114449679 0.2522411005423131
 959.2524199436319 0.2432801383282115
 971.7072820216433 0.23528465636005905
 984.2931457654536 0.22729974731418687
 997.0148630886113 0.22067745699797475
 1009.8772859046642 0.21341331202150057
 1022.8707103865164 0.20265854704716788
 1036.0048403612636 0.19147190150813886
 1049.2748239153584 0.18123605221531952
 1062.6855129623484 0.1704422017374563
 1076.2417594157816 0.15763519423478892
 1089.9338594485625 0.14328522470157007
 1103.7666649742384 0.12783120736502404
 1117.7450279063578 0.11020936926674625
 1131.8640963313726 0.09028361298398449
 1146.1238702492826 0.07108438903181964
 1160.5340534871843 0.055048589197077544
 1175.0897941315295 0.04209672356626513
 1189.78624026877 0.032074731701934575
 1204.633095726002 0.024870453399445713
 1219.6255085896773 0.01996695483223165
 1234.7683307733446 0.016592310559544934
 1250.0567103634548 0.014145686297908461
 1265.500351187105 0.01227666150906067
 1281.0846975036507 0.01078716543688399
 1296.8243050537358 0.00955984795577284
 1312.7143219238126 0.008521664268704751
 1328.7547481138809 0.007625528568087637
 1344.9504355374888 0.0068401223298348
 1361.2916803675403 0.006144019183249703
 1377.7930383446796 0.005522116157254491
 1394.4399537282623 0.004963428320610543
 1411.2469822589328 0.004459702589191377
 1428.2044201095948 0.004004523887099505
 1445.3171191937965 0.0035927109987397166
 1462.5802275979897 0.0032199938711592753
 1480.003449149271 0.002882720317354793
 1497.5770800205437 0.0025776801442213993
 1515.310824038904 0.002302036156401845
 1533.1949773772562 0.0020532266285601592
 1551.239243862696 0.0018289153875242024
 1569.4339196681274 0.0016269646084017015
 1587.7887086206465 0.0014453978009892367
 1606.2987588067053 0.001282399123443844
 1624.9640702263039 0.0011362874198315733
 1643.7846428794423 0.0010055046701092313
 1662.765328679668 0.0008886210467018882
 1681.896423799886 0.000784315768117437
 1701.1876320671913 0.0006913734712739427
 1720.6292496544884 0.0006086777911006091
 1740.2309803888731 0.0005352067431899061
 1759.9879723567974 0.00047002547422244576
 1779.9002255582614 0.0004122794698462217
 1799.9628880797172 0.00036119336033615956
 1820.1856637482606 0.0003160615552641416
 1840.5588487367957 0.0002762434599532821
 1861.0872949588704 0.00024116139238084417
 1881.7710024144849 0.0002102929288557517
 1902.6099711036388 0.00018316725951992988
 1923.5944971992367 0.00015936133968384538
 1944.7342845283738 0.00013849549967198357
 1966.0293330910506 0.00012022963798610292
 1987.469939060171 0.0001042595208448452
 2009.0658062628308 0.00009031330289814785
 2030.8072308719345 0.00007814963159437794
 2052.6990648010296 0.00006755310840578955
 2074.736456136568 0.000058332736884176816
 2096.9242567920983 0.00005031903451302402
 2119.2576148540716 0.00004336219853090183
 2141.7365303224888 0.000037329528026788724
 2164.361003197349 0.00003210436744833484
 2187.126181565105 0.000027583315628131527
 2210.036917339304 0.00002367596942010058
 2233.0883586063987 0.000020302607676493563
 2256.2805053663888 0.00001739336400522214
 2279.6133576192738 0.000014887027067750817
 2303.086915365054 0.000012730074471374017
 2326.691474776634 0.00001087567129401688
 2350.436739681109 0.000009283008952428138
 2374.3130062513833 0.000007916528341804233
 2398.3202744874566 0.000006745257909855043
 2422.463396302877 0.000005742299820272513
 2446.7375197840965 0.000004884289142182835
 2471.1377930175668 0.000004150969771909691
 2495.6642160032884 0.00000352483009955371
 2520.321640654809 0.000002990688066460337
 2545.1003631450326 0.0000025354422961550625
 2570.000383473959 0.0000021477892330065986
 2595.021701641588 0.0000018179866910902252
 2620.159465734372 0.000001537648208233151
 2645.418527665859 0.000001299556754786352
 2670.7891836089525 0.0000010975181909358803
 2696.276285477201 9.262187724815295E-7
 2721.8749813570557 7.810969016006092E-7
 2747.5852712485175 6.582526561050834E-7
 2773.39745132449 5.543485004406403E-7
 2799.321225412068 4.665322314603043E-7
 2825.346889684157 3.923704742363762E-7
 2851.4695922272085 3.297845106522689E-7
 2877.6990368683187 2.770089417231673E-7
 2904.020667866843 2.3253636013979664E-7
 2930.4393371363285 1.9508722578635842E-7
 2956.9501927632296 1.6357410874037895E-7
 2983.553234747544 1.3707381437056203E-7
 3010.2387592621767 1.1480321209155074E-7
 3037.0164701342237 9.609980559058611E-8
 3063.8766635365887 8.04015820517882E-8
 3090.814487555723 6.723379978361499E-8
 3117.834794105176 5.6195156061071186E-8
 3144.9327312713986 4.6946492253557057E-8
 3172.0985952272945 3.920195471927002E-8
 3199.3372378864124 3.272037220341845E-8
 3226.648659248752 2.729854284538364E-8
 3254.023155487217 2.27654155788268E-8
 3281.460726601808 1.897703967007418E-8
 3308.9613725925237 1.581243433690599E-8
 3336.515389632269 1.3169952678490725E-8
 3364.127629634592 1.0964160088875247E-8
 3391.7932406859436 9.123439790283503E-9
 3419.512222786325 7.587682524783131E-9
 3447.274872108639 6.306479352217319E-9
 3475.0811886528863 5.237568859169666E-9
 3502.926320505519 4.345555484987825E-9
 3530.8151195800842 3.600722934584895E-9
 3558.737882049486 2.978198202474455E-9
 3586.694607913725 2.4570619785875295E-9
 3614.685297172801 2.0197543436763878E-9
 3642.7002459996165 1.6514651996098164E-9
 3670.739454394173 1.339674846633002E-9
 3698.7980704429224 1.0737299520825835E-9
 3726.8809460594125 8.44497291858312E-10
 3754.9783774165467 6.440655565308674E-10
 3783.0855126007773 4.654605637497116E-10
 3811.207203525652 3.0241404081791686E-10
 3839.3337463640746 1.4912781885183147E-10
 3867.4651411160457 1.0637001175344508E-16
