 0.25702720371392596 0.0001104120386471188
 0.7747869670700165 0.0013757081917852498
 1.3000081427057757 0.005281289937096494
 1.8328062149184732 0.013273557340399967
 2.373279767864314 0.026511630801335978
 2.9215414691503905 0.04565214359320742
 3.477703986383794 0.07075812270907751
 4.041879987171618 0.1013491291262297
 4.614189180846396 0.13655213235759694
 5.194737193289778 0.17528038187483946
 5.783650775559742 0.21639358369978703
 6.381042595263381 0.25881270119093996
 6.987039403458672 0.3015916488152759
 7.6017538677527074 0.3439472401795112
 8.225369073007013 0.3852659944008421
 8.857856852319815 0.4250941534298573
 9.499569291963272 0.4631190779705125
 10.15043597468296 0.4991474670937587
 10.810668152242169 0.5330794940287252
 11.4804770764042 0.5648970084534357
 12.159862747169052 0.5946226982703608
 12.849036416300025 0.622320089606418
 13.54813891830598 0.6480799340714897
 14.257240670441352 0.6719975208559519
 14.976623341723869 0.6941772143111694
 15.706286932153533 0.714732453949495
 16.44644269349364 0.7337766792832814
 17.197231460253057 0.7514097170833991
 17.958864484195082 0.7677450068622008
 18.731412182574147 0.7828733002295689
 19.515085807153547 0.7969034991173619
 20.309955775187714 0.8099263551354622
 21.116303755694382 0.822028082313258
 21.93420016592798 0.8332812819386547
 22.763856257651806 0.8437540177190642
 23.605412865374728 0.853500740620416
 24.45908124086004 0.8625622888671568
 25.32500221861661 0.870984038264228
 26.203316633153303 0.878793214294594
 27.094235736233415 0.8860397303436903
 27.997970779620246 0.8927553494749754
 28.914662597822655 0.8989718347519083
 29.844522442603942 0.9047209492379479
 30.787691148472973 0.9100253808355643
 31.744379967193048 0.9149032798667343
 32.714800150527466 0.9193591839119517
 33.699092532985084 0.9234021681322052
 34.69753878358364 0.9270503828494708
 35.71020931957756 0.930303828063749
 36.73745622723901 0.9330002543501188
 37.77942034107686 0.9357353119152007
 38.83631291285439 0.9379405760353388
 39.908274777080486 0.9398055216184186
 40.9956580200273 0.9413346862449344
 42.09853305894926 0.942541682656368
 43.21725198011854 0.9434446611746962
 44.351955618043995 0.944048159380413
 45.50285522448893 0.944374865175989
 46.67023246847108 0.9444202409809302
 47.85429860175373 0.9441933619562246
 49.05533529335462 0.9436715401994018
 50.2734833777826 0.9428502381299675
 51.50909494130985 0.9417294557479219
 52.762310818445215 0.9403182682142533
 54.033412678206446 0.9386166755289613
 55.32268218961126 0.9366156025310582
 56.630330604422966 0.9343286619620259
 57.95671000891372 0.9317513162413705
 59.30196123759238 0.9289107908520569
 60.666365959476686 0.9258343112770491
 62.05027626083879 0.922540027838324
 63.453903393442005 0.9190460908578582
 64.8775994435585 0.9153661130771337
 66.3215052456971 0.9115000944961504
 67.78604330338443 0.9074389599539207
 69.27135445112935 0.9031554839674792
 70.77779077520404 0.8986405913758382
 72.3058451963895 0.8938942821789975
 73.85572896644904 0.8889256315379453
 75.42744208538265 0.8837346394526816
 77.02168872573466 0.8783076931817242
 78.63846888750508 0.87260849208112
 80.2777825706939 0.8666098106679044
 81.94103812038978 0.860288961039607
 83.62753136404838 0.8536504807767217
 85.33867064675836 0.8466943698792486
 87.07304762343107 0.8394251659276818
 88.8327748116995 0.8318791695659743
 90.61714803901928 0.8240699935356082
 92.42687147793478 0.8159885626755954
 94.2626493009903 0.8075985763419831
 96.12448150818587 0.7988864217932887
 98.01236809952144 0.7898929372539595
 99.92701324754138 0.780640810626466
 101.86841695224567 0.771125504330314
 103.83798755872296 0.7613606311069858
 105.83502089442894 0.7513507285369756
 107.8602211319079 0.7410912590397893
 109.91429244370421 0.7305776850349327
 111.99723482981784 0.7197642605824999
 114.10975246279313 0.7087972986631971
 116.25184534263008 0.6975622493597766
 118.42421764187299 0.6860912458706625
 120.62757353306623 0.6744115136788192
 122.86191301620975 0.6625139776232587
 125.12794026384792 0.6503895625429924
 127.42495110343637 0.6380473435990088
 129.75505805260812 0.6255054711132844
 132.11826111136313 0.6128274712127366
 134.51456027970144 0.6000632572828007
 136.943955557623 0.5872355172259471
 139.40855946276085 0.5743351758811879
 141.9069636500263 0.5613395453460522
 144.44057646450798 0.5482667759425167
 147.01010207875026 0.5351667810560166
 149.6155404927531 0.5220667861695163
 152.2575958790609 0.5089985543464749
 154.93697241021786 0.4959575480063982
 157.65367008622408 0.4829256168273096
 160.40839307962386 0.4699209111311857
 163.2011413904172 0.45697973156197946
 166.03402753623706 0.4440989018133449
 168.9056431719948 0.4312443900315761
 171.8181008153234 0.41845385813477437
 174.7706962936785 0.4057590691863983
 177.7648379521488 0.3931141936234575
 180.8005257907343 0.3805432806225707
 183.87916815452363 0.36809488229502496
 187.00006087097245 0.35576446106032605
 190.16461228516943 0.34354747933797997
 193.37352656965888 0.33145618859532083
 196.62680372444083 0.3194620020752356
 199.92585209460393 0.3075708186323668
 203.2699675076038 0.29579897355649304
 206.66126248107344 0.2841913888945061
 210.09903284246857 0.2727839115323096
 213.5846869368778 0.26153978706790104
 217.11892893684546 0.2504240761314758
 220.70246301491585 0.23945719783525748
 224.33458499854473 0.22867772161344596
 228.01811157790928 0.21809154632068362
 231.75163440792096 0.20770139450526684
 235.53726600621266 0.1974818557164287
 239.3750063727844 0.18745198779224442
 243.2662638527249 0.17767032552108802
 247.21033427348976 0.1681350538707619
 251.209330152712 0.15883301385783313
 255.26325149039158 0.14976420548230168
 259.37280245907283 0.14091909982512993
 263.5386872313001 0.13246315960288252
 267.76231415216205 0.12389001398877851
 272.04368322165857 0.11569741240666001
 276.38349861233417 0.10774666386487765
 280.78316866927736 0.1000767915556808
 285.2426933924882 0.09267781280198242
 289.76418529959966 0.08551025065348375
 294.346236045523 0.0785963392546059
 298.9916623204357 0.07196239657221472
 303.7004641243376 0.0656143214609526
 308.4733456297731 0.059555290227165374
 313.3110110092865 0.05380345319282951
 318.2148686079665 0.04837060806722968
 323.184918425813 0.04327939737703153
 328.22327298045906 0.038531772281847496
 333.32922809936036 0.0341295024380703
 338.50489630014977 0.030097181531978025
 343.75027758282744 0.026442795705240305
 349.06678029248195 0.02316076373384938
 354.4558127742019 0.020219504057566243
 359.916670855443 0.01759079292571751
 365.45146705383826 0.01524853925046204
 371.06090554193196 0.013151677928328127
 376.7463946648128 0.011266086354000051
 382.50793442248073 0.009570301771740663
 388.34622898748006 0.00805397849802339
 394.2633908774439 0.006716572023188936
 400.2601242649164 0.005533397909349335
 406.33713332244196 0.004460500614258129
 412.49512222256493 0.0035036020269183918
 418.73479513782956 0.0026712282610785593
 425.05896875841324 0.0019425518222706594
 431.46623473922733 0.0012999986612409976
 437.95940977044904 0.0007473168194777103
 444.5384938520784 0.00026976279043933003
 451.2055995017484 -0.00015943696582159937
 457.96002254691473 -0.0005551230600691193
 464.8045796777547 -0.0009169678789915551
 471.7392708942682 -0.0012391905450394082
 478.7662087140884 -0.0015082327676962733
 485.8846889646708 -0.0017122605370335072
 493.09752833619274 -0.0018610387262744388
 500.4054310011985 -0.0019760164784147325
 507.8091011322326 -0.0020744002986880605
 515.3099470743834 -0.0021629557196111426
 522.9086730001956 -0.0022365688879671147
 530.6066872547575 -0.002284717154590133
 538.405398183158 -0.0022946556394207516
 546.3055099579412 -0.0022932732740261726
 554.308430924196 -0.002291872919029347
 562.4155694270108 -0.0017298890372531308
 570.6276296389301 -0.001977548594063247
 578.9460199050425 -0.0020585921033169268
 587.3721485704366 -0.0020178928919709193
 595.9067198076567 -0.0019766698900058844
 604.5511419617916 -0.0017300614653119072
 613.3068233779297 -0.001411046868673391
 622.1751724011601 -0.0010478498507637101
 631.1568932040267 -0.0006814583761861746
 640.2540983041625 -0.0003405177368420617
 649.4667877015678 -0.00004542844087484772
 658.7970739138754 0.00017046237890619176
 668.2463652861738 0.0002731677908421114
 677.8153659910075 0.00025889347012373514
 687.5054843734652 0.0001653698523176503
 697.3181287786355 0.00006820800247138679
 707.2568200692398 0.00006110672366416915
 717.3194457276454 0.00009775925324820757
 727.5017807185862 0.00013484781712400863
 737.817908492949 0.00027723028665848953
 748.2678290507333 0.00045840906941762465
 758.8445006664963 0.0006418861366970273
 769.5479233402378 0.000809998956423368
 780.3921805228442 0.0009345600785672257
 791.3631887634292 0.0009846867302856764
 802.4750315128792 0.000989573704477835
 813.7277087711942 0.0010168581759889277
 825.1141788129311 0.0010821403465577114
 836.6414833635329 0.0011379616617962723
 848.3096224229997 0.0011523957053480413
 860.1185959913316 0.001148320958064329
 872.0754457939717 0.0011388510275731182
 884.173130105477 0.001086441972866129
 896.4186906512903 0.0009980136041968823
 908.8191691568553 0.0009296594916335852
 921.3604821712851 0.000939350895047741
 934.0567131454666 0.0009491620125972768
 946.9078620793997 0.0009552423704593864
 959.9139289730841 0.0009054151990535469
 973.067872101077 0.0006739759059513845
 986.3837749142646 0.0003088985146849438
 999.8616374126469 -0.00005472775833948004
 1013.4944178707807 -0.0005008989731644857
 1027.282116288666 -0.0009002242069682833
 1041.2388161171896 -0.001126971641839534
 1055.364517356351 -0.0013247647755778589
 1069.645136555264 -0.0015371553057657405
 1084.1017988902581 -0.001747948607619695
 1098.720420910447 -0.0018652859016169271
 1113.508044341274 -0.0012197100944376503
 1128.4717109081823 -0.000566448860982422
 1143.6043788857287 -0.0020992980028592505
 1158.906048273913 -0.0022931162160847334
 1174.390802523622 -0.0022041523698194017
 1190.0445581839688 -0.0021142175675238893
 1205.8813987058402 -0.0019126310164924874
 1221.8942823637929 -0.00184841517733982
 1238.09025088327 -0.001982423542072418
 1254.4693042642718 -0.002027612580665988
 1271.031442506798 -0.0017962168547448992
 1287.7696238854057 -0.0015623615654105306
 1304.7049735764242 -0.000836707155211709
 1321.8234081289672 -0.00006064703209404862
 1339.1249275430348 0.0007873201291137983
 1356.6236152695133 0.0015451641353378476
 1374.3124295829598 0.0021285109460803414
 1392.191370483374 0.0024087564549771677
 1410.2674796961992 0.002185475731603418
 1428.533715495992 0.0016582406412511087
 1446.9971196081963 0.0012340812294030386
 1465.6647337582544 0.0009885981246716008
 1484.5224744952807 0.0008249956599564069
 1503.5844252701609 0.0006809410920098458
 1522.8435443574524 0.000480257519496772
 1542.306873482598 0.00046217109233586334
 1561.981454371041 0.000469478367186659
 1581.8532035718954 0.00047685887170668246
 1601.9291628106039 0.0003418073172184882
 1622.2163738126098 0.00013014824500625721
 1642.70779485247 -0.0000863020584497062
 1663.4034259301845 -0.00007167426689165609
 1684.3173504966398 -0.00005689218423517127
 1705.4425268263929 -0.0001536529119657553
 1726.771913194 -0.00036640009598047424
 1748.319593050348 -0.0003273945449586939
 1770.0785246699934 -0.00028800658657395515
 1792.0557497783798 -0.0001325177695402823
 1814.2442266500634 -0.0000794870663056
 1836.658038735931 -0.0000915951460960874
 1859.2760608596534 -0.00008143619497125935
 1882.1194181975593 -0.00007117603387258518
 1905.1810690242064 -0.00003012082232635235
 1928.461013339594 -0.0000010639854870007709
 1951.9662928691657 0.000009491393246948063
 1975.6828241620349 0.000010832202907153101
 1999.6317323945316 0.000009570800905595016
 2023.7918923903255 0.000007873972679821982
 2048.184429325747 0.0000062998860064146665
 2072.795259749909 0.000004971237061933848
 2097.631425388255 0.000003890330937270535
 2122.685884515342 0.000003121132208055918
 2147.9727205820564 0.0000023447992579126646
 2173.4778501375113 0.000001809872968622836
 2199.2153566325933 0.0000013926968931552036
 2225.1711566164163 0.0000010687726344220588
 2251.3593335398664 8.181620637322748E-7
 2277.765803952058 6.248792850050971E-7
 2304.404651303876 4.7623268559849503E-7
 2331.2688338698786 3.621969351687787E-7
 2358.358351650065 2.7492338073528316E-7
 2385.6732046444354 2.0827812098606842E-7
 2413.220434578433 1.5749261257987255E-7
 2440.9859580011716 1.1887190372034047E-7
 2468.9838583635374 8.955913372837952E-8
 2497.2000522146445 6.73544835804444E-8
 2525.6486230053783 5.056543575223147E-8
 2554.322529010296 3.789465060466928E-8
 2583.221770229398 2.8349577780475884E-8
 2612.3393049372403 2.117207833069509E-8
 2641.6892165847103 1.5784518258426504E-8
 2671.2574217209212 1.1747750523449998E-8
 2701.050962071316 8.728444462668138E-9
 2731.069837635895 6.474129097388552E-9
 2761.314048414658 4.793863040419026E-9
 2791.7695109567185 3.5437323888083146E-9
 2822.450308712963 2.615189141976281E-9
 2853.356441683391 1.926711128765716E-9
 2884.473826417117 1.417113613794018E-9
 2915.816546365027 1.0405670340706611E-9
 2947.3705180762345 7.628081192846074E-10
 2979.142783276183 5.582676033515387E-10
 3011.126300239429 4.0790352972791545E-10
 3043.3281106914155 2.9755138714331894E-10
 3075.7411729067 2.1670123165728778E-10
 3108.3654868852814 1.5756430635167952E-10
 3141.2010526271606 1.1438151406336762E-10
 3174.2408284068943 8.290114186936956E-11
 3207.491855949925 5.998999043850126E-11
 3240.9470935308104 4.334224286687497E-11
 3274.60654114955 3.126556313340682E-11
 3308.470198806144 2.2518968348762238E-11
 3342.538066500592 1.619435252865466E-11
 3376.7960607820078 1.1628366780649921E-11
 3411.258265101278 8.337168896660894E-12
 3445.9105960075162 5.968597254539579E-12
 3480.7530535007218 4.266623412486223E-12
 3515.7926793063384 3.0455332760378254E-12
 3551.0224316989234 2.170783045963485E-12
 3586.435268953032 1.5450824588889537E-12
 3622.031191068666 1.098189768765384E-12
 3657.8172397712674 8.260145126668941E-13
 3693.77933160995 5.525003385435229E-13
 3729.917466584714 3.9109497030357786E-13
 3766.231644695559 2.7647523326426933E-13
 3802.7148242170424 1.9519400763129763E-13
 3839.374046874607 1.376325302732449E-13
 3876.195229217366 9.692408062837207E-14
 3913.1854129707635 6.817260934353272E-14
 3950.3375564093553 4.7892347083150324E-14
 3987.6516595331423 3.360532113939053E-14
 4025.1136388912373 2.3553309822394977E-14
 4062.737577934527 1.648947676399168E-14
 4100.509393212124 1.1531489437100639E-14
 4138.422042998588 8.05565740280621E-15
 4176.489610744803 5.621699225764747E-15
 4214.69097127444 3.919189949213085E-15
 4253.033166312941 2.729613309296293E-15
 4291.509154134864 1.8993177553227643E-15
 4330.11893474021 1.320372397659559E-15
 4368.848424678089 9.171040064063784E-16
 4407.711707399391 6.36463728006564E-16
 4446.694699453229 4.4134413669536975E-16
 4485.7903591141585 3.0581069115870085E-16
 4525.005728107623 2.1174256369332263E-16
 4564.333764708179 1.465084914777766E-16
 4603.7603854649415 1.0130556835348622E-16
 4643.292632103353 7.000533810510439E-17
 4682.930504623412 4.834928143890736E-17
 4722.659919574234 3.3374449043850133E-17
 4762.4808769558185 2.3025180828685328E-17
 4802.393376768165 1.587831004723979E-17
 4842.3833355603865 1.0948818725851769E-17
 4882.457795057928 7.543046934386423E-18
 4922.609713535345 5.196845564101078E-18
 4962.8390909926375 3.577845918963046E-18
 5003.131843978919 2.4631801954235424E-18
 5043.487972494191 1.69309379702638E-18
 5083.900434813008 1.1641934146327315E-18
 5124.376272660815 7.984735019683245E-19
 5164.901402586724 5.485481059331516E-19
 5205.475824590736 3.7477147823406077E-19
 5246.099538672851 2.5800864192738334E-19
 5286.758461382182 1.7548003541658036E-19
 5327.452592718729 1.1700877316945826E-19
 5368.174890957049 7.978609286016195E-20
 5408.932397822586 5.200157997861779E-20
 5449.711029864452 3.212570689187062E-20
 5490.503745357205 1.9002842599680097E-20
 5531.317586026288 1.0298129682996165E-20
