 0.2239320941656198 0.9999820865887525
 0.6750245326612387 1.000280795079267
 1.1326176436657451 1.0010462107238574
 1.5968120415894311 1.0022904868148443
 2.067693616782546 1.0039706513435687
 2.5453605296453756 1.0059678410378807
 3.0299109405782043 1.0081312712779864
 3.521443009981318 1.0103556989384073
 4.02006103328002 1.0125282487992369
 4.525857035849576 1.0145878661565595
 5.038941448140309 1.0165237983964237
 5.559412430552502 1.0183638220585265
 6.087380413536478 1.0201586685647321
 6.622943557492521 1.0218662512466936
 7.166261373071095 1.0236089774694455
 7.717309320172129 1.0253637234696225
 8.276394150046512 1.0272029128430729
 8.843454512444067 1.029155087336689
 9.418674458115332 1.0311386402134954
 10.002238037810836 1.0332801957796875
 10.594145251530582 1.0355620884576289
 11.194580150025107 1.0379112693648156
 11.803665433794764 1.0403366389335742
 12.421462453089731 1.0428077474300206
 13.048216608910725 1.0453488635130581
 13.683927901257741 1.0479380507484848
 14.328780380881316 1.050474759175862
 14.982896748281808 1.0529740808753016
 15.646461054209748 1.0554731780977724
 16.319534648915322 1.0579411234884464
 17.002301583149055 1.0603721732105647
 17.694823207161132 1.0627840968061797
 18.39734492195226 1.0651478723058145
 19.109928077772622 1.0674932718710823
 19.832756725372754 1.069791397317486
 20.565953565253007 1.0720526569944655
 21.30970264816392 1.0742318115216378
 22.06412667460585 1.076302460539594
 22.82934834507915 1.0782791494523907
 23.605551710334357 1.0800966221247734
 24.392920821122008 1.0817415611115628
 25.191578377942452 1.0832203718492168
 26.00170843154623 1.0844995548581766
 26.8234336824337 1.0855826296543258
 27.65693818135539 1.0864531147952763
 28.50240597906184 1.0871064642718573
 29.359959776053405 1.0875213719249905
 30.2298449733308 1.0876845806737918
 31.112122921144202 1.0875643040759995
 32.007100370744496 1.0868044771318464
 32.914900022632054 1.0863071573141692
 33.835705927557385 1.0851249955751296
 34.76964078602088 1.0835576043720088
 35.7170113492734 1.0815960990930953
 36.677878967565135 1.0792370662554904
 37.65255039214698 1.0765014147884884
 38.64114832351928 1.0733884118054873
 39.64385681243258 1.0699245774837967
 40.660921259887594 1.0661196247807199
 41.692525716634854 1.0619484402858261
 42.73891558367507 1.0573977907205945
 43.8002135615086 1.0524503733972892
 44.87672640138634 1.0471411413490093
 45.96857680380864 1.0415030945397374
 47.07601016977621 1.0355402524022772
 48.199271900289766 1.0292512897623962
 49.33854604609986 1.022664613284705
 50.49413935845736 1.0158155907229498
 51.66617453786263 1.008706762141565
 52.85489698531638 1.001358565714344
 54.06061345206951 0.9937943965623566
 55.28350798887254 0.9859577803447718
 56.523887346976394 0.9777950723793472
 57.78187422688139 0.9692797463443016
 59.05783673008861 0.960345582282904
 60.35189755709842 0.9509485659827208
 61.6643634591617 0.94104846595128
 62.9956638880297 0.9306565651491755
 64.34598289445297 0.9197643899691837
 65.7153204784315 0.9083567716831779
 67.10429014246705 0.896481447931425
 68.51289188655964 0.8841596442320194
 69.94112571070929 0.8714031446928251
 71.39021861991952 0.8583281718597184
 72.85955711168859 0.8449313363933709
 74.35036819102004 0.8312030716487465
 75.8614248529103 0.8171658988943717
 77.39456760486476 0.8028850419071537
 78.94918294438159 0.7884392164419192
 80.52588437396258 0.7738215603338968
 82.12528539610955 0.7590325726040995
 83.74738601082245 0.7440631686310334
 85.3921862181013 0.7289553385344975
 87.0602995204479 0.713723787133126
 88.75172591786223 0.6983834586656049
 90.46769241534786 0.6829008885551845
 92.20758551040299 0.6672914780934359
 93.97201870552944 0.6515869004679703
 95.76160550322896 0.6358946994559163
 97.57634590350158 0.6203924335491163
 99.41685340884904 0.6047904696587426
 101.28312801927137 0.5893125702361455
 103.17578323727035 0.5738265617921396
 105.09543256534778 0.5582509965689539
 107.04207600350362 0.5425579072477049
 109.01632705423968 0.5268030104846256
 111.01757221505416 0.511040264818347
 113.04765199345243 0.4952851669056117
 115.10656638943446 0.47955266757388154
 117.19431540300029 0.46378043218415194
 119.31089903414987 0.4479843852763402
 121.45815779038858 0.43231965038029313
 123.63486466671287 0.41685849686302495
 125.84224666812625 0.40158340201817533
 128.08091729713055 0.386536672287258
 130.35087655372578 0.3717408189798988
 132.6527379404137 0.3571209105507139
 134.98711495969607 0.34267901368255355
 137.3540076115729 0.3284951510443121
 139.754029398546 0.31453965104174353
 142.18718032061537 0.30078565406001806
 144.65530088528635 0.2872989561225082
 147.15716408755534 0.2740667109730697
 149.6946104349277 0.2610300563972202
 152.2670264249017 0.24821279232141422
 154.87563906248084 0.235609700371322
 157.52044834766517 0.22316717438631514
 160.2026812854582 0.21092964068933384
 162.92172437335822 0.1989512292539824
 165.67880461636872 0.18726845873149603
 168.47453551699152 0.17593494351560784
 171.30891707522665 0.1650040770039159
 174.18317629607762 0.15445758174497398
 177.09669967704266 0.14423956580840108
 180.05132772562712 0.13437079366955199
 183.04644693932926 0.12485358796968064
 186.08328432315258 0.11562604173475156
 189.1624533795989 0.10672243135095456
 192.28456761117 0.09816679642348272
 195.4490135153641 0.08990883040646923
 198.6582451021883 0.08197966801026767
 201.91103536663906 0.0744566065102788
 205.20922481622173 0.06734333565656817
 208.5528134509363 0.06063381157230788
 211.94302827578633 0.05435345434639165
 215.37925578827006 0.04849390650341953
 218.86333649589284 0.043028004876051365
 222.39527039865465 0.03793935705439595
 225.97567099905723 0.03322810899431727
 229.60515179960248 0.029116695896643903
 233.28493980529385 0.024958368509128893
 237.01503501613138 0.02142406332912065
 240.79605093461686 0.018265540441184384
 244.62921456575387 0.015466781054417239
 248.5145259095424 0.013023569941775262
 252.45382547348777 0.01092207380417828
 256.44588625258643 0.009150553385699756
 260.4931622568455 0.007655467629273886
 264.595653486265 0.006356803896478901
 268.75397344334675 0.0052200671118265195
 272.96873563059245 0.004215276472344038
 277.2411670530057 0.0033134861585645465
 281.57126771058654 0.002526584843673676
 285.96087811084027 0.0018549942997085783
 290.4093847512651 0.001256168334384734
 294.9186281393664 0.0006910752596556113
 299.4886082751442 0.0001619434406639801
 304.12055216360204 -0.0003327414657455841
 308.8156868097434 -0.0008078391343052331
 313.5733987110666 -0.0012657793055199699
 318.395528375077 -0.0016991013007306062
 323.2826893042763 -0.002077206800807607
 328.23610850366816 -0.0023716747081336644
 333.2557859732525 -0.0025713476339047866
 338.3423352155311 -0.0026776643377318995
 343.4975967380094 -0.0026805569467385198
 348.7221840431891 -0.002642273744713068
 354.01671063357196 -0.0026018573994871174
 359.3817900116598 -0.0025171099337952356
 364.8180356799545 -0.002465032305384178
 370.327901648463 -0.0024725431694206964
 375.91016091218194 -0.002558810636574128
 381.5672674811183 -0.0027538942442098917
 387.29922135527204 -0.003065612953928456
 393.10786304214867 -0.0034546155157312024
 398.9925790392464 -0.0038496163770967663
 404.9558233565722 -0.004189890298616613
 410.99759599412613 -0.004441539938649057
 417.1197374594136 -0.004502526403963
 423.3216342499328 -0.004452986628487181
 429.6057403756909 -0.004408151258083641
 435.9726693391895 -0.004127070877550897
 442.4230346429307 -0.0037599013742469836
 448.9580632919177 -0.0033614221726851446
 455.57836878865254 -0.0030034196883054606
 462.28517813813875 -0.0027394753876200184
 469.07971834537983 -0.0025649501011388767
 475.9626029128776 -0.002417337133547684
 482.93505884563564 -0.002243236088290356
 489.9983131486574 -0.0007248438698258681
 497.15297932444486 -0.0010611846677342723
 504.4002843780014 -0.0011387033110791618
 511.7414553143307 -0.001105298600101924
 519.1771056359345 -0.0010206237450259635
 526.7084623478164 -0.0009621970089157773
 534.3367524549798 -0.000896143393431676
 542.0632029624286 -0.0009024741573171744
 549.8884273726642 -0.0008952258873001748
 557.8142661931922 -0.0008593641991708453
 565.8407194240125 -0.0008426852808191707
 573.9696275726305 -0.0007447700830226642
 582.2022176440497 -0.0006264425301649926
 590.539103140772 -0.0005190896375717403
 598.9815110678009 -0.00045783008729253393
 607.5306684301399 -0.0004636007467483354
 616.1896427402979 -0.000514850268436676
 624.9565934907697 -0.0004919598848865038
 633.8278396665446 -0.00036874266788625024
 642.815651317658 -0.0002664645690376963
 651.9200284441101 0.000013977051722177289
 661.1348360208832 0.00025186129740912845
 670.4600740479771 0.00036631746708474356
 679.9080125754275 0.00036589168373157464
 689.4663815531986 0.00018613192535744982
 699.1474510313263 -0.00018408062038817552
 708.9512210098105 -0.0005900297286666174
 718.8715564636334 -0.0008401826727392468
 728.9145924178127 -0.0009390368983142917
 739.0803288723487 -0.001097476970909155
 749.3687658272411 -0.001505532738039197
 759.7860383075076 -0.0021274937623189504
 770.326011288131 -0.002685894285059687
 780.9948197941284 -0.0031580208583896797
 791.7985988505181 -0.003500264469158328
 802.7250784072642 -0.0035920500978330306
 813.7865285144024 -0.0035960543159325336
 824.982949171933 -0.0036478985603528202
 836.3143403798556 -0.0038220696084563964
 847.7745671131526 -0.00387594186927508
 859.3758994218595 -0.0037720608026829087
 871.1183373059763 -0.003685099258669965
 882.9957457404853 -0.0033058821188056754
 895.0081247253864 -0.002855462367531029
 907.1677443107154 -0.0027141533218948957
 919.4746044964722 -0.003018907379447767
 931.9164352326211 -0.003496231497127448
 944.5116415942157 -0.0039887638556010555
 957.2479535312201 -0.004550545940424208
 970.1315060686524 -0.005093455788427804
 983.1684342315305 -0.005199611079487962
 996.352602994836 -0.004961148906086778
 1009.6840123585696 -0.0046670483016382535
 1023.1749323727666 -0.004236625279195002
 1036.8130929873914 -0.0037641186872904285
 1050.6107642524796 -0.002894067762696469
 1064.5618111430135 -0.001951203459829097
 1078.6723686840107 -0.0013116196546469542
 1092.9424368754715 -0.0006249876100523616
 1107.3720157173955 0.00011622957665263298
 1121.9549701847654 0.00046554228250299007
 1136.7097053526343 0.0004660379998952201
 1151.6239511709666 0.00008211402231459126
 1166.6977076397625 -0.0005912478715822064
 1181.9432448090572 -0.001287376280862633
 1197.3544276538335 -0.0013835830550994355
 1212.931256174091 -0.0014296687389757593
 1228.6798653948474 -0.0015237478604691052
 1244.5941202910851 -0.0014512520264568425
 1260.6801558878221 -0.0011208191267773602
 1276.944107210076 -0.0006991117159544613
 1293.3737042078112 -0.0005833986032840781
 1309.981216931063 -0.0005020679955630848
 1326.7605103548142 -0.0004922479506859686
 1343.7177195040822 -0.00022863171974138392
 1360.858979403885 0.00006965054003908741
 1378.172020004187 0.0001656654241068821
 1395.6629763300057 0.00028870184325134824
 1413.3379834063594 0.0002222580628115993
 1431.1909062082298 -0.0004426294293757547
 1449.2217447356172 -0.0007967750569439342
 1467.4427690385571 -0.0008406650948726938
 1485.847844092032 -0.0007119402844791062
 1504.4308348710235 -0.0005527726422662989
 1523.2040114255678 -0.00034948857308181265
 1542.1612387306466 -0.00024016083483706081
 1561.3086518112784 -0.0001667966492329283
 1580.6401156424445 -0.00007528287729722421
 1600.167900274181 0.00000291395903818744
 1619.873600631435 0.00003929519359886758
 1639.7756217892588 0.00004902036660978331
 1659.8678287226355 0.00005026986834522644
 1680.1502214315644 0.000050198319069675055
 1700.628934941064 0.000048761721499143534
 1721.2916992010983 0.00004685669467882661
 1742.156919286721 0.00004574913880416494
 1763.206190122878 0.000044859841788471873
 1784.4579167846236 0.000044153488854470266
 1805.8998292219214 0.00004306126274169741
 1827.53806245979 0.000042109114087914754
 1849.366481473211 0.00004148310096249109
 1871.3973563122204 0.00004111330794227087
 1893.6184169267822 0.00004046918412500067
 1916.041933366932 0.00003989382957222918
 1938.6556355826347 0.00003991039452986592
 1961.4717936239254 0.00003996775104674434
 1984.478137440769 0.00003952179330939928
 2007.6869370832005 0.000039100972360839384
 2031.0920575262026 0.00003871021479517945
 2054.693498769775 0.00003833992253344725
 2078.491260813918 0.00003849127323871513
 2102.491478683649 0.00003815228811385994
 2126.6818823289327 0.000037817243026054956
 2151.074741799804 0.00003799793120080772
 2175.657787046229 0.00003768248220868491
 2200.4432881182415 0.00003785981211594958
 2225.4251099908242 0.0000375595355665159
 2250.6032526639774 0.00003726269344595989
 2275.9715811126835 0.000037452895273225386
 2301.542365386978 0.00003716301479188044
 2327.303335436825 0.00003735380222062294
 2353.260626287242 0.00003707378075508826
 2379.4142379382292 0.0000367917650116654
 2405.7641703897875 0.00003699004909026405
 2432.2981535918802 0.00003718249329980973
 2459.0284575945434 0.00003691301017754771
 2485.9550823977766 0.00003664950856276495
 2513.065757951545 0.000036843927710752016
 2540.3727543058835 0.00003658790189893189
 2567.863801410757 0.000036339547834687546
 2595.545034291183 0.00003653320154776021
 2623.410317922144 0.0000367273430521203
 2651.465787328657 0.00003648309001976564
 2679.7053074857054 0.000036676122942658596
 2708.1288783932882 0.00003686945582002134
 2736.7365000514055 0.00003663687555550341
 2765.52203743504 0.00003640723695730762
 2794.491625569209 0.00003659991472368682
 2823.6391294288956 0.00003679653748797231
 2852.9645490140983 0.00003657395474010887
 2882.4678843248184 0.000036765980677936865
 2912.149135361055 0.00003573715080180368
 2941.9960320727732 0.00003756074116102803
 2972.0208445100084 0.00003655568117975718
 3002.211302622725 0.000036332544906889274
 3032.5674064109226 0.0000401582783488404
 3063.095290899619 0.00003595361754084063
 3093.7888210637975 0.00003574288181228131
 3124.6418618784387 0.000039521062414415775
 3155.6544133435436 0.000039314432092736716
 3186.83261048413 0.00003521231909665905
 3218.164183250162 0.00003502048523054086
 3249.649131641639 0.00003873361887224408
 3281.287455658562 0.00003855000943888222
 3313.0730202759128 0.0000383681495740809
 3345.0119605187097 0.000038191635387435314
 3377.092006336916 0.00004181432936107882
 3409.31929275555 0.000041643589257104815
 3441.687684749594 0.00003768601422525813
 3474.197182319049 0.00003752984576327649
 3506.835515413877 0.00004110487344056808
 3539.6149540841157 0.000040951112735829266
 3572.523228279728 0.00004077991306817862
 3605.5542029756975 0.00004063555138419752
 3638.720148222059 0.00004046783334708467
 3672.0026589437593 0.00004399585511623843
 3705.4078701658154 0.00004019187198002837
 3738.929646863211 0.0000400394085446505
 3772.5679890359447 0.000043543163902502545
 3806.3106266339814 0.000043400906865908226
 3840.1698297073576 0.00004685907699775936
 3874.133328206036 0.00004673038524323064
 3908.194987105 0.00004300281733975005
 3942.3609414292673 0.00004644358369119688
 3976.625056153819 0.000046328965066747864
 4010.9750612286207 0.00004619962092094643
 4045.4170916786898 0.00004962552117841146
 4079.9511475040263 0.0000495022295826855
 4114.564958654594 0.00004938829912356832
 4149.258525130394 0.00004927489046533504
 4184.031846931426 0.00005267911969216217
 4218.872654007653 0.000052579519982617795
 4253.787081384095 0.00005246726429224233
 4288.768994035732 0.000055860266379746085
 4323.818391962566 0.000055762561641422984
 4358.9230051145605 0.000055674923236611485
 4394.082833491715 0.00005906412247093779
 4429.291742069012 0.00006244888413645115
 4464.55586587147 0.00006236201102870763
 4499.862934849052 0.00006574490696276933
 4535.21294900176 0.00006566829334096503
 4570.605908329591 0.00006904743440774258
 4606.029542782512 0.00007244257424795513
 4641.483852360522 0.00007238302409296067
 4676.962702038603 0.00007921550928058818
 4712.472226841774 0.00008260356735963354
 4748.000156719998 0.00008600728016103188
 4783.540356648258 0.00008940997846518448
 4819.098961651571 0.00009625329429515637
