 0. 0.
 0.2239320941656198 0.06432271474755824
 0.6750245326612387 0.1780298126851664
 1.1326176436657451 0.27909611733805273
 1.5968120415894311 0.3684038814282212
 2.067693616782546 0.4468393435104122
 2.5453605296453756 0.5154121077894446
 3.0299109405782043 0.5752705971554308
 3.521443009981318 0.6276210877525539
 4.02006103328002 0.6736271048916208
 4.525857035849576 0.7143277883806641
 5.038941448140309 0.7506014165368023
 5.559412430552502 0.7831642134329738
 6.087380413536478 0.812593808095862
 6.622943557492521 0.8393434669248035
 7.166261373071095 0.8637695156425492
 7.717309320172129 0.886161959567935
 8.276394150046512 0.9067440084871512
 8.843454512444067 0.9257042440354989
 9.418674458115332 0.9432006947050515
 10.002238037810836 0.9593757681205681
 10.594145251530582 0.9743382267725966
 11.194580150025107 0.9881885277209956
 11.803665433794764 1.0009937404296054
 12.421462453089731 1.0128171156046302
 13.048216608910725 1.0237131119517515
 13.683927901257741 1.0337457526575906
 14.328780380881316 1.042985806706947
 14.982896748281808 1.0515110220415416
 15.646461054209748 1.0594063717860591
 16.319534648915322 1.066741882856212
 17.002301583149055 1.0735791466619367
 17.694823207161132 1.0799663744463002
 18.39734492195226 1.085947289197598
 19.109928077772622 1.091558691125342
 19.832756725372754 1.0968144270801048
 20.565953565253007 1.1017385779622293
 21.30970264816392 1.1063382729731746
 22.06412667460585 1.1106390732402118
 22.82934834507915 1.1146632091682782
 23.605551710334357 1.1184403917984485
 24.392920821122008 1.1219811073080064
 25.191578377942452 1.125287587829362
 26.00170843154623 1.1283645414594097
 26.8234336824337 1.1312164834251692
 27.65693818135539 1.1338556560860789
 28.50240597906184 1.1362861724654263
 29.359959776053405 1.1385146195367655
 30.2298449733308 1.1405395610895654
 31.112122921144202 1.142367312252656
 32.007100370744496 1.1439909799594081
 32.914900022632054 1.14541665110068
 33.835705927557385 1.1466607042943355
 34.76964078602088 1.1477575848604937
 35.7170113492734 1.1487441420722244
 36.677878967565135 1.149638859472579
 37.65255039214698 1.150441951337519
 38.64114832351928 1.151127644244631
 39.64385681243258 1.1516805761804632
 40.660921259887594 1.152113909993763
 41.692525716634854 1.1524744647886271
 42.73891558367507 1.1528245359605627
 43.8002135615086 1.15320301183992
 44.87672640138634 1.1535891365950162
 45.96857680380864 1.1539207379095107
 47.07601016977621 1.1541408892666463
 48.199271900289766 1.1541952731331826
 49.33854604609986 1.1540631935831058
 50.49413935845736 1.15374199591655
 51.66617453786263 1.1532496646490054
 52.85489698531638 1.1525911669932163
 54.06061345206951 1.1517376713964018
 55.28350798887254 1.150631596689082
 56.523887346976394 1.1492280001844064
 57.78187422688139 1.147484114215054
 59.05783673008861 1.1453644600254478
 60.35189755709842 1.142856485514442
 61.6643634591617 1.139970737579411
 62.9956638880297 1.136728004274702
 64.34598289445297 1.1331489607397676
 65.7153204784315 1.1292462904990852
 67.10429014246705 1.1250245959945635
 68.51289188655964 1.120480271216756
 69.94112571070929 1.1155906188967428
 71.39021861991952 1.1103403092206445
 72.85955711168859 1.104683615053798
 74.35036819102004 1.0985734483810479
 75.8614248529103 1.0919529276220266
 77.39456760486476 1.0847768896956358
 78.94918294438159 1.0770675323821077
 80.52588437396258 1.0688944112500787
 82.12528539610955 1.0602721730460707
 83.74738601082245 1.051266535498399
 85.3921862181013 1.042025331254557
 87.0602995204479 1.0326869630779718
 88.75172591786223 1.0233422400110384
 90.46769241534786 1.0140263583421159
 92.20758551040299 1.0047133462477267
 93.97201870552944 0.9953702533514256
 95.76160550322896 0.9859537838903942
 97.57634590350158 0.9764220211296787
 99.41685340884904 0.9667097191324346
 101.28312801927137 0.9567395283166207
 103.17578323727035 0.9464906674744878
 105.09543256534778 0.9360880990991397
 107.04207600350362 0.9256202901823346
 109.01632705423968 0.9150164065944884
 111.01757221505416 0.9042386069671914
 113.04765199345243 0.8933307855004459
 115.10656638943446 0.882369421677165
 117.19431540300029 0.8713353434308697
 119.31089903414987 0.8600728557517956
 121.45815779038858 0.8483051244259239
 123.63486466671287 0.8358391839942316
 125.84224666812625 0.8226759936741935
 128.08091729713055 0.809017996081741
 130.35087655372578 0.7950013673931924
 132.6527379404137 0.7806489071072428
 134.98711495969607 0.765983100290543
 137.3540076115729 0.7509927534241735
 139.754029398546 0.7356064259665956
 142.18718032061537 0.719852705439068
 144.65530088528635 0.7038232884897812
 147.15716408755534 0.6876245250040727
 149.6946104349277 0.6714226909166355
 152.2670264249017 0.6552408231074451
 154.87563906248084 0.6389649067176817
 157.52044834766517 0.6226590945964842
 160.2026812854582 0.6064377965526967
 162.92172437335822 0.590295321205836
 165.67880461636872 0.5741643990350985
 168.47453551699152 0.5579871115465592
 171.30891707522665 0.5417377880132558
 174.18317629607762 0.525528058917969
 177.09669967704266 0.5093922173173369
 180.05132772562712 0.493290253576145
 183.04644693932926 0.47725816441936614
 186.08328432315258 0.46127407702422846
 189.1624533795989 0.4452827516464796
 192.28456761117 0.429254135208628
 195.4490135153641 0.4132829812969223
 198.6582451021883 0.3974604529839045
 201.91103536663906 0.3819607837211395
 205.20922481622173 0.36705949445283514
 208.5528134509363 0.35280614598733756
 211.94302827578633 0.3391282048106914
 215.37925578827006 0.32605133499043915
 218.86333649589284 0.3135630416164047
 222.39527039865465 0.30154517002662645
 225.97567099905723 0.2898685917193199
 229.60515179960248 0.2785515473960328
 233.28493980529385 0.267707764420412
 237.01503501613138 0.257430736598883
 240.79605093461686 0.2478633557025399
 244.62921456575387 0.23911645431163928
 248.5145259095424 0.23129205731184138
 252.45382547348777 0.22436718197710873
 256.44588625258643 0.2182935281174217
 260.4931622568455 0.21292837102518855
 264.595653486265 0.20798312593603163
 268.75397344334675 0.2033688094029422
 272.96873563059245 0.19917372069529338
 277.2411670530057 0.19532404188303226
 281.57126771058654 0.19165397972291245
 285.96087811084027 0.1879718908147771
 290.4093847512651 0.18419999352027364
 294.9186281393664 0.18041898602302178
 299.4886082751442 0.17689089149335102
 304.12055216360204 0.17397284196176
 308.8156868097434 0.171849070184536
 313.5733987110666 0.17039250121183247
 318.395528375077 0.16914935349444668
 323.2826893042763 0.16759926050497445
 328.23610850366816 0.16563330660332384
 333.2557859732525 0.16350010999221856
 338.3423352155311 0.16137038735697637
 343.4975967380094 0.15924615503306933
 348.7221840431891 0.15715578645110043
 354.01671063357196 0.15518253132186605
 359.3817900116598 0.1533632670209636
 364.8180356799545 0.1516946672902469
 370.327901648463 0.1501809580128895
 375.91016091218194 0.14881180205247813
 381.5672674811183 0.1476881956876676
 387.29922135527204 0.14712226037185633
 393.10786304214867 0.14716613671796225
 398.9925790392464 0.1473559137443869
 404.9558233565722 0.14731087651931743
 410.99759599412613 0.14712226037185633
 417.1197374594136 0.14714379391730326
 423.3216342499328 0.1475772481219493
 429.6057403756909 0.14820317215291515
 435.9726693391895 0.14863856427647765
 442.4230346429307 0.1489425012086775
 448.9580632919177 0.14946335502189873
 455.57836878865254 0.1501407498263173
 462.28517813813875 0.1504966759205757
 469.07971834537983 0.15071498447156553
 475.9626029128776 0.15169131761079652
 482.93505884563564 0.15339814908210847
 489.9983131486574 0.15547021540675388
 497.15297932444486 0.15733237447845622
 504.4002843780014 0.15884906206175256
 511.7414553143307 0.16012103455954144
 519.1771056359345 0.16090053229143558
 526.7084623478164 0.1611347963583999
 534.3367524549798 0.16119877918045555
 542.0632029624286 0.16166111153711324
 549.8884273726642 0.16242898647063375
 557.8142661931922 0.16294763645938784
 565.8407194240125 0.16334830657464192
 573.9696275726305 0.16408934423094435
 582.2022176440497 0.16539348695062842
 590.539103140772 0.1664882677201791
 598.9815110678009 0.16612396251507064
 607.5306684301399 0.16430614679690617
 616.1896427402979 0.1616956823394045
 624.9565934907697 0.15914476788101514
 633.8278396665446 0.15729874489926832
 642.815651317658 0.1558651777027812
 651.9200284441101 0.15438945883129554
 661.1348360208832 0.1530497518904928
 670.4600740479771 0.15227992276828403
 679.9080125754275 0.15191951780576352
 689.4663815531986 0.15019250094868025
 699.1474510313263 0.1466073606963339
 708.9512210098105 0.14314734311156974
 718.8715564636334 0.14038537951976932
 728.9145924178127 0.1393231938141314
 739.0803288723487 0.1402692950654997
 749.3687658272411 0.14118217305263125
 759.7860383075076 0.14072222631739648
 770.326011288131 0.1393785326334412
 780.9948197941284 0.13860199419733799
 791.7985988505181 0.13868564133090847
 802.7250784072642 0.13856662301028827
 813.7865285144024 0.14156189235661215
 824.982949171933 0.1500100984147219
 836.3143403798556 0.15907676475933488
 847.7745671131526 0.16354397869375983
 859.3758994218595 0.16330127377178244
 871.1183373059763 0.16126032708615912
 882.9957457404853 0.15892280500432784
 895.0081247253864 0.15765462594105772
 907.1677443107154 0.15839946790008363
 919.4746044964722 0.16170363073006683
 931.9164352326211 0.1636893923931879
 944.5116415942157 0.16269099838501186
 957.2479535312201 0.16087043565240025
 970.1315060686524 0.1607289803448337
 983.1684342315305 0.1635505579841065
 996.352602994836 0.16797655905677852
 1009.6840123585696 0.16902915120068282
 1023.1749323727666 0.16359148984527128
 1036.8130929873914 0.15494177567979128
 1050.6107642524796 0.14614914903911413
 1064.5618111430135 0.1403151013204681
 1078.6723686840107 0.1347422365795803
 1092.9424368754715 0.12964009205491958
 1107.3720157173955 0.12636183670477555
 1121.9549701847654 0.12144281299816244
 1136.7097053526343 0.12073388533471047
 1151.6239511709666 0.12303001010602195
 1166.6977076397625 0.12539494813159613
 1181.9432448090572 0.12385037422850981
 1197.3544276538335 0.1183129281819261
 1212.931256174091 0.1104296630128766
 1228.6798653948474 0.10232283232244169
 1244.5941202910851 0.09689950150798737
 1260.6801558878221 0.09418148443280296
 1276.944107210076 0.09771625346541069
 1293.3737042078112 0.10357562024905556
 1309.981216931063 0.10419421439785741
 1326.7605103548142 0.10246440801246359
 1343.7177195040822 0.10313778868430132
 1360.858979403885 0.10657523352670942
 1378.172020004187 0.10685056537112642
 1395.6629763300057 0.10178069945087091
 1413.3379834063594 0.09495898459345345
 1431.1909062082298 0.08272086581185367
 1449.2217447356172 0.06597662859740663
 1467.4427690385571 0.05020492681466914
 1485.847844092032 0.037652340661804694
 1504.4308348710235 0.031849625162029924
 1523.2040114255678 0.02753494447813266
 1542.1612387306466 0.023492852671472032
 1561.3086518112784 0.0203913933941509
 1580.6401156424445 0.018166974835951127
 1600.167900274181 0.016122473598155183
 1619.873600631435 0.01374582090955889
 1639.7756217892588 0.011298178678718579
 1659.8678287226355 0.009352958922135685
 1680.1502214315644 0.007930024593365517
 1700.628934941064 0.006848818828007475
 1721.2916992010983 0.005985932857798008
 1742.156919286721 0.00527237793939202
 1763.206190122878 0.004667513219105458
 1784.4579167846236 0.004145668778101472
 1805.8998292219214 0.003689762333184202
 1827.53806245979 0.00328787248253006
 1849.366481473211 0.0029313642292100807
 1871.3973563122204 0.0026137258725566566
 1893.6184169267822 0.0023299330007135834
 1916.041933366932 0.0020759085454833182
 1938.6556355826347 0.0018483094291596156
 1961.4717936239254 0.0016443107419634847
 1984.478137440769 0.0014614730839935196
 2007.6869370832005 0.0012976683709087138
 2031.0920575262026 0.0011510081968373537
 2054.693498769775 0.0010198078334178362
 2078.491260813918 0.000902551228979562
 2102.491478683649 0.0007978648534810191
 2126.6818823289327 0.0007045096525336293
 2151.074741799804 0.0006213563670953192
 2175.657787046229 0.0005473813338719279
 2200.4432881182415 0.00048165318083988725
 2225.4251099908242 0.0004233265666287676
 2250.6032526639774 0.0003716334092278576
 2275.9715811126835 0.00032587802998644756
 2301.542365386978 0.0002854295614529849
 2327.303335436825 0.00024971711116934656
 2353.260626287242 0.0002182272469291086
 2379.4142379382292 0.00019049499760543647
 2405.7641703897875 0.0001661021903611907
 2432.2981535918802 0.0001446734914965169
 2459.0284575945434 0.00012587172225283976
 2485.9550823977766 0.00010939493019158578
 2513.065757951545 0.00009497314787575087
 2540.3727543058835 0.00008236454906476045
 2567.863801410757 0.00007135495039461932
 2595.545034291183 0.00006175236642277588
 2623.410317922144 0.000053386749615853033
 2651.465787328657 0.00004610718633150667
 2679.7053074857054 0.000039779796396597527
 2708.1288783932882 0.0000342863135236363
 2736.7365000514055 0.000029522031283435745
 2765.52203743504 0.00002539471697796586
 2794.491625569209 0.00002182323145900955
 2823.6391294288956 0.000018735933675484667
 2852.9645490140983 0.00001607005255451817
 2882.4678843248184 0.000013770500491563734
 2912.149135361055 0.00001178902785220491
 2941.9960320727732 0.00001008336236687108
 2972.0208445100084 0.000008616630448976487
 3002.211302622725 0.000007356637156646461
 3032.5674064109226 0.0000062753154897753626
 3063.095290899619 0.000005348240151397408
 3093.7888210637975 0.000004554180553606294
 3124.6418618784387 0.000003874715169530626
 3155.6544133435436 0.000003293848835590659
 3186.83261048413 0.000002797732024791647
 3218.164183250162 0.000002374409577563692
 3249.649131641639 0.0000020135160437966495
 3281.287455658562 0.0000017061233115370877
 3313.0730202759128 0.0000014445329463682806
 3345.0119605187097 0.0000012221147635051904
 3377.092006336916 0.0000010331644205682007
 3409.31929275555 8.727817375840704E-7
 3441.687684749594 7.367611101070422E-7
 3474.197182319049 6.214958523653999E-7
 3506.835515413877 5.238983286948758E-7
 3539.6149540841157 4.413249278576515E-7
 3572.523228279728 3.715175754351547E-7
 3605.5542029756975 3.125471656499107E-7
 3638.720148222059 2.627685794460752E-7
 3672.0026589437593 2.207801419539952E-7
 3705.4078701658154 1.8538801357495086E-7
 3738.929646863211 1.5557687911449585E-7
 3772.5679890359447 1.3048395518462932E-7
 3806.3106266339814 1.0937662249123432E-7
 3840.1698297073576 9.163351475247398E-8
 3874.133328206036 7.672794583171892E-8
 3908.194987105 6.421402682993546E-8
 3942.3609414292673 5.371444295638968E-8
 3976.625056153819 4.491012275541561E-8
 4010.9750612286207 3.753172335550683E-8
 4045.4170916786898 3.135172835246828E-8
 4079.9511475040263 2.6178394595826852E-8
 4114.564958654594 2.185008692257429E-8
 4149.258525130394 1.8230732345740314E-8
 4184.031846931426 1.520579640211371E-8
 4218.872654007653 1.2678995780788572E-8
 4253.787081384095 1.0569404616658617E-8
 4288.768994035732 8.809116256643979E-9
 4323.818391962566 7.341181746071885E-9
 4358.9230051145605 6.117811326994866E-9
 4394.082833491715 5.099012788890471E-9
 4429.291742069012 4.251323582178027E-9
 4464.55586587147 3.546777201116048E-9
 4499.862934849052 2.962037886018972E-9
 4535.21294900176 2.477656593976505E-9
 4570.605908329591 2.0774744913777456E-9
 4606.029542782512 1.748087318364794E-9
 4641.483852360522 1.4784455498853443E-9
 4676.962702038603 1.2594839869200355E-9
 4712.472226841774 1.0838258712713542E-9
 4748.000156719998 9.455681001431627E-10
 4783.540356648258 8.400624944582381E-10
 4819.098961651571 7.637873517339095E-10
 4854.663701679901 7.14234472505793E-10
 4890.23457673325 6.898586223158774E-10
